Authors,Title,Year,Source title,Volume,Issue,Art. No.,Page start,Page end,Page count,Cited by,DOI,Link,Document Type,Source,EID
"Aasi, J., Abbott, B.P., Abbott, R., Abbott, T., Abernathy, M.R., Accadia, T., Acernese, F., Ackley, K., Adams, C., Adams, T., Addesso, P., Adhikari, R.X., Affeldt, C., Agathos, M., Aggarwal, N., Aguiar, O.D., Ain, A., Ajith, P., Alemic, A., Allen, B., Allocca, A., Amariutei, D., Andersen, M., Anderson, R., Anderson, S.B., Anderson, W.G., Arai, K., Araya, M.C., Arceneaux, C., Areeda, J., Aston, S.M., Astone, P., Aufmuth, P., Aulbert, C., Austin, L., Aylott, B.E., Babak, S., Baker, P.T., Ballardin, G., Ballmer, S.W., Barayoga, J.C., Barbet, M., Barish, B.C., Barker, D., Barone, F., Barr, B., Barsotti, L., Barsuglia, M., Barton, M.A., Bartos, I., Bassiri, R., Basti, A., Batch, J.C., Bauchrowitz, J., Bauer, T.S., Behnke, B., Bejger, M., Beker, M.G., Belczynski, C., Bell, A.S., Bell, C., Bergmann, G., Bersanetti, D., Bertolini, A., Betzwieser, J., Beyersdorf, P.T., Bilenko, I.A., Billingsley, G., Birch, J., Biscans, S., Bitossi, M., Bizouard, M.A., Black, E., Blackburn, J.K., Blackburn, L., Blair, D., Bloemen, S., Blom, M., Bock, O., Bodiya, T.P., Boer, M., Bogaert, G., Bogan, C., Bond, C., Bondu, F., Bonelli, L., Bonnand, R., Bork, R., Born, M., Boschi, V., Bose, S., Bosi, L., Bradaschia, C., Brady, P.R., Braginsky, V.B., Branchesi, M., Brau, J.E., Briant, T., Bridges, D.O., Brillet, A., Brinkmann, M., Brisson, V., Brooks, A.F., Brown, D.A., Brown, D.D., Brückner, F., Buchman, S., Bulik, T., Bulten, H.J., Buonanno, A., Burman, R., Buskulic, D., Buy, C., Cadonati, L., Cagnoli, G., Bustillo, J.C., Calloni, E., Camp, J.B., Campsie, P., Cannon, K.C., Canuel, B., Cao, J., Capano, C.D., Carbognani, F., Carbone, L., Caride, S., Castiglia, A., Caudill, S., Cavaglià, M., Cavalier, F., Cavalieri, R., Celerier, C., Cella, G., Cepeda, C., Cesarini, E., Chakraborty, R., Chalermsongsak, T., Chamberlin, S.J., Chao, S., Charlton, P., Chassande-Mottin, E., Chen, X., Chen, Y., Chincarini, A., Chiummo, A., Cho, H.S., Chow, J., Christensen, N., Chu, Q., Chua, S.S.Y., Chung, S., Ciani, G., Clara, F., Clark, J.A., Cleva, F., Coccia, E., Cohadon, P.-F., Colla, A., Collette, C., Colombini, M., Cominsky, L., Constancio, M., Conte, A., Cook, D., Corbitt, T.R., Cordier, M., Cornish, N., Corpuz, A., Corsi, A., Costa, C.A., Coughlin, M.W., Coughlin, S., Coulon, J.-P., Countryman, S., Couvares, P., Coward, D.M., Cowart, M., Coyne, D.C., Coyne, R., Craig, K., Creighton, J.D.E., Crowder, S.G., Cumming, A., Cunningham, L., Cuoco, E., Dahl, K., Canton, T.D., Damjanic, M., Danilishin, S.L., D'Antonio, S., Danzmann, K., Dattilo, V., Daveloza, H., Davier, M., Davies, G.S., Daw, E.J., Day, R., Dayanga, T., Debreczeni, G., Degallaix, J., Deléglise, S., Del Pozzo, W., Denker, T., Dent, T., Dereli, H., Dergachev, V., De Rosa, R., Derosa, R.T., Desalvo, R., Dhurandhar, S., Díaz, M., Di Fiore, L., Di Lieto, A., Di Palma, I., Di Virgilio, A., Donath, A., Donovan, F., Dooley, K.L., Doravari, S., Dossa, S., Douglas, R., Downes, T.P., Drago, M., Drever, R.W.P., Driggers, J.C., Du, Z., Dwyer, S., Eberle, T., Edo, T., Edwards, M., Effler, A., Eggenstein, H., Ehrens, P., Eichholz, J., Eikenberry, S.S., Endroczi, G., Essick, R., Etzel, T., Evans, M., Evans, T., Factourovich, M., Fafone, V., Fairhurst, S., Fang, Q., Farinon, S., Farr, B., Farr, W.M., Favata, M., Fehrmann, H., Fejer, M.M., Feldbaum, D., Feroz, F., Ferrante, I., Ferrini, F., Fidecaro, F., Finn, L.S., Fiori, I., Fisher, R.P., Flaminio, R., Fournier, J.-D., Franco, S., Frasca, S., Frasconi, F., Frede, M., Frei, Z., Freise, A., Frey, R., Fricke, T.T., Fritschel, P., Frolov, V.V., Fulda, P., Fyffe, M., Gair, J., Gammaitoni, L., Gaonkar, S., Garufi, F., Gehrels, N., Gemme, G., Genin, E., Gennai, A., Ghosh, S., Giaime, J.A., Giardina, K.D., Giazotto, A., Gill, C., Gleason, J., Goetz, E., Goetz, R., Gondan, L., González, G., Gordon, N., Gorodetsky, M.L., Gossan, S., Goßler, S., Gouaty, R., Gräf, C., Graff, P.B., Granata, M., Grant, A., Gras, S., Gray, C., Greenhalgh, R.J.S., Gretarsson, A.M., Groot, P., Grote, H., Grover, K., Grunewald, S., Guidi, G.M., Guido, C., Gushwa, K., Gustafson, E.K., Gustafson, R., Hammer, D., Hammond, G., Hanke, M., Hanks, J., Hanna, C., Hanson, J., Harms, J., Harry, G.M., Harry, I.W., Harstad, E.D., Hart, M., Hartman, M.T., Haster, C.-J., Haughian, K., Heidmann, A., Heintze, M., Heitmann, H., Hello, P., Hemming, G., Hendry, M., Heng, I.S., Heptonstall, A.W., Heurs, M., Hewitson, M., Hild, S., Hoak, D., Hodge, K.A., Holt, K., Hooper, S., Hopkins, P., Hosken, D.J., Hough, J., Howell, E.J., Hu, Y., Huerta, E., Hughey, B., Husa, S., Huttner, S.H., Huynh, M., Huynh-Dinh, T., Ingram, D.R., Inta, R., Isogai, T., Ivanov, A., Iyer, B.R., Izumi, K., Jacobson, M., James, E., Jang, H., Jaranowski, P., Ji, Y., Jiménez-Forteza, F., Johnson, W.W., Jones, D.I., Jones, R., Jonker, R.J.G., Ju, L., Kalmus, P., Kalogera, V., Kandhasamy, S., Kang, G., Kanner, J.B., Karlen, J., Kasprzack, M., Katsavounidis, E., Katzman, W., Kaufer, H., Kawabe, K., Kawazoe, F., Kéfélian, F., Keiser, G.M., Keitel, D., Kelley, D.B., Kells, W., Khalaidovski, A., Khalili, F.Y., Khazanov, E.A., Kim, C., Kim, K., Kim, N., Kim, N.G., Kim, Y.-M., King, E.J., King, P.J., Kinzel, D.L., Kissel, J.S., Klimenko, S., Kline, J., Koehlenbeck, S., Kokeyama, K., Kondrashov, V., Koranda, S., Korth, W.Z., Kowalska, I., Kozak, D.B., Kremin, A., Kringel, V., Królak, A., Kuehn, G., Kumar, A., Kumar, P., Kumar, R., Kuo, L., Kutynia, A., Kwee, P., Landry, M., Lantz, B., Larson, S., Lasky, P.D., Lawrie, C., Lazzarini, A., Lazzaro, C., Leaci, P., Leavey, S., Lebigot, E.O., Lee, C.-H., Lee, H.K., Lee, H.M., Lee, J., Leonardi, M., Leong, J.R., Le Roux, A., Leroy, N., Letendre, N., Levin, Y., Levine, B., Lewis, J., Li, T.G.F., Libbrecht, K., Libson, A., Lin, A.C., Littenberg, T.B., Litvine, V., Lockerbie, N.A., Lockett, V., Lodhia, D., Loew, K., Logue, J., Lombardi, A.L., Lorenzini, M., Loriette, V., Lormand, M., Losurdo, G., Lough, J., Lubinski, M.J., Lück, H., Luijten, E., Lundgren, A.P., Lynch, R., Ma, Y., Macarthur, J., Macdonald, E.P., Macdonald, T., Machenschalk, B., Macinnis, M., Macleod, D.M., Magana-Sandoval, F., Mageswaran, M., Maglione, C., Mailand, K., Majorana, E., Maksimovic, I., Malvezzi, V., Man, N., Manca, G.M., Mandel, I., Mandic, V., Mangano, V., Mangini, N., Mantovani, M., Marchesoni, F., Marion, F., Márka, S., Márka, Z., Markosyan, A., Maros, E., Marque, J., Martelli, F., Martin, I.W., Martin, R.M., Martinelli, L., Martynov, D., Marx, J.N., Mason, K., Masserot, A., Massinger, T.J., Matichard, F., Matone, L., Matzner, R.A., Mavalvala, N., Mazumder, N., Mazzolo, G., McCarthy, R., McClelland, D.E., McGuire, S.C., McIntyre, G., McIver, J., McLin, K., Meacher, D., Meadors, G.D., Mehmet, M., Meidam, J., Meinders, M., Melatos, A., Mendell, G., Mercer, R.A., Meshkov, S., Messenger, C., Meyers, P., Miao, H., Michel, C., Mikhailov, E.E., Milano, L., Milde, S., Miller, J., Minenkov, Y., Mingarelli, C.M.F., Mishra, C., Mitra, S., Mitrofanov, V.P., Mitselmakher, G., Mittleman, R., Moe, B., Moesta, P., Mohan, M., Mohapatra, S.R.P., Moraru, D., Moreno, G., Morgado, N., Morriss, S.R., Mossavi, K., Mours, B., Mow-Lowry, C.M., Mueller, C.L., Mueller, G., Mukherjee, S., Mullavey, A., Munch, J., Murphy, D., Murray, P.G., Mytidis, A., Nagy, M.F., Kumar, D.N., Nardecchia, I., Naticchioni, L., Nayak, R.K., Necula, V., Nelemans, G., Neri, I., Neri, M., Newton, G., Nguyen, T., Nitz, A., Nocera, F., Nolting, D., Normandin, M.E.N., Nuttall, L.K., Ochsner, E., O'Dell, J., Oelker, E., Oh, J.J., Oh, S.H., Ohme, F., Oppermann, P., O'Reilly, B., O'Shaughnessy, R., Osthelder, C., Ottaway, D.J., Ottens, R.S., Overmier, H., Owen, B.J., Padilla, C., Pai, A., Palashov, O., Palomba, C., Pan, H., Pan, Y., Pankow, C., Paoletti, F., Paoletti, R., Paris, H., Pasqualetti, A., Passaquieti, R., Passuello, D., Pedraza, M., Penn, S., Perreca, A., Phelps, M., Pichot, M., Pickenpack, M., Piergiovanni, F., Pierro, V., Pinard, L., Pinto, I.M., Pitkin, M., Poeld, J., Poggiani, R., Poteomkin, A., Powell, J., Prasad, J., Premachandra, S., Prestegard, T., Price, L.R., Prijatelj, M., Privitera, S., Prodi, G.A., Prokhorov, L., Puncken, O., Punturo, M., Puppo, P., Qin, J., Quetschke, V., Quintero, E., Quiroga, G., Quitzow-James, R., Raab, F.J., Rabeling, D.S., Rácz, I., Radkins, H., Raffai, P., Raja, S., Rajalakshmi, G., Rakhmanov, M., Ramet, C., Ramirez, K., Rapagnani, P., Raymond, V., Re, V., Read, J., Reed, C.M., Regimbau, T., Reid, S., Reitze, D.H., Rhoades, E., Ricci, F., Riles, K., Robertson, N.A., Robinet, F., Rocchi, A., Rodruck, M., Rolland, L., Rollins, J.G., Romano, J.D., Romano, R., Romanov, G., Romie, J.H., Rosińska, D., Rowan, S., Rüdiger, A., Ruggi, P., Ryan, K., Salemi, F., Sammut, L., Sandberg, V., Sanders, J.R., Sannibale, V., Santiago-Prieto, I., Saracco, E., Sassolas, B., Sathyaprakash, B.S., Saulson, P.R., Savage, R., Scheuer, J., Schilling, R., Schnabel, R., Schofield, R.M.S., Schreiber, E., Schuette, D., Schutz, B.F., Scott, J., Scott, S.M., Sellers, D., Sengupta, A.S., Sentenac, D., Sequino, V., Sergeev, A., Shaddock, D., Shah, S., Shahriar, M.S., Shaltev, M., Shapiro, B., Shawhan, P., Shoemaker, D.H., Sidery, T.L., Siellez, K., Siemens, X., Sigg, D., Simakov, D., Singer, A., Singer, L., Singh, R., Sintes, A.M., Slagmolen, B.J.J., Slutsky, J., Smith, J.R., Smith, M., Smith, R.J.E., Smith-Lefebvre, N.D., Son, E.J., Sorazu, B., Souradeep, T., Sperandio, L., Staley, A., Stebbins, J., Steinlechner, J., Steinlechner, S., Stephens, B.C., Steplewski, S., Stevenson, S., Stone, R., Stops, D., Strain, K.A., Straniero, N., Strigin, S., Sturani, R., Stuver, A.L., Summerscales, T.Z., Susmithan, S., Sutton, P.J., Swinkels, B., Tacca, M., Talukder, D., Tanner, D.B., Tarabrin, S.P., Taylor, R., Ter Braack, A.P.M., Thirugnanasambandam, M.P., Thomas, M., Thomas, P., Thorne, K.A., Thorne, K.S., Thrane, E., Tiwari, V., Tokmakov, K.V., Tomlinson, C., Toncelli, A., Tonelli, M., Torre, O., Torres, C.V., Torrie, C.I., Travasso, F., Traylor, G., Tse, M., Ugolini, D., Unnikrishnan, C.S., Urban, A.L., Urbanek, K., Vahlbruch, H., Vajente, G., Valdes, G., Vallisneri, M., Van Den Brand, J.F.J., Van Den Broeck, C., Van Der Putten, S., Van Der Sluys, M.V., Van Heijningen, J., Van Veggel, A.A., Vass, S., Vasúth, M., Vaulin, R., Vecchio, A., Vedovato, G., Veitch, J., Veitch, P.J., Venkateswara, K., Verkindt, D., Verma, S.S., Vetrano, F., Viceré, A., Vincent-Finley, R., Vinet, J.-Y., Vitale, S., Vo, T., Vocca, H., Vorvick, C., Vousden, W.D., Vyachanin, S.P., Wade, A., Wade, L., Wade, M., Walker, M., Wallace, L., Wang, M., Wang, X., Ward, R.L., Was, M., Weaver, B., Wei, L.-W., Weinert, M., Weinstein, A.J., Weiss, R., Welborn, T., Wen, L., Wessels, P., West, M., Westphal, T., Wette, K., Whelan, J.T., White, D.J., Whiting, B.F., Wiesner, K., Wilkinson, C., Williams, K., Williams, L., Williams, R., Williams, T., Williamson, A.R., Willis, J.L., Willke, B., Wimmer, M., Winkler, W., Wipf, C.C., Wiseman, A.G., Wittel, H., Woan, G., Worden, J., Yablon, J., Yakushin, I., Yamamoto, H., Yancey, C.C., Yang, H., Yang, Z., Yoshida, S., Yvert, M., Zadrożny, A., Zanolin, M., Zendri, J.-P., Zhang, F., Zhang, L., Zhao, C., Zhu, X.J., Zucker, M.E., Zuraw, S., Zweizig, J.","Improved upper limits on the stochastic gravitational-wave background from 2009-2010 LIGO and Virgo data",2014,"Physical Review Letters","113","23", 231101,"","",,43,10.1103/PhysRevLett.113.231101,"https://www.scopus.com/inward/record.uri?eid=2-s2.0-84918560574&doi=10.1103%2fPhysRevLett.113.231101&partnerID=40&md5=1ac459ef67bd9a7344eb599f20572cad",Article,Scopus,2-s2.0-84918560574
"Aartsen, M.G., Ackermann, M., Adams, J., Aguilar, J.A., Ahlers, M., Ahrens, M., Altmann, D., Anderson, T., Arguelles, C., Arlen, T.C., Auffenberg, J., Bai, X., Barwick, S.W., Baum, V., Beatty, J.J., Becker Tjus, J., Becker, K.-H., Benzvi, S., Berghaus, P., Berley, D., Bernardini, E., Bernhard, A., Besson, D.Z., Binder, G., Bindig, D., Bissok, M., Blaufuss, E., Blumenthal, J., Boersma, D.J., Bohm, C., Bos, F., Bose, D., Böser, S., Botner, O., Brayeur, L., Bretz, H.-P., Brown, A.M., Casey, J., Casier, M., Chirkin, D., Christov, A., Christy, B., Clark, K., Classen, L., Clevermann, F., Coenders, S., Cowen, D.F., Cruz Silva, A.H., Danninger, M., Daughhetee, J., Davis, J.C., Day, M., De André, J.P.A.M., De Clercq, C., De Ridder, S., Desiati, P., De Vries, K.D., De With, M., Deyoung, T., Díaz-Vélez, J.C., Dunkman, M., Eagan, R., Eberhardt, B., Eichmann, B., Eisch, J., Euler, S., Evenson, P.A., Fadiran, O., Fazely, A.R., Fedynitch, A., Feintzeig, J., Felde, J., Feusels, T., Filimonov, K., Finley, C., Fischer-Wasels, T., Flis, S., Franckowiak, A., Frantzen, K., Fuchs, T., Gaisser, T.K., Gallagher, J., Gerhardt, L., Gier, D., Gladstone, L., Glüsenkamp, T., Goldschmidt, A., Golup, G., Gonzalez, J.G., Goodman, J.A., Góra, D., Grandmont, D.T., Grant, D., Gretskov, P., Groh, J.C., Groß, A., Ha, C., Haack, C., Haj Ismail, A., Hallen, P., Hallgren, A., Halzen, F., Hanson, K., Hebecker, D., Heereman, D., Heinen, D., Helbing, K., Hellauer, R., Hellwig, D., Hickford, S., Hill, G.C., Hoffman, K.D., Hoffmann, R., Homeier, A., Hoshina, K., Huang, F., Huelsnitz, W., Hulth, P.O., Hultqvist, K., Hussain, S., Ishihara, A., Jacobi, E., Jacobsen, J., Jagielski, K., Japaridze, G.S., Jero, K., Jlelati, O., Jurkovic, M., Kaminsky, B., Kappes, A., Karg, T., Karle, A., Kauer, M., Kelley, J.L., Kheirandish, A., Kiryluk, J., Kläs, J., Klein, S.R., Köhne, J.-H., Kohnen, G., Kolanoski, H., Koob, A., Köpke, L., Kopper, C., Kopper, S., Koskinen, D.J., Kowalski, M., Kriesten, A., Krings, K., Kroll, G., Kroll, M., Kunnen, J., Kurahashi, N., Kuwabara, T., Labare, M., Larsen, D.T., Larson, M.J., Lesiak-Bzdak, M., Leuermann, M., Leute, J., Lünemann, J., Macías, O., Madsen, J., Maggi, G., Maruyama, R., Mase, K., Matis, H.S., McNally, F., Meagher, K., Medici, M., Meli, A., Meures, T., Miarecki, S., Middell, E., Middlemas, E., Milke, N., Miller, J., Mohrmann, L., Montaruli, T., Morse, R., Nahnhauer, R., Naumann, U., Niederhausen, H., Nowicki, S.C., Nygren, D.R., Obertacke, A., Odrowski, S., Olivas, A., Omairat, A., O'Murchadha, A., Palczewski, T., Paul, L., Penek, O., Pepper, J.A., Pérez De Los Heros, C., Pfendner, C., Pieloth, D., Pinat, E., Posselt, J., Price, P.B., Przybylski, G.T., Pütz, J., Quinnan, M., Rädel, L., Rameez, M., Rawlins, K., Redl, P., Rees, I., Reimann, R., Resconi, E., Rhode, W., Richman, M., Riedel, B., Robertson, S., Rodrigues, J.P., Rongen, M., Rott, C., Ruhe, T., Ruzybayev, B., Ryckbosch, D., Saba, S.M., Sander, H.-G., Sandroos, J., Santander, M., Sarkar, S., Schatto, K., Scheriau, F., Schmidt, T., Schmitz, M., Schoenen, S., Schöneberg, S., Schönwald, A., Schukraft, A., Schulte, L., Schulz, O., Seckel, D., Sestayo, Y., Seunarine, S., Shanidze, R., Sheremata, C., Smith, M.W.E., Soldin, D., Spiczak, G.M., Spiering, C., Stamatikos, M., Stanev, T., Stanisha, N.A., Stasik, A., Stezelberger, T., Stokstad, R.G., Stößl, A., Strahler, E.A., Ström, R., Strotjohann, N.L., Sullivan, G.W., Taavola, H., Taboada, I., Tamburro, A., Tepe, A., Ter-Antonyan, S., Terliuk, A., Tešić, G., Tilav, S., Toale, P.A., Tobin, M.N., Tosi, D., Tselengidou, M., Unger, E., Usner, M., Vallecorsa, S., Van Eijndhoven, N., Vandenbroucke, J., Van Santen, J., Vehring, M., Voge, M., Vraeghe, M., Walck, C., Wallraff, M., Weaver, C., Wellons, M., Wendt, C., Westerhoff, S., Whelan, B.J., Whitehorn, N., Wichary, C., Wiebe, K., Wiebusch, C.H., Williams, D.R., Wissing, H., Wolf, M., Wood, T.R., Woschnagg, K., Xu, D.L., Xu, X.W., Yanez, J.P., Yodh, G., Yoshida, S., Zarzhitsky, P., Ziemann, J., Zierke, S., Zoll, M., Aasi, J., Abbott, B.P., Abbott, R., Abbott, T., Abernathy, M.R., Acernese, F., Ackley, K., Adams, C., Adams, T., Addesso, P., Adhikari, R.X., Affeldt, C., Agathos, M., Aggarwal, N., Aguiar, O.D., Ajith, P., Alemic, A., Allen, B., Allocca, A., Amariutei, D., Andersen, M., Anderson, R.A., Anderson, S.B., Anderson, W.G., Arai, K., Araya, M.C., Arceneaux, C., Areeda, J.S., Ast, S., Aston, S.M., Astone, P., Aufmuth, P., Augustus, H., Aulbert, C., Aylott, B.E., Babak, S., Baker, P.T., Ballardin, G., Ballmer, S.W., Barayoga, J.C., Barbet, M., Barish, B.C., Barker, D., Barone, F., Barr, B., Barsotti, L., Barsuglia, M., Barton, M.A., Bartos, I., Bassiri, R., Basti, A., Batch, J.C., Bauchrowitz, J., Bauer, Th.S., Baune, C., Bavigadda, V., Behnke, B., Bejger, M., Beker, M.G., Belczynski, C., Bell, A.S., Bell, C., Bergmann, G., Bersanetti, D., Bertolini, A., Betzwieser, J., Bilenko, I.A., Billingsley, G., Birch, J., Biscans, S., Bitossi, M., Biwer, C., Bizouard, M.A., Black, E., Blackburn, J.K., Blackburn, L., Blair, D., Bloemen, S., Bock, O., Bodiya, T.P., Boer, M., Bogaert, G., Bogan, C., Bojtos, P., Bond, C., Bondu, F., Bonelli, L., Bonnand, R., Bork, R., Born, M., Boschi, V., Bose, S., Bosi, L., Bradaschia, C., Brady, P.R., Braginsky, V.B., Branchesi, M., Brau, J.E., Briant, T., Bridges, D.O., Brillet, A., Brinkmann, M., Brisson, V., Brooks, A.F., Brown, D.A., Brown, D.D., Brückner, F., Buchman, S., Buikema, A., Bulik, T., Bulten, H.J., Buonanno, A., Burman, R., Buskulic, D., Buy, C., Cadonati, L., Cagnoli, G., Calderón Bustillo, J., Calloni, E., Camp, J.B., Campsie, P., Cannon, K.C., Canuel, B., Cao, J., Capano, C.D., Carbognani, F., Carbone, L., Caride, S., Castaldi, G., Caudill, S., Cavaglià, M., Cavalier, F., Cavalieri, R., Celerier, C., Cella, G., Cepeda, C., Cesarini, E., Chakraborty, R., Chalermsongsak, T., Chamberlin, S.J., Chao, S., Charlton, P., Chassande-Mottin, E., Chen, X., Chen, Y., Chincarini, A., Chiummo, A., Cho, H.S., Cho, M., Chow, J.H., Christensen, N., Chu, Q., Chua, S.S.Y., Chung, S., Ciani, G., Clara, F., Clark, D.E., Clark, J.A., Clayton, J.H., Cleva, F., Coccia, E., Cohadon, P.-F., Colla, A., Collette, C., Colombini, M., Cominsky, L., Constancio, M., Conte, A., Cook, D., Corbitt, T.R., Cornish, N., Corsi, A., Costa, C.A., Coughlin, M.W., Coulon, J.-P., Countryman, S., Couvares, P., Coward, D.M., Cowart, M.J., Coyne, D.C., Coyne, R., Craig, K., Creighton, J.D.E., Croce, R.P., Crowder, S.G., Cumming, A., Cunningham, L., Cuoco, E., Cutler, C., Dahl, K., Dal Canton, T., Damjanic, M., Danilishin, S.L., D'Antonio, S., Danzmann, K., Dattilo, V., Daveloza, H., Davier, M., Davies, G.S., Daw, E.J., Day, R., Dayanga, T., Debra, D., Debreczeni, G., Degallaix, J., Deléglise, S., Del Pozzo, W., Del Pozzo, W., Denker, T., Dent, T., Dereli, H., Dergachev, V., De Rosa, R., Derosa, R.T., Desalvo, R., Dhurandhar, S., Díaz, M., Dickson, J., Di Fiore, L., Di Lieto, A., Di Palma, I., Di Virgilio, A., Dolique, V., Dominguez, E., Donovan, F., Dooley, K.L., Doravari, S., Douglas, R., Downes, T.P., Drago, M., Drever, R.W.P., Driggers, J.C., Du, Z., Ducrot, M., Dwyer, S., Eberle, T., Edo, T., Edwards, M., Effler, A., Eggenstein, H.-B., Ehrens, P., Eichholz, J., Eikenberry, S.S., Endroczi, G., Essick, R., Etzel, T., Evans, M., Evans, T., Factourovich, M., Fafone, V., Fairhurst, S., Fan, X., Fang, Q., Farinon, S., Farr, B., Farr, W.M., Favata, M., Fazi, D., Fehrmann, H., Fejer, M.M., Feldbaum, D., Feroz, F., Ferrante, I., Ferreira, E.C., Ferrini, F., Fidecaro, F., Finn, L.S., Fiori, I., Fisher, R.P., Flaminio, R., Fournier, J.-D., Franco, S., Frasca, S., Frasconi, F., Frede, M., Frei, Z., Freise, A., Frey, R., Fricke, T.T., Fritschel, P., Frolov, V.V., Fulda, P., Fyffe, M., Gair, J.R., Gammaitoni, L., Gaonkar, S., Garufi, F., Gehrels, N., Gemme, G., Gendre, B., Genin, E., Gennai, A., Ghosh, S., Giaime, J.A., Giardina, K.D., Giazotto, A., Gleason, J., Goetz, E., Goetz, R., Gondan, L., González, G., Gordon, N., Gorodetsky, M.L., Gossan, S., Goßler, S., Gouaty, R., Gräf, C., Graff, P.B., Granata, M., Grant, A., Gras, S., Gray, C., Greenhalgh, R.J.S., Gretarsson, A.M., Groot, P., Grote, H., Grover, K., Grunewald, S., Guidi, G.M., Guido, C.J., Gushwa, K., Gustafson, E.K., Gustafson, R., Ha, J., Hall, E.D., Hamilton, W., Hammer, D., Hammond, G., Hanke, M., Hanks, J., Hanna, C., Hannam, M.D., Hanson, J., Harms, J., Harry, G.M., Harry, I.W., Harstad, E.D., Hart, M., Hartman, M.T., Haster, C.-J., Haughian, K., Heidmann, A., Heintze, M., Heitmann, H., Hello, P., Hemming, G., Hendry, M., Heng, I.S., Heptonstall, A.W., Heurs, M., Hewitson, M., Hild, S., Hoak, D., Hodge, K.A., Hofman, D., Holt, K., Hopkins, P., Horrom, T., Hoske, D., Hosken, D.J., Hough, J., Howell, E.J., Hu, Y., Huerta, E., Hughey, B., Husa, S., Huttner, S.H., Huynh, M., Huynh-Dinh, T., Idrisy, A., Ingram, D.R., Inta, R., Islas, G., Isogai, T., Ivanov, A., Iyer, B.R., Izumi, K., Jacobson, M., Jang, H., Jaranowski, P., Ji, Y., Jiménez-Forteza, F., Johnson, W.W., Jones, D.I., Jones, R., Jonker, R.J.G., Ju, L., Haris, K., Kalmus, P., Kalogera, V., Kandhasamy, S., Kang, G., Kanner, J.B., Karlen, J., Kasprzack, M., Katsavounidis, E., Katzman, W., Kaufer, H., Kaufer, S., Kaur, T., Kawabe, K., Kawazoe, F., Kéfélian, F., Keiser, G.M., Keitel, D., Kelley, D.B., Kells, W., Keppel, D.G., Khalaidovski, A., Khalili, F.Y., Khazanov, E.A., Kim, C., Kim, K., Kim, N.G., Kim, N., Kim, S., Kim, Y.-M., King, E.J., King, P.J., Kinzel, D.L., Kissel, J.S., Klimenko, S., Kline, J., Koehlenbeck, S., Kokeyama, K., Kondrashov, V., Koranda, S., Korth, W.Z., Kowalska, I., Kozak, D.B., Kringel, V., Królak, A., Kuehn, G., Kumar, A., Kumar, D.N., Kumar, P., Kumar, R., Kuo, L., Kutynia, A., Lam, P.K., Landry, M., Lantz, B., Larson, S., Lasky, P.D., Lazzarini, A., Lazzaro, C., Leaci, P., Leavey, S., Lebigot, E.O., Lee, C.H., Lee, H.K., Lee, H.M., Lee, J., Lee, P.J., Leonardi, M., Leong, J.R., Le Roux, A., Leroy, N., Letendre, N., Levin, Y., Levine, B., Lewis, J., Li, T.G.F., Libbrecht, K., Libson, A., Lin, A.C., Littenberg, T.B., Lockerbie, N.A., Lockett, V., Lodhia, D., Loew, K., Logue, J., Lombardi, A.L., Lopez, E., Lorenzini, M., Loriette, V., Lormand, M., Losurdo, G., Lough, J., Lubinski, M.J., Lück, H., Lundgren, A.P., Ma, Y., Macdonald, E.P., Macdonald, T., Machenschalk, B., Macinnis, M., Macleod, D.M., Magaña-Sandoval, F., Magee, R., Mageswaran, M., Maglione, C., Mailand, K., Majorana, E., Maksimovic, I., Malvezzi, V., Man, N., Manca, G.M., Mandel, I., Mandic, V., Mangano, V., Mangini, N.M., Mansell, G., Mantovani, M., Marchesoni, F., Marion, F., Márka, S., Márka, Z., Markosyan, A., Maros, E., Marque, J., Martelli, F., Martin, I.W., Martin, R.M., Martinelli, L., Martynov, D., Marx, J.N., Mason, K., Masserot, A., Massinger, T.J., Matichard, F., Matone, L., Mavalvala, N., May, G., Mazumder, N., Mazzolo, G., McCarthy, R., McClelland, D.E., McGuire, S.C., McIntyre, G., McIver, J., McLin, K., Meacher, D., Meadors, G.D., Mehmet, M., Meidam, J., Meinders, M., Melatos, A., Mendell, G., Mercer, R.A., Meshkov, S., Messenger, C., Meyer, M.S., Meyers, P.M., Mezzani, F., Miao, H., Michel, C., Mikhailov, E.E., Milano, L., Miller, J., Minenkov, Y., Mingarelli, C.M.F., Mishra, C., Mitra, S., Mitrofanov, V.P., Mitselmakher, G., Mittleman, R., Moe, B., Moggi, A., Mohan, M., Mohapatra, S.R.P., Moraru, D., Moreno, G., Morgado, N., Morriss, S.R., Mossavi, K., Mours, B., Mow-Lowry, C.M., Mueller, C.L., Mueller, G., Mukherjee, S., Mullavey, A., Munch, J., Murphy, D., Murray, P.G., Mytidis, A., Nagy, M.F., Nardecchia, I., Naticchioni, L., Nayak, R.K., Necula, V., Nelemans, G., Neri, I., Neri, M., Newton, G., Nguyen, T., Nielsen, A.B., Nissanke, S., Nitz, A.H., Nocera, F., Nolting, D., Normandin, M.E.N., Nuttall, L.K., Ochsner, E., O'Dell, J., Oelker, E., Oh, J.J., Oh, S.H., Ohme, F., Omar, S., Oppermann, P., Oram, R., O'Reilly, B., Ortega, W., O'Shaughnessy, R., Osthelder, C., Ottaway, D.J., Ottens, R.S., Overmier, H., Owen, B.J., Padilla, C., Pai, A., Palashov, O., Palomba, C., Pan, H., Pan, Y., Pankow, C., Paoletti, F., Papa, M.A., Paris, H., Pasqualetti, A., Passaquieti, R., Passuello, D., Pedraza, M., Pele, A., Penn, S., Perreca, A., Phelps, M., Pichot, M., Pickenpack, M., Piergiovanni, F., Pierro, V., Pinard, L., Pinto, I.M., Pitkin, M., Poeld, J., Poggiani, R., Poteomkin, A., Powell, J., Prasad, J., Predoi, V., Premachandra, S., Prestegard, T., Price, L.R., Prijatelj, M., Privitera, S., Prodi, G.A., Prokhorov, L., Puncken, O., Punturo, M., Puppo, P., Pürrer, M., Qin, J., Quetschke, V., Quintero, E., Quitzow-James, R., Raab, F.J., Rabeling, D.S., Rácz, I., Radkins, H., Raffai, P., Raja, S., Rajalakshmi, G., Rakhmanov, M., Ramet, C., Ramirez, K., Rapagnani, P., Raymond, V., Razzano, M., Re, V., Recchia, S., Reed, C.M., Regimbau, T., Reid, S., Reitze, D.H., Reula, O., Rhoades, E., Ricci, F., Riesen, R., Riles, K., Robertson, N.A., Robinet, F., Rocchi, A., Roddy, S.B., Rolland, L., Rollins, J.G., Romano, R., Romanov, G., Romie, J.H., Rosińska, D., Rowan, S., Rüdiger, A., Ruggi, P., Ryan, K., Salemi, F., Sammut, L., Sandberg, V., Sanders, J.R., Sankar, S., Sannibale, V., Santiago-Prieto, I., Saracco, E., Sassolas, B., Sathyaprakash, B.S., Saulson, P.R., Savage, R., Scheuer, J., Schilling, R., Schilman, M., Schmidt, P., Schnabel, R., Schofield, R.M.S., Schreiber, E., Schuette, D., Schutz, B.F., Scott, J., Scott, S.M., Sellers, D., Sengupta, A.S., Sentenac, D., Sequino, V., Sergeev, A., Shaddock, D.A., Shah, S., Shahriar, M.S., Shaltev, M., Shao, Z., Shapiro, B., Shawhan, P., Shoemaker, D.H., Sidery, T.L., Siellez, K., Siemens, X., Sigg, D., Simakov, D., Singer, A., Singer, L., Singh, R., Sintes, A.M., Slagmolen, B.J.J., Slutsky, J., Smith, J.R., Smith, M.R., Smith, R.J.E., Smith-Lefebvre, N.D., Son, E.J., Sorazu, B., Souradeep, T., Staley, A., Stebbins, J., Steinke, M., Steinlechner, J., Steinlechner, S., Stephens, B.C., Steplewski, S., Stevenson, S., Stone, R., Stops, D., Strain, K.A., Straniero, N., Strigin, S., Sturani, R., Stuver, A.L., Summerscales, T.Z., Susmithan, S., Sutton, P.J., Swinkels, B., Tacca, M., Talukder, D., Tanner, D.B., Tao, J., Tarabrin, S.P., Taylor, R., Tellez, G., Thirugnanasambandam, M.P., Thomas, M., Thomas, P., Thorne, K.A., Thorne, K.S., Thrane, E., Tiwari, V., Tokmakov, K.V., Tomlinson, C., Tonelli, M., Torres, C.V., Torrie, C.I., Travasso, F., Traylor, G., Tse, M., Tshilumba, D., Tuennermann, H., Ugolini, D., Unnikrishnan, C.S., Urban, A.L., Usman, S.A., Vahlbruch, H., Vajente, G., Valdes, G., Vallisneri, M., Van Beuzekom, M., Van Den Brand, J.F.J., Van Den Broeck, C., Van Der Sluys, M.V., Van Heijningen, J., Van Veggel, A.A., Vass, S., Vasúth, M., Vaulin, R., Vecchio, A., Vedovato, G., Veitch, J., Veitch, P.J., Venkateswara, K., Verkindt, D., Vetrano, F., Viceré, A., Vincent-Finley, R., Vinet, J.-Y., Vitale, S., Vo, T., Vocca, H., Vorvick, C., Vousden, W.D., Vyachanin, S.P., Wade, A.R., Wade, L., Wade, M., Walker, M., Wallace, L., Walsh, S., Wang, M., Wang, X., Ward, R.L., Was, M., Weaver, B., Wei, L.-W., Weinert, M., Weinstein, A.J., Weiss, R., Welborn, T., Wen, L., Wessels, P., West, M., Westphal, T., Wette, K., Whelan, J.T., White, D.J., Whiting, B.F., Wiesner, K., Wilkinson, C., Williams, K., Williams, L., Williams, R., Williams, T.D., Williamson, A.R., Willis, J.L., Willke, B., Wimmer, M., Winkler, W., Wipf, C.C., Wiseman, A.G., Wittel, H., Woan, G., Wolovick, N., Worden, J., Wu, Y., Yablon, J., Yakushin, I., Yam, W., Yamamoto, H., Yancey, C.C., Yang, H., Yoshida, S., Yvert, M., Zadrozny, A., Zanolin, M., Zendri, J.-P., Zhang, F., Zhang, L., Zhao, C., Zhu, H., Zhu, X.J., Zucker, M.E., Zuraw, S., Zweizig, J.","Multimessenger search for sources of gravitational waves and high-energy neutrinos: Initial results for LIGO-Virgo and IceCube",2014,"Physical Review D - Particles, Fields, Gravitation and Cosmology","90","10", 102002,"","",,7,10.1103/PhysRevD.90.102002,"https://www.scopus.com/inward/record.uri?eid=2-s2.0-84911906757&doi=10.1103%2fPhysRevD.90.102002&partnerID=40&md5=6349c8a6ea13f97963a58e2039a3a944",Article,Scopus,2-s2.0-84911906757
"Linz, T.M., Friedman, J.L., Wiseman, A.G.","Combined gravitational and electromagnetic self-force on charged particles in electrovac spacetimes",2014,"Physical Review D - Particles, Fields, Gravitation and Cosmology","90","8", 084031,"","",,6,10.1103/PhysRevD.90.084031,"https://www.scopus.com/inward/record.uri?eid=2-s2.0-84908178773&doi=10.1103%2fPhysRevD.90.084031&partnerID=40&md5=1f36a4092f38deb68a4d9a4a9616e573",Article,Scopus,2-s2.0-84908178773
"Aasi, J., Abbott, B.P., Abbott, R., Abbott, T., Abernathy, M.R., Accadia, T., Acernese, F., Ackley, K., Adams, C., Adams, T., Addesso, P., Adhikari, R.X., Affeldt, C., Agathos, M., Aggarwal, N., Aguiar, O.D., Ain, A., Ajith, P., Alemic, A., Allen, B., Allocca, A., Amariutei, D., Andersen, M., Anderson, R., Anderson, S.B., Anderson, W.G., Arai, K., Araya, M.C., Arceneaux, C., Areeda, J., Aston, S.M., Astone, P., Aufmuth, P., Aulbert, C., Austin, L., Aylott, B.E., Babak, S., Baker, P.T., Ballardin, G., Ballmer, S.W., Barayoga, J.C., Barbet, M., Barish, B.C., Barker, D., Barone, F., Barr, B., Barsotti, L., Barsuglia, M., Barton, M.A., Bartos, I., Bassiri, R., Basti, A., Batch, J.C., Bauchrowitz, J., Bauer, Th.S., Behnke, B., Bejger, M., Beker, M.G., Belczynski, C., Bell, A.S., Bell, C., Bergmann, G., Bersanetti, D., Bertolini, A., Betzwieser, J., Beyersdorf, P.T., Bilenko, I.A., Billingsley, G., Birch, J., Biscans, S., Bitossi, M., Bizouard, M.A., Black, E., Blackburn, J.K., Blackburn, L., Blair, D., Bloemen, S., Blom, M., Bock, O., Bodiya, T.P., Boer, M., Bogaert, G., Bogan, C., Bond, C., Bondu, F., Bonelli, L., Bonnand, R., Bork, R., Born, M., Boschi, V., Bose, S., Bosi, L., Bradaschia, C., Brady, P.R., Braginsky, V.B., Branchesi, M., Brau, J.E., Briant, T., Bridges, D.O., Brillet, A., Brinkmann, M., Brisson, V., Brooks, A.F., Brown, D.A., Brown, D.D., Brückner, F., Buchman, S., Bulik, T., Bulten, H.J., Buonanno, A., Burman, R., Buskulic, D., Buy, C., Cadonati, L., Cagnoli, G., Calderón Bustillo, J., Calloni, E., Camp, J.B., Campsie, P., Cannon, K.C., Canuel, B., Cao, J., Capano, C.D., Carbognani, F., Carbone, L., Caride, S., Castiglia, A., Caudill, S., Cavaglià, M., Cavalier, F., Cavalieri, R., Celerier, C., Cella, G., Cepeda, C., Cesarini, E., Chakraborty, R., Chalermsongsak, T., Chamberlin, S.J., Chao, S., Charlton, P., Chassande-Mottin, E., Chen, X., Chen, Y., Chincarini, A., Chiummo, A., Cho, H.S., Chow, J., Christensen, N., Chu, Q., Chua, S.S.Y., Chung, S., Ciani, G., Clara, F., Clark, J.A., Cleva, F., Coccia, E., Cohadon, P.-F., Colla, A., Collette, C., Colombini, M., Cominsky, L., Constancio, M., Conte, A., Cook, D., Corbitt, T.R., Cordier, M., Cornish, N., Corpuz, A., Corsi, A., Costa, C.A., Coughlin, M.W., Coughlin, S., Coulon, J.-P., Countryman, S., Couvares, P., Coward, D.M., Cowart, M., Coyne, D.C., Coyne, R., Craig, K., Creighton, J.D.E., Creighton, T.D., Crowder, S.G., Cumming, A., Cunningham, L., Cuoco, E., Dahl, K., Dal Canton, T., Damjanic, M., Danilishin, S.L., D'Antonio, S., Danzmann, K., Dattilo, V., Daveloza, H., Davier, M., Davies, G.S., Daw, E.J., Day, R., Dayanga, T., Debreczeni, G., Degallaix, J., Deléglise, S., Del Pozzo, W., Denker, T., Dent, T., Dereli, H., Dergachev, V., De Rosa, R., DeRosa, R.T., DeSalvo, R., Dhurandhar, S., Díaz, M., Di Fiore, L., Di Lieto, A., Di Palma, I., Di Virgilio, A., Donath, A., Donovan, F., Dooley, K.L., Doravari, S., Dossa, S., Douglas, R., Downes, T.P., Drago, M., Drever, R.W.P., Driggers, J.C., Du, Z., Dwyer, S., Eberle, T., Edo, T., Edwards, M., Effler, A., Eggenstein, H., Ehrens, P., Eichholz, J., Eikenberry, S.S., Endroczi, G., Essick, R., Etzel, T., Evans, M., Evans, T., Factourovich, M., Fafone, V., Fairhurst, S., Fang, Q., Farinon, S., Farr, B., Farr, W.M., Favata, M., Fehrmann, H., Fejer, M.M., Feldbaum, D., Feroz, F., Ferrante, I., Ferrini, F., Fidecaro, F., Finn, L.S., Fiori, I., Fisher, R.P., Flaminio, R., Fournier, J.-D., Franco, S., Frasca, S., Frasconi, F., Frede, M., Frei, Z., Freise, A., Frey, R., Fricke, T.T., Fritschel, P., Frolov, V.V., Fulda, P., Fyffe, M., Gair, J., Gammaitoni, L., Gaonkar, S., Garufi, F., Gehrels, N., Gemme, G., Genin, E., Gennai, A., Ghosh, S., Giaime, J.A., Giardina, K.D., Giazotto, A., Gill, C., Gleason, J., Goetz, E., Goetz, R., Gondan, L., González, G., Gordon, N., Gorodetsky, M.L., Gossan, S., Goßler, S., Gouaty, R., Gräf, C., Graff, P.B., Granata, M., Grant, A., Gras, S., Gray, C., Greenhalgh, R.J.S., Gretarsson, A.M., Groot, P., Grote, H., Grover, K., Grunewald, S., Guidi, G.M., Guido, C., Gushwa, K., Gustafson, E.K., Gustafson, R., Hammer, D., Hammond, G., Hanke, M., Hanks, J., Hanna, C., Hanson, J., Harms, J., Harry, G.M., Harry, I.W., Harstad, E.D., Hart, M., Hartman, M.T., Haster, C.-J., Haughian, K., Heidmann, A., Heintze, M., Heitmann, H., Hello, P., Hemming, G., Hendry, M., Heng, I.S., Heptonstall, A.W., Heurs, M., Hewitson, M., Hild, S., Hoak, D., Hodge, K.A., Holt, K., Hooper, S., Hopkins, P., Hosken, D.J., Hough, J., Howell, E.J., Hu, Y., Huerta, E., Hughey, B., Husa, S., Huttner, S.H., Huynh, M., Huynh-Dinh, T., Ingram, D.R., Inta, R., Isogai, T., Ivanov, A., Iyer, B.R., Izumi, K., Jacobson, M., James, E., Jang, H., Jaranowski, P., Ji, Y., Jiménez-Forteza, F., Johnson, W.W., Jones, D.I., Jones, R., Jonker, R.J.G., Ju, L., Haris, K., Kalmus, P., Kalogera, V., Kandhasamy, S., Kang, G., Kanner, J.B., Karlen, J., Kasprzack, M., Katsavounidis, E., Katzman, W., Kaufer, H., Kawabe, K., Kawazoe, F., Kéfélian, F., Keiser, G.M., Keitel, D., Kelley, D.B., Kells, W., Khalaidovski, A., Khalili, F.Y., Khazanov, E.A., Kim, C., Kim, K., Kim, N., Kim, N.G., Kim, Y.-M., King, E.J., King, P.J., Kinzel, D.L., Kissel, J.S., Klimenko, S., Kline, J., Koehlenbeck, S., Kokeyama, K., Kondrashov, V., Koranda, S., Korth, W.Z., Kowalska, I., Kozak, D.B., Kremin, A., Kringel, V., Krishnan, B., Królak, A., Kuehn, G., Kumar, A., Kumar, P., Kumar, R., Kuo, L., Kutynia, A., Kwee, P., Landry, M., Lantz, B., Larson, S., Lasky, P.D., Lawrie, C., Lazzarini, A., Lazzaro, C., Leaci, P., Leavey, S., Lebigot, E.O., Lee, C.-H., Lee, H.K., Lee, H.M., Lee, J., Leonardi, M., Leong, J.R., Le Roux, A., Leroy, N., Letendre, N., Levin, Y., Levine, B., Lewis, J., Li, T.G.F., Libbrecht, K., Libson, A., Lin, A.C., Littenberg, T.B., Litvine, V., Lockerbie, N.A., Lockett, V., Lodhia, D., Loew, K., Logue, J., Lombardi, A.L., Lorenzini, M., Loriette, V., Lormand, M., Losurdo, G., Lough, J., Lubinski, M.J., Lück, H., Luijten, E., Lundgren, A.P., Lynch, R., Ma, Y., Macarthur, J., Macdonald, E.P., MacDonald, T., Machenschalk, B., MacInnis, M., Macleod, D.M., Magana-Sandoval, F., Mageswaran, M., Maglione, C., Mailand, K., Majorana, E., Maksimovic, I., Malvezzi, V., Man, N., Manca, G.M., Mandel, I., Mandic, V., Mangano, V., Mangini, N., Mantovani, M., Marchesoni, F., Marion, F., Márka, S., Márka, Z., Markosyan, A., Maros, E., Marque, J., Martelli, F., Martin, I.W., Martin, R.M., Martinelli, L., Martynov, D., Marx, J.N., Mason, K., Masserot, A., Massinger, T.J., Matichard, F., Matone, L., Matzner, R.A., Mavalvala, N., Mazumder, N., Mazzolo, G., McCarthy, R., McClelland, D.E., McGuire, S.C., McIntyre, G., McIver, J., McLin, K., Meacher, D., Meadors, G.D., Mehmet, M., Meidam, J., Meinders, M., Melatos, A., Mendell, G., Mercer, R.A., Meshkov, S., Messenger, C., Meyers, P., Miao, H., Michel, C., Mikhailov, E.E., Milano, L., Milde, S., Miller, J., Minenkov, Y., Mingarelli, C.M.F., Mishra, C., Mitra, S., Mitrofanov, V.P., Mitselmakher, G., Mittleman, R., Moe, B., Moesta, P., Mohan, M., Mohapatra, S.R.P., Moraru, D., Moreno, G., Morgado, N., Morriss, S.R., Mossavi, K., Mours, B., Mow-Lowry, C.M., Mueller, C.L., Mueller, G., Mukherjee, S., Mullavey, A., Munch, J., Murphy, D., Murray, P.G., Mytidis, A., Nagy, M.F., Nanda Kumar, D., Nardecchia, I., Naticchioni, L., Nayak, R.K., Necula, V., Nelemans, G., Neri, I., Neri, M., Newton, G., Nguyen, T., Nitz, A., Nocera, F., Nolting, D., Normandin, M.E.N., Nuttall, L.K., Ochsner, E., O'Dell, J., Oelker, E., Oh, J.J., Oh, S.H., Ohme, F., Oppermann, P., O'Reilly, B., O'Shaughnessy, R., Osthelder, C., Ottaway, D.J., Ottens, R.S., Overmier, H., Owen, B.J., Padilla, C., Pai, A., Palashov, O., Palomba, C., Pan, H., Pan, Y., Pankow, C., Paoletti, F., Paoletti, R., Papa, M.A., Paris, H., Pasqualetti, A., Passaquieti, R., Passuello, D., Pedraza, M., Penn, S., Perreca, A., Phelps, M., Pichot, M., Pickenpack, M., Piergiovanni, F., Pierro, V., Pinard, L., Pinto, I.M., Pitkin, M., Poeld, J., Poggiani, R., Poteomkin, A., Powell, J., Prasad, J., Premachandra, S., Prestegard, T., Price, L.R., Prijatelj, M., Privitera, S., Prix, R., Prodi, G.A., Prokhorov, L., Puncken, O., Punturo, M., Puppo, P., Qin, J., Quetschke, V., Quintero, E., Quiroga, G., Quitzow-James, R., Raab, F.J., Rabeling, D.S., Rácz, I., Radkins, H., Raffai, P., Raja, S., Rajalakshmi, G., Rakhmanov, M., Ramet, C., Ramirez, K., Rapagnani, P., Raymond, V., Re, V., Read, J., Reed, C.M., Regimbau, T., Reid, S., Reitze, D.H., Rhoades, E., Ricci, F., Riles, K., Robertson, N.A., Robinet, F., Rocchi, A., Rodruck, M., Rolland, L., Rollins, J.G., Romano, R., Romanov, G., Romie, J.H., Rosińska, D., Rowan, S., Rüdiger, A., Ruggi, P., Ryan, K., Salemi, F., Sammut, L., Sandberg, V., Sanders, J.R., Sannibale, V., Santiago-Prieto, I., Saracco, E., Sassolas, B., Sathyaprakash, B.S., Saulson, P.R., Savage, R., Scheuer, J., Schilling, R., Schnabel, R., Schofield, R.M.S., Schreiber, E., Schuette, D., Schutz, B.F., Scott, J., Scott, S.M., Sellers, D., Sengupta, A.S., Sentenac, D., Sequino, V., Sergeev, A., Shaddock, D., Shah, S., Shahriar, M.S., Shaltev, M., Shapiro, B., Shawhan, P., Shoemaker, D.H., Sidery, T.L., Siellez, K., Siemens, X., Sigg, D., Simakov, D., Singer, A., Singer, L., Singh, R., Sintes, A.M., Slagmolen, B.J.J., Slutsky, J., Smith, J.R., Smith, M., Smith, R.J.E., Smith-Lefebvre, N.D., Son, E.J., Sorazu, B., Souradeep, T., Sperandio, L., Staley, A., Stebbins, J., Steinlechner, J., Steinlechner, S., Stephens, B.C., Steplewski, S., Stevenson, S., Stone, R., Stops, D., Strain, K.A., Straniero, N., Strigin, S., Sturani, R., Stuver, A.L., Summerscales, T.Z., Susmithan, S., Sutton, P.J., Swinkels, B., Tacca, M., Talukder, D., Tanner, D.B., Tarabrin, S.P., Taylor, R., Ter Braack, A.P.M., Thirugnanasambandam, M.P., Thomas, M., Thomas, P., Thorne, K.A., Thorne, K.S., Thrane, E., Tiwari, V., Tokmakov, K.V., Tomlinson, C., Toncelli, A., Tonelli, M., Torre, O., Torres, C.V., Torrie, C.I., Travasso, F., Traylor, G., Tse, M., Ugolini, D., Unnikrishnan, C.S., Urban, A.L., Urbanek, K., Vahlbruch, H., Vajente, G., Valdes, G., Vallisneri, M., Van Den Brand, J.F.J., Van Den Broeck, C., Van Der Putten, S., Van Der Sluys, M.V., Van Heijningen, J., Van Veggel, A.A., Vass, S., Vasúth, M., Vaulin, R., Vecchio, A., Vedovato, G., Veitch, J., Veitch, P.J., Venkateswara, K., Verkindt, D., Verma, S.S., Vetrano, F., Viceré, A., Vincent-Finley, R., Vinet, J.-Y., Vitale, S., Vo, T., Vocca, H., Vorvick, C., Vousden, W.D., Vyachanin, S.P., Wade, A., Wade, L., Wade, M., Walker, M., Wallace, L., Wang, M., Wang, X., Ward, R.L., Was, M., Weaver, B., Wei, L.-W., Weinert, M., Weinstein, A.J., Weiss, R., Welborn, T., Wen, L., Wessels, P., West, M., Westphal, T., Wette, K., Whelan, J.T., White, D.J., Whiting, B.F., Wiesner, K., Wilkinson, C., Williams, K., Williams, L., Williams, R., Williams, T., Williamson, A.R., Willis, J.L., Willke, B., Wimmer, M., Winkler, W., Wipf, C.C., Wiseman, A.G., Wittel, H., Woan, G., Worden, J., Yablon, J., Yakushin, I., Yamamoto, H., Yancey, C.C., Yang, H., Yang, Z., Yoshida, S., Yvert, M., Zadrozny, A., Zanolin, M., Zendri, J.-P., Zhang, F., Zhang, L., Zhao, C., Zhu, X.J., Zucker, M.E., Zuraw, S., Zweizig, J.","First all-sky search for continuous gravitational waves from unknown sources in binary systems",2014,"Physical Review D - Particles, Fields, Gravitation and Cosmology","90","6", 062010,"","",,20,10.1103/PhysRevD.90.062010,"https://www.scopus.com/inward/record.uri?eid=2-s2.0-84907459224&doi=10.1103%2fPhysRevD.90.062010&partnerID=40&md5=e9b8b320751099cc43d28b2cf7e649ca",Article,Scopus,2-s2.0-84907459224
"Aasi, J., Abbott, B.P., Abbott, R., Abbott, T., Abernathy, M.R., Accadia, T., Acernese, F., Ackley, K., Adams, C., Adams, T., Addesso, P., Adhikari, R.X., Affeldt, C., Agathos, M., Aggarwal, N., Aguiar, O.D., Ain, A., Ajith, P., Alemic, A., Allen, B., Allocca, A., Amariutei, D., Andersen, M., Anderson, R., Anderson, S.B., Anderson, W.G., Arai, K., Araya, M.C., Arceneaux, C., Areeda, J., Aston, S.M., Astone, P., Aufmuth, P., Aulbert, C., Austin, L., Aylott, B.E., Babak, S., Baker, P.T., Ballardin, G., Ballmer, S.W., Barayoga, J.C., Barbet, M., Barish, B.C., Barker, D., Barone, F., Barr, B., Barsotti, L., Barsuglia, M., Barton, M.A., Bartos, I., Bassiri, R., Basti, A., Batch, J.C., Bauchrowitz, J., Bauer, Th.S., Behnke, B., Bejger, M., Beker, M.G., Belczynski, C., Bell, A.S., Bell, C., Bergmann, G., Bersanetti, D., Bertolini, A., Betzwieser, J., Beyersdorf, P.T., Bilenko, I.A., Billingsley, G., Birch, J., Biscans, S., Bitossi, M., Bizouard, M.A., Black, E., Blackburn, J.K., Blackburn, L., Blair, D., Bloemen, S., Blom, M., Bock, O., Bodiya, T.P., Boer, M., Bogaert, G., Bogan, C., Bond, C., Bondu, F., Bonelli, L., Bonnand, R., Bork, R., Born, M., Borkowski, K., Boschi, V., Bose, S., Bosi, L., Bradaschia, C., Brady, P.R., Braginsky, V.B., Branchesi, M., Brau, J.E., Briant, T., Bridges, D.O., Brillet, A., Brinkmann, M., Brisson, V., Brooks, A.F., Brown, D.A., Brown, D.D., Brückner, F., Buchman, S., Bulik, T., Bulten, H.J., Buonanno, A., Burman, R., Buskulic, D., Buy, C., Cadonati, L., Cagnoli, G., Bustillo, J.C., Calloni, E., Camp, J.B., Campsie, P., Cannon, K.C., Canuel, B., Cao, J., Capano, C.D., Carbognani, F., Carbone, L., Caride, S., Castiglia, A., Caudill, S., Cavalier, F., Cavalieri, R., Celerier, C., Cella, G., Cepeda, C., Cesarini, E., Chakraborty, R., Chalermsongsak, T., Chamberlin, S.J., Chao, S., Charlton, P., Mottin, E.C., Chen, X., Chen, Y., Chincarini, A., Chiummo, A., Cho, H.S., Chow, J., Christensen, N., Chu, Q., Chua, S.S.Y., Chung, S., Ciani, G., Clara, F., Clark, J.A., Cleva, F., Coccia, E., Cohadon, P.F., Colla, A., Collette, C., Colombini, M., Cominsky, L., Conte, A., Cook, D., Corbitt, T.R., Cordier, M., Cornish, N., Corpuz, A., Corsi, A., Costa, C.A., Coughlin, M.W., Coughlin, S., Coulon, J.P., Countryman, S., Couvares, P., Coward, D.M., Cowart, M., Coyne, D.C., Coyne, R., Craig, K., Creighton, J.D.E., Crowder, S.G., Cumming, A., Cunningham, L., Cuoco, E., Dahl, K., Canton, T.D., Damjanic, M., Danilishin, S.L., D'Antonio, S., Danzmann, K., Dattilo, V., Daveloza, H., Davier, M., Davies, G.S., Daw, E.J., Day, R., Dayanga, T., Debreczeni, G., Degallaix, J., Deléglise, S., Pozzo, W.D., Denker, T., Dent, T., Dereli, H., Dergachev, V., Rosa, R.D., Derosa, R.T., Desalvo, R., Dhurandhar, S., Díaz, M., Fiore, L.D., Lieto, A.D., Palma, I.D., Virgilio, A.D., Donath, A., Donovan, F., Dooley, K.L., Doravari, S., Dorosh, O., Dossa, S., Douglas, R., Downes, T.P., Drago, M., Drever, R.W.P., Driggers, J.C., Du, Z., Dwyer, S., Eberle, T., Edo, T., Edwards, M., Effler, A., Eggenstein, H., Ehrens, P., Eichholz, J., Eikenberry, S.S., Endroczi, G., Essick, R., Etzel, T., Evans, M., Evans, T., Factourovich, M., Fafone, V., Fairhurst, S., Fang, Q., Farinon, S., Farr, B., Farr, W.M., Favata, M., Fehrmann, H., Fejer, M.M., Feldbaum, D., Feroz, F., Ferrante, I., Ferrini, F., Fidecaro, F., Finn, L.S., Fiori, I., Fisher, R.P., Flaminio, R., Fournier, J.D., Franco, S., Frasca, S., Frasconi, F., Frede, M., Frei, Z., Freise, A., Frey, R., Fricke, T.T., Fritschel, P., Frolov, V.V., Fulda, P., Fyffe, M., Gair, J., Gammaitoni, L., Gaonkar, S., Garufi, F., Gehrels, N., Gemme, G., Genin, E., Gennai, A., Ghosh, S., Giaime, J.A., Giardina, K.D., Giazotto, A., Gill, C., Gleason, J., Goetz, E., Goetz, R., Gondan, L., González, G., Gordon, N., Gorodetsky, M.L., Gossan, S., Goßler, S., Gouaty, R., Gräf, C., Graff, P.B., Granata, M., Grant, A., Gras, S., Gray, C., Greenhalgh, R.J.S., Gretarsson, A.M., Groot, P., Grote, H., Grover, K., Grunewald, S., Guidi, G.M., Guido, C., Gushwa, K., Gustafson, E.K., Gustafson, R., Hammer, D., Hammond, G., Hanke, M., Hanks, J., Hanna, C., Hanson, J., Harms, J., Harry, G.M., Harry, I.W., Harstad, E.D., Hart, M., Hartman, M.T., Haster, C.J., Haughian, K., Heidmann, A., Heintze, M., Heitmann, H., Hello, P., Hemming, G., Hendry, M., Heng, I.S., Heptonstall, A.W., Heurs, M., Hewitson, M., Hild, S., Hoak, D., Hodge, K.A., Holt, K., Hooper, S., Hopkins, P., Hosken, D.J., Hough, J., Howell, E.J., Hu, Y., Huerta, E., Hughey, B., Husa, S., Huttner, S.H., Huynh, M., Dinh, T.H., Ingram, D.R., Inta, R., Isogai, T., Ivanov, A., Iyer, B.R., Izumi, K., Jacobson, M., James, E., Jang, H., Jaranowski, P., Ji, Y., Forteza, F.J., Johnson, W.W., Jones, D.I., Jones, R., Jonker, R.J.G., Ju, L., Haris, K., Kalmus, P., Kalogera, V., Kandhasamy, S., Kang, G., Kanner, J.B., Karlen, J., Kasprzack, M., Katsavounidis, E., Katzman, W., Kaufer, H., Kawabe, K., Kawazoe, F., Kéfélian, F., Keiser, G.M., Keitel, D., Kelley, D.B., Kells, W., Khalaidovski, A., Khalili, F.Y., Khazanov, E.A., Kim, C., Kim, K., Kim, N., Kim, N.G., Kim, Y.M., King, E.J., King, P.J., Kinzel, D.L., Kissel, J.S., Klimenko, S., Kline, J., Koehlenbeck, S., Kokeyama, K., Kondrashov, V., Koranda, S., Korth, W.Z., Kowalska, I., Kozak, D.B., Kremin, A., Kringel, V., Krishnan, B., Królak, A., Kuehn, G., Kumar, A., Kumar, P., Kumar, R., Kuo, L., Kutynia, A., Kwee, P., Landry, M., Lantz, B., Larson, S., Lasky, P.D., Lawrie, C., Lazzarini, A., Lazzaro, C., Leaci, P., Leavey, S., Lebigot, E.O., Lee, C.H., Lee, H.K., Lee, H.M., Lee, J., Leonardi, M., Leong, J.R., Roux, A.L., Leroy, N., Letendre, N., Levin, Y., Levine, B., Lewis, J., Li, T.G.F., Libbrecht, K., Libson, A., Lin, A.C., Littenberg, T.B., Litvine, V., Lockerbie, N.A., Lockett, V., Lodhia, D., Loew, K., Logue, J., Lombardi, A.L., Lorenzini, M., Loriette, V., Lormand, M., Losurdo, G., Lough, J., Lubinski, M.J., Lück, H., Luijten, E., Lundgren, A.P., Lynch, R., Ma, Y., Macarthur, J., Macdonald, E.P., Macdonald, T., Machenschalk, B., Macinnis, M., Macleod, D.M., Sandoval, F.M., Mageswaran, M., Maglione, C., Mailand, K., Majorana, E., Maksimovic, I., Malvezzi, V., Man, N., Manca, G.M., Mandel, I., Mandic, V., Mangano, V., Mangini, N., Mantovani, M., Marchesoni, F., Marion, F., Márka, S., Márka, Z., Markosyan, A., Maros, E., Marque, J., Martelli, F., Martin, I.W., Martin, R.M., Martinelli, L., Martynov, D., Marx, J.N., Mason, K., Masserot, A., Massinger, T.J., Matichard, F., Matone, L., Matzner, R.A., Mavalvala, N., Mazumder, N., Mazzolo, G., McCarthy, R., McClelland, D.E., McGuire, S.C., McIntyre, G., McIver, J., McLin, K., Meacher, D., Meadors, G.D., Mehmet, M., Meidam, J., Meinders, M., Melatos, A., Mendell, G., Mercer, R.A., Meshkov, S., Messenger, C., Meyers, P., Miao, H., Michel, C., Mikhailov, E.E., Milano, L., Milde, S., Miller, J., Minenkov, Y., Mingarelli, C.M.F., Mishra, C., Mitra, S., Mitrofanov, V.P., Mitselmakher, G., Mittleman, R., Moe, B., Moesta, P., Mohan, M., Mohapatra, S.R.P., Moraru, D., Moreno, G., Morgado, N., Morriss, S.R., Mossavi, K., Mours, B., Lowry, C.M.M., Mueller, C.L., Mueller, G., Mukherjee, S., Mullavey, A., Munch, J., Murphy, D., Murray, P.G., Mytidis, A., Nagy, M.F., Kumar, D.N., Nardecchia, I., Naticchioni, L., Nayak, R.K., Necula, V., Nelemans, G., Neri, I., Neri, M., Newton, G., Nguyen, T., Nitz, A., Nocera, F., Nolting, D., Normandin, M.E.N., Nuttall, L.K., Ochsner, E., O'Dell, J., Oelker, E., Oh, J.J., Oh, S.H., Ohme, F., Oppermann, P., O'Reilly, B., O'Shaughnessy, R., Osthelder, C., Ottaway, D.J., Ottens, R.S., Overmier, H., Owen, B.J., Padilla, C., Pai, A., Palashov, O., Palomba, C., Pan, H., Pan, Y., Pankow, C., Paoletti, F., Paoletti, R., Papa, M.A., Paris, H., Pasqualetti, A., Passaquieti, R., Passuello, D., Pedraza, M., Penn, S., Perreca, A., Phelps, M., Pichot, M., Pickenpack, M., Piergiovanni, F., Pierro, V., Pietka, M., Pinard, L., Pinto, I.M., Pitkin, M., Poeld, J., Poggiani, R., Poteomkin, A., Powell, J., Prasad, J., Premachandra, S., Prestegard, T., Price, L.R., Prijatelj, M., Privitera, S., Prodi, G.A., Prokhorov, L., Puncken, O., Punturo, M., Puppo, P., Qin, J., Quetschke, V., Quintero, E., Quiroga, G., James, R.Q., Raab, F.J., Rabeling, D.S., Rácz, I., Radkins, H., Raffai, P., Raja, S., Rajalakshmi, G., Rakhmanov, M., Ramet, C., Ramirez, K., Rapagnani, P., Raymond, V., Re, V., Read, J., Reed, C.M., Regimbau, T., Reid, S., Reitze, D.H., Rhoades, E., Ricci, F., Riles, K., Robertson, N.A., Robinet, F., Rocchi, A., Rodruck, M., Rolland, L., Rollins, J.G., Romano, R., Romanov, G., Romie, J.H., Rosińska, D., Rowan, S., Rüdiger, A., Ruggi, P., Ryan, K., Salemi, F., Sammut, L., Sandberg, V., Sanders, J.R., Sannibale, V., Prieto, I.S., Saracco, E., Sassolas, B., Sathyaprakash, B.S., Saulson, P.R., Savage, R., Scheuer, J., Schilling, R., Schnabel, R., Schofield, R.M.S., Schreiber, E., Schuette, D., Schutz, B.F., Scott, J., Scott, S.M., Sellers, D., Sengupta, A.S., Sentenac, D., Sequino, V., Sergeev, A., Shaddock, D., Shah, S., Shahriar, M.S., Shaltev, M., Shapiro, B., Shawhan, P., Shoemaker, D.H., Sidery, T.L., Siellez, K., Siemens, X., Sigg, D., Simakov, D., Singer, A., Singer, L., Singh, R., Sintes, A.M., Slagmolen, B.J.J., Slutsky, J., Smith, J.R., Smith, M., Smith, R.J.E., Lefebvre, N.D.S., Son, E.J., Sorazu, B., Souradeep, T., Sperandio, L., Staley, A., Stebbins, J., Steinlechner, J., Steinlechner, S., Stephens, B.C., Steplewski, S., Stevenson, S., Stone, R., Stops, D., Strain, K.A., Straniero, N., Strigin, S., Sturani, R., Stuver, A.L., Summerscales, T.Z., Susmithan, S., Sutton, P.J., Swinkels, B., Tacca, M., Talukder, D., Tanner, D.B., Tarabrin, S.P., Taylor, R., Braack, A.P.M.T., Thirugnanasambandam, M.P., Thomas, M., Thomas, P., Thorne, K.A., Thorne, K.S., Thrane, E., Tiwari, V., Tokmakov, K.V., Tomlinson, C., Toncelli, A., Tonelli, M., Torre, O., Torres, C.V., Torrie, C.I., Travasso, F., Traylor, G., Tse, M., Ugolini, D., Unnikrishnan, C.S., Urban, A.L., Urbanek, K., Vahlbruch, H., Vajente, G., Valdes, G., Vallisneri, M., Brand, J.F.J.V., Broeck, C.V., Putten, S.V., Sluys, M.V.V., Heijningen, J.V., Veggel, A.A.V., Vass, S., Vasúth, M., Vaulin, R., Vecchio, A., Vedovato, G., Veitch, J., Veitch, P.J., Venkateswara, K., Verkindt, D., Verma, S.S., Vetrano, F., Viceré, A., Finley, R.V., Vinet, J.Y., Vitale, S., Vo, T., Vocca, H., Vorvick, C., Vousden, W.D., Vyachanin, S.P., Wade, A., Wade, L., Wade, M., Walker, M., Wallace, L., Wang, M., Wang, X., Ward, R.L., Was, M., Weaver, B., Wei, L.W., Weinert, M., Weinstein, A.J., Weiss, R., Welborn, T., Wen, L., Wessels, P., West, M., Westphal, T., Wette, K., Whelan, J.T., White, D.J., Whiting, B.F., Wiesner, K., Wilkinson, C., Williams, K., Williams, L., Williams, R., Williams, T., Williamson, A.R., Willis, J.L., Willke, B., Wimmer, M., Winkler, W., Wipf, C.C., Wiseman, A.G., Wittel, H., Woan, G., Worden, J., Yablon, J., Yakushin, I., Yamamoto, H., Yancey, C.C., Yang, H., Yang, Z., Yoshida, S., Yvert, M., Zadrozny, A., Zanolin, M., Zendri, J.P., Zhang, F., Zhang, L., Zhao, C., Zhu, X.J., Zucker, M.E., Zuraw, S., Zweizig, J.","Implementation of an F-statistic all-sky search for continuous gravitational waves in Virgo VSR1 data",2014,"Classical and Quantum Gravity","31","16", 165014,"","",,10,10.1088/0264-9381/31/16/165014,"https://www.scopus.com/inward/record.uri?eid=2-s2.0-84905860758&doi=10.1088%2f0264-9381%2f31%2f16%2f165014&partnerID=40&md5=cde5ee0deff37ae04e89785389f25b0c",Article,Scopus,2-s2.0-84905860758
"Linz, T.M., Friedman, J.L., Wiseman, A.G.","Self-force on an accelerated particle",2014,"Physical Review D - Particles, Fields, Gravitation and Cosmology","90","2", 024064,"","",,1,10.1103/PhysRevD.90.024064,"https://www.scopus.com/inward/record.uri?eid=2-s2.0-84905046626&doi=10.1103%2fPhysRevD.90.024064&partnerID=40&md5=e5da5fd850b1f2ab258630a7406de772",Article,Scopus,2-s2.0-84905046626
"Aasi, J., Abbott, B.P., Abbott, R., Abbott, T., Abernathy, M.R., Acernese, F., Ackley, K., Adams, C., Adams, T., Addesso, P., Adhikari, R.X., Affeldt, C., Agathos, M., Aggarwal, N., Aguiar, O.D., Ajith, P., Alemic, A., Allen, B., Allocca, A., Amariutei, D., Andersen, M., Anderson, R.A., Anderson, S.B., Anderson, W.G., Arai, K., Araya, M.C., Arceneaux, C., Areeda, J.S., Ast, S., Aston, S.M., Astone, P., Aufmuth, P., Augustus, H., Aulbert, C., Aylott, B.E., Babak, S., Baker, P.T., Ballardin, G., Ballmer, S.W., Barayoga, J.C., Barbet, M., Barish, B.C., Barker, D., Barone, F., Barr, B., Barsotti, L., Barsuglia, M., Barton, M.A., Bartos, I., Bassiri, R., Basti, A., Batch, J.C., Bauchrowitz, J., Bauer, Th.S., Baune, C., Bavigadda, V., Behnke, B., Bejger, M., Beker, M.G., Belczynski, C., Bell, A.S., Bell, C., Bergmann, G., Bersanetti, D., Bertolini, A., Betzwieser, J., Bilenko, I.A., Billingsley, G., Birch, J., Biscans, S., Bitossi, M., Biwer, C., Bizouard, M.A., Black, E., Blackburn, J.K., Blackburn, L., Blair, D., Bloemen, S., Bock, O., Bodiya, T.P., Boer, M., Bogaert, G., Bogan, C., Bond, C., Bondu, F., Bonelli, L., Bonnand, R., Bork, R., Born, M., Boschi, V., Bose, S., Bosi, L., Bradaschia, C., Brady, P.R., Braginsky, V.B., Branchesi, M., Brau, J.E., Briant, T., Bridges, D.O., Brillet, A., Brinkmann, M., Brisson, V., Brooks, A.F., Brown, D.A., Brown, D.D., Brückner, F., Buchman, S., Buikema, A., Bulik, T., Bulten, H.J., Buonanno, A., Burman, R., Buskulic, D., Buy, C., Cadonati, L., Cagnoli, G., Calderón Bustillo, J., Calloni, E., Camp, J.B., Campsie, P., Cannon, K.C., Canuel, B., Cao, J., Capano, C.D., Carbognani, F., Carbone, L., Caride, S., Castaldi, G., Caudill, S., Cavaglià, M., Cavalier, F., Cavalieri, R., Celerier, C., Cella, G., Cepeda, C., Cesarini, E., Chakraborty, R., Chalermsongsak, T., Chamberlin, S.J., Chao, S., Charlton, P., Chassande-Mottin, E., Chen, X., Chen, Y., Chincarini, A., Chiummo, A., Cho, H.S., Cho, M., Chow, J.H., Christensen, N., Chu, Q., Chua, S.S.Y., Chung, S., Ciani, G., Clara, F., Clark, D.E., Clark, J.A., Clayton, J.H., Cleva, F., Coccia, E., Cohadon, P.-F., Colla, A., Collette, C., Colombini, M., Cominsky, L., Constancio Jr., M., Conte, A., Cook, D., Corbitt, T.R., Cornish, N., Corsi, A., Costa, C.A., Coughlin, M.W., Coulon, J.-P., Countryman, S., Couvares, P., Coward, D.M., Cowart, M.J., Coyne, D.C., Coyne, R., Craig, K., Creighton, J.D.E., Croce, R.P., Crowder, S.G., Cumming, A., Cunningham, L., Cuoco, E., Cutler, C., Dahl, K., Dal Canton, T., Damjanic, M., Danilishin, S.L., D'Antonio, S., Danzmann, K., Dattilo, V., Daveloza, H., Davier, M., Davies, G.S., Daw, E.J., Day, R., Dayanga, T., Debra, D., Debreczeni, G., Degallaix, J., Deléglise, S., Del Pozzo, W., Denker, T., Dent, T., Dereli, H., Dergachev, V., De Rosa, R., Derosa, R.T., Desalvo, R., Dhurandhar, S., Díaz, M., Dickson, J., Di Fiore, L., Di Lieto, A., Di Palma, I., Di Virgilio, A., Dolique, V., Dominguez, E., Donovan, F., Dooley, K.L., Doravari, S., Douglas, R., Downes, T.P., Drago, M., Drever, R.W.P., Driggers, J.C., Du, Z., Ducrot, M., Dwyer, S., Eberle, T., Edo, T., Edwards, M., Effler, A., Eggenstein, H.-B., Ehrens, P., Eichholz, J., Eikenberry, S.S., Endroczi, G., Essick, R., Etzel, T., Evans, M., Evans, T., Factourovich, M., Fafone, V., Fairhurst, S., Fan, X., Fang, Q., Farinon, S., Farr, B., Farr, W.M., Favata, M., Fazi, D., Fehrmann, H., Fejer, M.M., Feldbaum, D., Feroz, F., Ferrante, I., Ferreira, E.C., Ferrini, F., Fidecaro, F., Finn, L.S., Fiori, I., Fisher, R.P., Flaminio, R., Fournier, J.-D., Franco, S., Frasca, S., Frasconi, F., Frede, M., Frei, Z., Freise, A., Frey, R., Fricke, T.T., Fritschel, P., Frolov, V.V., Fulda, P., Fyffe, M., Gair, J.R., Gammaitoni, L., Gaonkar, S., Garufi, F., Gehrels, N., Gemme, G., Gendre, B., Genin, E., Gennai, A., Ghosh, S., Giaime, J.A., Giardina, K.D., Giazotto, A., Gleason, J., Goetz, E., Goetz, R., Gondan, L., González, G., Gordon, N., Gorodetsky, M.L., Gossan, S., Goßler, S., Gouaty, R., Gräf, C., Graff, P.B., Granata, M., Grant, A., Gras, S., Gray, C., Greenhalgh, R.J.S., Gretarsson, A.M., Groot, P., Grote, H., Grover, K., Grunewald, S., Guidi, G.M., Guido, C.J., Gushwa, K., Gustafson, E.K., Gustafson, R., Ha, J., Hall, E.D., Hamilton, W., Hammer, D., Hammond, G., Hanke, M., Hanks, J., Hanna, C., Hannam, M.D., Hanson, J., Harms, J., Harry, G.M., Harry, I.W., Harstad, E.D., Hart, M., Hartman, M.T., Haster, C.-J., Haughian, K., Heidmann, A., Heintze, M., Heitmann, H., Hello, P., Hemming, G., Hendry, M., Heng, I.S., Heptonstall, A.W., Heurs, M., Hewitson, M., Hild, S., Hoak, D., Hodge, K.A., Hofman, D., Holt, K., Hopkins, P., Horrom, T., Hoske, D., Hosken, D.J., Hough, J., Howell, E.J., Hu, Y., Huerta, E., Hughey, B., Husa, S., Huttner, S.H., Huynh, M., Huynh-Dinh, T., Idrisy, A., Ingram, D.R., Inta, R., Islas, G., Isogai, T., Ivanov, A., Iyer, B.R., Izumi, K., Jacobson, M., Jang, H., Jaranowski, P., Ji, Y., Jiménez-Forteza, F., Johnson, W.W., Jones, D.I., Jones, R., Jonker, R.J.G., Ju, L., Haris, K., Kalmus, P., Kalogera, V., Kandhasamy, S., Kang, G., Kanner, J.B., Karlen, J., Kasprzack, M., Katsavounidis, E., Katzman, W., Kaufer, H., Kaufer, S., Kaur, T., Kawabe, K., Kawazoe, F., Kéfélian, F., Keiser, G.M., Keitel, D., Kelley, D.B., Kells, W., Keppel, D.G., Khalaidovski, A., Khalili, F.Y., Khazanov, E.A., Kim, C., Kim, K., Kim, N.G., Kim, N., Kim, S., Kim, Y.-M., King, E.J., King, P.J., Kinzel, D.L., Kissel, J.S., Klimenko, S., Kline, J., Koehlenbeck, S., Kokeyama, K., Kondrashov, V., Koranda, S., Korth, W.Z., Kowalska, I., Kozak, D.B., Kringel, V., Krishnan, B., Królak, A., Kuehn, G., Kumar, A., Kumar, D.N., Kumar, P., Kumar, R., Kuo, L., Kutynia, A., Lam, P.K., Landry, M., Lantz, B., Larson, S., Lasky, P.D., Lazzarini, A., Lazzaro, C., Leaci, P., Leavey, S., Lebigot, E.O., Lee, C.H., Lee, H.K., Lee, H.M., Lee, J., Lee, P.J., Leonardi, M., Leong, J.R., Leonor, I., Le Roux, A., Leroy, N., Letendre, N., Levin, Y., Levine, B., Lewis, J., Li, T.G.F., Libbrecht, K., Libson, A., Lin, A.C., Littenberg, T.B., Lockerbie, N.A., Lockett, V., Lodhia, D., Loew, K., Logue, J., Lombardi, A.L., Lopez, E., Lorenzini, M., Loriette, V., Lormand, M., Losurdo, G., Lough, J., Lubinski, M.J., Lück, H., Lundgren, A.P., Ma, Y., MacDonald, E.P., MacDonald, T., MacHenschalk, B., MacInnis, M., MacLeod, D.M., Magaña-Sandoval, F., Magee, R., Mageswaran, M., Maglione, C., Mailand, K., Majorana, E., Maksimovic, I., Malvezzi, V., Man, N., Manca, G.M., Mandel, I., Mandic, V., Mangano, V., Mangini, N.M., Mansell, G., Mantovani, M., Marchesoni, F., Marion, F., Márka, S., Márka, Z., Markosyan, A., Maros, E., Marque, J., Martelli, F., Martin, I.W., Martin, R.M., Martinelli, L., Martynov, D., Marx, J.N., Mason, K., Masserot, A., Massinger, T.J., Matichard, F., Matone, L., Mavalvala, N., May, G., Mazumder, N., Mazzolo, G., McCarthy, R., McClelland, D.E., McGuire, S.C., McIntyre, G., McIver, J., McLin, K., Meacher, D., Meadors, G.D., Mehmet, M., Meidam, J., Meinders, M., Melatos, A., Mendell, G., Mercer, R.A., Meshkov, S., Messenger, C., Meyer, M.S., Meyers, P.M., Mezzani, F., Miao, H., Michel, C., Mikhailov, E.E., Milano, L., Miller, J., Minenkov, Y., Mingarelli, C.M.F., Mishra, C., Mitra, S., Mitrofanov, V.P., Mitselmakher, G., Mittleman, R., Moe, B., Moggi, A., Mohan, M., Mohapatra, S.R.P., Moraru, D., Moreno, G., Morgado, N., Morriss, S.R., Mossavi, K., Mours, B., Mow-Lowry, C.M., Mueller, C.L., Mueller, G., Mukherjee, S., Mullavey, A., Munch, J., Murphy, D., Murray, P.G., Mytidis, A., Nagy, M.F., Nardecchia, I., Naticchioni, L., Nayak, R.K., Necula, V., Nelemans, G., Neri, I., Neri, M., Newton, G., Nguyen, T., Nielsen, A.B., Nissanke, S., Nitz, A.H., Nocera, F., Nolting, D., Normandin, M.E.N., Nuttall, L.K., Ochsner, E., O'Dell, J., Oelker, E., Oh, J.J., Oh, S.H., Ohme, F., Omar, S., Oppermann, P., Oram, R., O'Reilly, B., Ortega, W., O'Shaughnessy, R., Osthelder, C., Ottaway, D.J., Ottens, R.S., Overmier, H., Owen, B.J., Padilla, C., Pai, A., Palashov, O., Palomba, C., Pan, H., Pan, Y., Pankow, C., Paoletti, F., Papa, M.A., Paris, H., Pasqualetti, A., Passaquieti, R., Passuello, D., Pedraza, M., Pele, A., Penn, S., Perreca, A., Phelps, M., Pichot, M., Pickenpack, M., Piergiovanni, F., Pierro, V., Pinard, L., Pinto, I.M., Pitkin, M., Poeld, J., Poggiani, R., Poteomkin, A., Powell, J., Prasad, J., Predoi, V., Premachandra, S., Prestegard, T., Price, L.R., Prijatelj, M., Privitera, S., Prodi, G.A., Prokhorov, L., Puncken, O., Punturo, M., Puppo, P., Pürrer, M., Qin, J., Quetschke, V., Quintero, E., Quitzow-James, R., Raab, F.J., Rabeling, D.S., Rácz, I., Radkins, H., Raffai, P., Raja, S., Rajalakshmi, G., Rakhmanov, M., Ramet, C., Ramirez, K., Rapagnani, P., Raymond, V., Razzano, M., Re, V., Recchia, S., Reed, C.M., Regimbau, T., Reid, S., Reitze, D.H., Reula, O., Rhoades, E., Ricci, F., Riesen, R., Riles, K., Robertson, N.A., Robinet, F., Rocchi, A., Roddy, S.B., Rolland, L., Rollins, J.G., Romano, R., Romanov, G., Romie, J.H., Rosińska, D., Rowan, S., Rüdiger, A., Ruggi, P., Ryan, K., Salemi, F., Sammut, L., Sandberg, V., Sanders, J.R., Sankar, S., Sannibale, V., Santiago-Prieto, I., Saracco, E., Sassolas, B., Sathyaprakash, B.S., Saulson, P.R., Savage, R., Scheuer, J., Schilling, R., Schilman, M., Schmidt, P., Schnabel, R., Schofield, R.M.S., Schreiber, E., Schuette, D., Schutz, B.F., Scott, J., Scott, S.M., Sellers, D., Sengupta, A.S., Sentenac, D., Sequino, V., Sergeev, A., Shaddock, D.A., Shah, S., Shahriar, M.S., Shaltev, M., Shao, Z., Shapiro, B., Shawhan, P., Shoemaker, D.H., Sidery, T.L., Siellez, K., Siemens, X., Sigg, D., Simakov, D., Singer, A., Singer, L., Singh, R., Sintes, A.M., Slagmolen, B.J.J., Slutsky, J., Smith, J.R., Smith, M.R., Smith, R.J.E., Smith-Lefebvre, N.D., Son, E.J., Sorazu, B., Souradeep, T., Staley, A., Stebbins, J., Steinke, M., Steinlechner, J., Steinlechner, S., Stephens, B.C., Steplewski, S., Stevenson, S., Stone, R., Stops, D., Strain, K.A., Straniero, N., Strigin, S., Sturani, R., Stuver, A.L., Summerscales, T.Z., Susmithan, S., Sutton, P.J., Swinkels, B., Tacca, M., Talukder, D., Tanner, D.B., Tao, J., Tarabrin, S.P., Taylor, R., Tellez, G., Thirugnanasambandam, M.P., Thomas, M., Thomas, P., Thorne, K.A., Thorne, K.S., Thrane, E., Tiwari, V., Tokmakov, K.V., Tomlinson, C., Tonelli, M., Torres, C.V., Torrie, C.I., Travasso, F., Traylor, G., Tse, M., Tshilumba, D., Tuennermann, H., Ugolini, D., Unnikrishnan, C.S., Urban, A.L., Usman, S.A., Vahlbruch, H., Vajente, G., Valdes, G., Vallisneri, M., Van Beuzekom, M., Van Den Brand, J.F.J., Van Den Broeck, C., Van Der Sluys, M.V., Van Heijningen, J., Van Veggel, A.A., Vass, S., Vasúth, M., Vaulin, R., Vecchio, A., Vedovato, G., Veitch, J., Veitch, P.J., Venkateswara, K., Verkindt, D., Vetrano, F., Viceré, A., Vincent-Finley, R., Vinet, J.-Y., Vitale, S., Vo, T., Vocca, H., Vorvick, C., Vousden, W.D., Vyachanin, S.P., Wade, A.R., Wade, L., Wade, M., Walker, M., Wallace, L., Walsh, S., Wang, M., Wang, X., Ward, R.L., Was, M., Weaver, B., Wei, L.-W., Weinert, M., Weinstein, A.J., Weiss, R., Welborn, T., Wen, L., Wessels, P., West, M., Westphal, T., Wette, K., Whelan, J.T., White, D.J., Whiting, B.F., Wiesner, K., Wilkinson, C., Williams, K., Williams, L., Williams, R., Williams, T.D., Williamson, A.R., Willis, J.L., Willke, B., Wimmer, M., Winkler, W., Wipf, C.C., Wiseman, A.G., Wittel, H., Woan, G., Wolovick, N., Worden, J., Wu, Y., Yablon, J., Yakushin, I., Yam, W., Yamamoto, H., Yancey, C.C., Yang, H., Yoshida, S., Yvert, M., Zadrozny, A., Zanolin, M., Zendri, J.-P., Zhang, F., Zhang, L., Zhao, C., Zhu, H., Zhu, X.J., Zucker, M.E., Zuraw, S., Zweizig, J., Aptekar, R.L., Atteia, J.L., Cline, T., Connaughton, V., Frederiks, D.D., Golenetskii, S.V., Hurley, K., Krimm, H.A., Marisaldi, M., Pal'Shin, V.D., Palmer, D., Svinkin, D.S., Terada, Y., Von Kienlin, A.","Search for gravitational waves associated with γ-ray bursts detected by the interplanetary network",2014,"Physical Review Letters","113","1", 011102,"","",,8,10.1103/PhysRevLett.113.011102,"https://www.scopus.com/inward/record.uri?eid=2-s2.0-84903891414&doi=10.1103%2fPhysRevLett.113.011102&partnerID=40&md5=741967d475ccf33b2cf926abb450a4ea",Article,Scopus,2-s2.0-84903891414
"Aasi, J., Abbott, B.P., Abbott, R., Abbott, T., Abernathy, M.R., Acernese, F., Ackley, K., Adams, C., Adams, T., Addesso, P., Adhikari, R.X., Affeldt, C., Agathos, M., Aggarwal, N., Aguiar, O.D., Ajith, P., Alemic, A., Allen, B., Allocca, A., Amariutei, D., Andersen, M., Anderson, R.A., Anderson, S.B., Anderson, W.G., Arai, K., Araya, M.C., Arceneaux, C., Areeda, J.S., Ast, S., Aston, S.M., Astone, P., Aufmuth, P., Augustus, H., Aulbert, C., Aylott, B.E., Babak, S., Baker, P.T., Ballardin, G., Ballmer, S.W., Barayoga, J.C., Barbet, M., Barish, B.C., Barker, D., Barone, F., Barr, B., Barsotti, L., Barsuglia, M., Barton, M.A., Bartos, I., Bassiri, R., Basti, A., Batch, J.C., Bauchrowitz, J., Bauer, Th.S., Baune, C., Bavigadda, V., Behnke, B., Bejger, M., Beker, M.G., Belczynski, C., Bell, A.S., Bell, C., Bergmann, G., Bersanetti, D., Bertolini, A., Betzwieser, J., Bilenko, I.A., Billingsley, G., Birch, J., Biscans, S., Bitossi, M., Biwer, C., Bizouard, M.A., Black, E., Blackburn, J.K., Blackburn, L., Blair, D., Bloemen, S., Bock, O., Bodiya, T.P., Boer, M., Bogaert, G., Bogan, C., Bond, C., Bondu, F., Bonelli, L., Bonnand, R., Bork, R., Born, M., Boschi, V., Bose, S., Bosi, L., Bradaschia, C., Brady, P.R., Braginsky, V.B., Branchesi, M., Brau, J.E., Briant, T., Bridges, D.O., Brillet, A., Brinkmann, M., Brisson, V., Brooks, A.F., Brown, D.A., Brown, D.D., Brückner, F., Buchman, S., Buikema, A., Bulik, T., Bulten, H.J., Buonanno, A., Burman, R., Buskulic, D., Buy, C., Cadonati, L., Cagnoli, G., Cain, J., Calderón Bustillo, J., Calloni, E., Camp, J.B., Campsie, P., Cannon, K.C., Canuel, B., Cao, J., Capano, C.D., Carbognani, F., Carbone, L., Caride, S., Castaldi, G., Caudill, S., Cavaglià, M., Cavalier, F., Cavalieri, R., Celerier, C., Cella, G., Cepeda, C., Cesarini, E., Chakraborty, R., Chalermsongsak, T., Chamberlin, S.J., Chao, S., Charlton, P., Chassande-Mottin, E., Chen, X., Chen, Y., Chincarini, A., Chiummo, A., Cho, H.S., Cho, M., Chow, J.H., Christensen, N., Chu, Q., Chua, S.S.Y., Chung, S., Ciani, G., Clara, F., Clark, D.E., Clark, J.A., Clayton, J.H., Cleva, F., Coccia, E., Cohadon, P.-F., Colla, A., Collette, C., Colombini, M., Cominsky, L., Constancio Jr., M., Conte, A., Cook, D., Corbitt, T.R., Cornish, N., Corsi, A., Costa, C.A., Coughlin, M.W., Coulon, J.-P., Countryman, S., Couvares, P., Coward, D.M., Cowart, M.J., Coyne, D.C., Coyne, R., Craig, K., Creighton, J.D.E., Croce, R.P., Crowder, S.G., Cumming, A., Cunningham, L., Cuoco, E., Cutler, C., Dahl, K., Dal Canton, T., Damjanic, M., Danilishin, S.L., D'antonio, S., Danzmann, K., Dattilo, V., Daveloza, H., Davier, M., Davies, G.S., Daw, E.J., Day, R., Dayanga, T., Debra, D., Debreczeni, G., Degallaix, J., Deléglise, S., Del Pozzo, W., Del Pozzo, W., Denker, T., Dent, T., Dereli, H., Dergachev, V., De Rosa, R., Derosa, R.T., Desalvo, R., Dhurandhar, S., Díaz, M., Dickson, J., Di Fiore, L., Di Lieto, A., Di Palma, I., Di Virgilio, A., Dolique, V., Dominguez, E., Donovan, F., Dooley, K.L., Doravari, S., Douglas, R., Downes, T.P., Drago, M., Drever, R.W.P., Driggers, J.C., Du, Z., Ducrot, M., Dwyer, S., Eberle, T., Edo, T., Edwards, M., Effler, A., Eggenstein, H.-B., Ehrens, P., Eichholz, J., Eikenberry, S.S., Endroczi, G., Essick, R., Etzel, T., Evans, M., Evans, T., Factourovich, M., Fafone, V., Fairhurst, S., Fan, X., Fang, Q., Farinon, S., Farr, B., Farr, W.M., Favata, M., Fazi, D., Fehrmann, H., Fejer, M.M., Feldbaum, D., Feroz, F., Ferrante, I., Ferreira, E.C., Ferrini, F., Fidecaro, F., Finn, L.S., Fiori, I., Fisher, R.P., Flaminio, R., Fotopoulos, N., Fournier, J.-D., Franco, S., Frasca, S., Frasconi, F., Frede, M., Frei, Z., Freise, A., Frey, R., Fricke, T.T., Fritschel, P., Frolov, V.V., Fulda, P., Fyffe, M., Gair, J.R., Gammaitoni, L., Gaonkar, S., Garufi, F., Gehrels, N., Gemme, G., Gendre, B., Genin, E., Gennai, A., Ghosh, S., Giaime, J.A., Giardina, K.D., Giazotto, A., Gill, C., Gleason, J., Goetz, E., Goetz, R., Gondan, L., González, G., Gordon, N., Gorodetsky, M.L., Gossan, S., Goßler, S., Gouaty, R., Gräf, C., Graff, P.B., Granata, M., Grant, A., Gras, S., Gray, C., Greenhalgh, R.J.S., Gretarsson, A.M., Groot, P., Grote, H., Grover, K., Grunewald, S., Guidi, G.M., Guido, C.J., Gushwa, K., Gustafson, E.K., Gustafson, R., Ha, J., Hall, E.D., Hamilton, W., Hammer, D., Hammond, G., Hanke, M., Hanks, J., Hanna, C., Hannam, M.D., Hanson, J., Haris, K., Harms, J., Harry, G.M., Harry, I.W., Harstad, E.D., Hart, M., Hartman, M.T., Haster, C.-J., Haughian, K., Heidmann, A., Heintze, M., Heitmann, H., Hello, P., Hemming, G., Hendry, M., Heng, I.S., Heptonstall, A.W., Heurs, M., Hewitson, M., Hild, S., Hoak, D., Hodge, K.A., Hofman, D., Holt, K., Hopkins, P., Horrom, T., Hoske, D., Hosken, D.J., Hough, J., Howell, E.J., Hu, Y., Huerta, E., Hughey, B., Husa, S., Huttner, S.H., Huynh, M., Huynh-Dinh, T., Idrisy, A., Ingram, D.R., Inta, R., Islas, G., Isogai, T., Ivanov, A., Iyer, B.R., Izumi, K., Jacobson, M., Jang, H., Jaranowski, P., Ji, Y., Jiménez-Forteza, F., Johnson, W.W., Jones, D.I., Jones, G., Jones, R., Jonker, R.J.G., Ju, L., Kalmus, P., Kalogera, V., Kandhasamy, S., Kang, G., Kanner, J.B., Karlen, J., Kasprzack, M., Katsavounidis, E., Katzman, W., Kaufer, H., Kaufer, S., Kaur, T., Kawabe, K., Kawazoe, F., Kéfélian, F., Keiser, G.M., Keitel, D., Kelley, D.B., Kells, W., Keppel, D.G., Khalaidovski, A., Khalili, F.Y., Khazanov, E.A., Kim, C., Kim, K., Kim, N.G., Kim, N., Kim, S., Kim, Y.-M., King, E.J., King, P.J., Kinzel, D.L., Kissel, J.S., Klimenko, S., Kline, J., Koehlenbeck, S., Kokeyama, K., Kondrashov, V., Koranda, S., Korth, W.Z., Kowalska, I., Kozak, D.B., Kringel, V., Krishnan, B., Królak, A., Kuehn, G., Kumar, A., Kumar, D.N., Kumar, P., Kumar, R., Kuo, L., Kutynia, A., Lam, P.K., Landry, M., Lantz, B., Larson, S., Lasky, P.D., Lazzaro, C., Leaci, P., Leavey, S., Lebigot, E.O., Lee, C.H., Lee, H.K., Lee, H.M., Lee, J., Lee, P.J., Leonardi, M., Leong, J.R., Le Roux, A., Leroy, N., Letendre, N., Levin, Y., Levine, B., Lewis, J., Li., T.G.F., Libbrecht, K., Libson, A., Lin, A.C., Littenberg, T.B., Lockerbie, N.A., Lockett, V., Lodhia, D., Loew, K., Logue, J., Lombardi, A.L., Lopez, E., Lorenzini, M., Loriette, V., Lormand, M., Losurdo, G., Lough, J., Lubinski, M.J., Lück, H., Lundgren, A.P., Ma, Y., Macdonald, E.P., Macdonald, T., Machenschalk, B., Macinnis, M., Macleod, D.M., Magaña-Sandoval, F., Magee, R., Mageswaran, M., Maglione, C., Mailand, K., Majorana, E., Maksimovic, I., Malvezzi, V., Man, N., Manca, G.M., Mandel, I., Mandic, V., Mangano, V., Mangini, N.M., Mansell, G., Mantovani, M., Marchesoni, F., Marion, F., Márka, S., Márka, Z., Markosyan, A., Maros, E., Marque, J., Martelli, F., Martin, I.W., Martin, R.M., Martinelli, L., Martynov, D., Marx, J.N., Mason, K., Masserot, A., Massinger, T.J., Matichard, F., Matone, L., Mavalvala, N., May, G., Mazumder, N., Mazzolo, G., Mccarthy, R., Mcclelland, D.E., Mcguire, S.C., Mcintyre, G., Mciver, J., Mclin, K., Meacher, D., Meadors, G.D., Mehmet, M., Meidam, J., Meinders, M., Melatos, A., Mendell, G., Mercer, R.A., Meshkov, S., Messenger, C., Meyer, A., Meyer, M.S., Meyers, P.M., Mezzani, F., Miao, H., Michel, C., Mikhailov, E.E., Milano, L., Miller, J., Minenkov, Y., Mingarelli, C.M.F., Mishra, C., Mitra, S., Mitrofanov, V.P., Mitselmakher, G., Mittleman, R., Moe, B., Moggi, A., Mohan, M., Mohapatra, S.R.P., Moraru, D., Moreno, G., Morgado, N., Morriss, S.R., Mossavi, K., Mours, B., Mow-Lowry, C.M., Mueller, C.L., Mueller, G., Mukherjee, S., Mullavey, A., Munch, J., Murphy, D., Murray, P.G., Mytidis, A., Nagy, M.F., Nardecchia, I., Naticchioni, L., Nayak, R.K., Necula, V., Nelemans, G., Neri, I., Neri, M., Newton, G., Nguyen, T., Nielsen, A.B., Nissanke, S., Nitz, A.H., Nocera, F., Nolting, D., Normandin, M.E.N., Nuttall, L.K., Ochsner, E., O'dell, J., Oelker, E., Oh, J.J., Oh, S.H., Ohme, F., Omar, S., Oppermann, P., Oram, R., O'reilly, B., Ortega, W., O'shaughnessy, R., Osthelder, C., Ottaway, D.J., Ottens, R.S., Overmier, H., Owen, B.J., Padilla, C., Pai, A., Palashov, O., Palomba, C., Pan, H., Pan, Y., Pankow, C., Paoletti, F., Papa, M.A., Paris, H., Pasqualetti, A., Passaquieti, R., Passuello, D., Patel, P., Pedraza, M., Pele, A., Penn, S., Perreca, A., Phelps, M., Pichot, M., Pickenpack, M., Piergiovanni, F., Pierro, V., Pinard, L., Pinto, I.M., Pitkin, M., Poeld, J., Poggiani, R., Poteomkin, A., Powell, J., Prasad, J., Predoi, V., Premachandra, S., Prestegard, T., Price, L.R., Prijatelj, M., Privitera, S., Prodi, G.A., Prokhorov, L., Puncken, O., Punturo, M., Puppo, P., Pürrer, M., Qin, J., Quetschke, V., Quintero, E., Quitzow-James, R., Raab, F.J., Rabeling, D.S., Rácz, I., Radkins, H., Raffai, P., Raja, S., Rajalakshmi, G., Rakhmanov, M., Ramet, C., Ramirez, K., Rapagnani, P., Raymond, V., Razzano, M., Re, V., Recchia, S., Reed, C.M., Regimbau, T., Reid, S., Reitze, D.H., Reula, O., Rhoades, E., Ricci, F., Riesen, R., Riles, K., Robertson, N.A., Robinet, F., Rocchi, A., Roddy, S.B., Rogstad, S., Rolland, L., Rollins, J.G., Romano, R., Romanov, G., Romie, J.H., Rosińska, D., Rowan, S., Rüdiger, A., Ruggi, P., Ryan, K., Salemi, F., Sammut, L., Sandberg, V., Sanders, J.R., Sankar, S., Sannibale, V., Santiago-Prieto, I., Saracco, E., Sassolas, B., Sathyaprakash, B.S., Saulson, P.R., Savage, R., Scheuer, J., Schilling, R., Schilman, M., Schmidt, P., Schnabel, R., Schofield., R.M.S., Schreiber, E., Schuette, D., Schutz, B.F., Scott, J., Scott, S.M., Sellers, D., Sengupta, A.S., Sentenac, D., Sequino, V., Sergeev, A., Shaddock, D.A., Shah, S., Shahriar, M.S., Shaltev, M., Shao, Z., Shapiro, B., Shawhan, P., Shoemaker, D.H., Sidery, T.L., Siellez, K., Siemens, X., Sigg, D., Simakov, D., Singer, A., Singer, L., Singh, R., Sintes, A.M., Slagmolen, B.J.J., Slutsky, J., Smith, J.R., Smith, M.R., Smith, R.J.E., Smith-Lefebvre, N.D., Son, E.J., Sorazu, B., Souradeep, T., Staley, A., Stebbins, J., Steinke, M., Steinlechner, J., Steinlechner, S., Stephens, B.C., Steplewski, S., Stevenson, S., Stone, R., Stops, D., Strain, K.A., Straniero, N., Strigin, S., Sturani, R., Stuver, A.L., Summerscales, T.Z., Susmithan, S., Sutton, P.J., Swinkels, B., Tacca, M., Talukder, D., Tanner, D.B., Tao, J., Tarabrin, S.P., Taylor, R., Tellez, G., Thirugnanasambandam, M.P., Thomas, M., Thomas, P., Thorne, K.A., Thorne, K.S., Thrane, E., Tiwari, V., Tokmakov, K.V., Tomlinson, C., Tonelli, M., Torres, C.V., Torrie, C.I., Travasso, F., Traylor, G., Trias, M., Tse, M., Tshilumba, D., Tuennermann, H., Ugolini, D., Unnikrishnan, C.S., Urban, A.L., Usman, S.A., Vahlbruch, H., Vajente, G., Valdes, G., Vallisneri, M., Van Beuzekom, M., Van Den Brand, J.F.J., Van Den Broeck, C., Van Der Sluys, M.V., Van Heijningen, J., Van Veggel, A.A., Vass, S., Vasúth, M., Vaulin, R., Vecchio, A., Vedovato, G., Veitch, J., Veitch, P.J., Venkateswara, K., Verkindt, D., Vetrano, F., Viceré, A., Vincent-Finley, R., Vinet, J.-Y., Vitale, S., Vo, T., Vocca, H., Vorvick, C., Vousden, W.D., Vyachanin, S.P., Wade, A.R., Wade, L., Wade, M., Walker, M., Wallace, L., Walsh, S., Wang, M., Wang, X., Ward, R.L., Was, M., Weaver, B., Wei, L.-W., Weinert, M., Weinstein, A.J., Weiss, R., Welborn, T., Wen, L., Wessels, P., West, M., Westphal, T., Wette, K., Whelan, J.T., White, D.J., Whiting, B.F., Wiesner, K., Wilkinson, C., Williams, K., Williams, L., Williams, R., Williams, T.D., Williamson, A.R., Willis, J.L., Willke, B., Wimmer, M., Winkler, W., Wipf, C.C., Wiseman, A.G., Wittel, H., Woan, G., Wolovick, N., Worden, J., Wu, Y., Yablon, J., Yakushin, I., Yam, W., Yamamoto, H., Yancey, C.C., Yang, H., Yoshida, S., Yvert, M., Zadrozny, A., Zanolin, M., Zendri, J.-P., Zhang, F., Zhang, L., Zhao, C., Zhu, H., Zhu, X.J., Zucker, M.E., Zuraw, S., Zweizig, J.","Methods and results of a search for gravitational waves associated with gamma-ray bursts using the GEO 600, LIGO, and Virgo detectors",2014,"Physical Review D - Particles, Fields, Gravitation and Cosmology","89","12", 122004,"","",,9,10.1103/PhysRevD.89.122004,"https://www.scopus.com/inward/record.uri?eid=2-s2.0-84903830090&doi=10.1103%2fPhysRevD.89.122004&partnerID=40&md5=2cb90ee9576a11ab5773c05da9e31dc6",Article,Scopus,2-s2.0-84903830090
"Aasi, J., Abbott, B.P., Abbott, R., Abbott, T., Abernathy, M.R., Accadia, T., Acernese, F., Ackley, K., Adams, C., Adams, T., Addesso, P., Adhikari, R.X., Affeldt, C., Agathos, M., Aggarwal, N., Aguiar, O.D., Ain, A., Ajith, P., Alemic, A., Allen, B., Allocca, A., Amariutei, D., Andersen, M., Anderson, R., Anderson, S.B., Anderson, W.G., Arai, K., Araya, M.C., Arceneaux, C., Areeda, J., Aston, S.M., Astone, P., Aufmuth, P., Aulbert, C., Austin, L., Aylott, B.E., Babak, S., Baker, P.T., Ballardin, G., Ballmer, S.W., Barayoga, J.C., Barbet, M., Barish, B.C., Barker, D., Barone, F., Barr, B., Barsotti, L., Barsuglia, M., Barton, M.A., Bartos, I., Bassiri, R., Basti, A., Batch, J.C., Bauchrowitz, J., Bauer, T.S., Bavigadda, V., Behnke, B., Bejger, M., Beker, M.G., Belczynski, C., Bell, A.S., Bell, C., Bergmann, G., Bersanetti, D., Bertolini, A., Betzwieser, J., Beyersdorf, P.T., Bilenko, I.A., Billingsley, G., Birch, J., Biscans, S., Bitossi, M., Bizouard, M.A., Black, E., Blackburn, J.K., Blackburn, L., Blair, D., Bloemen, S., Blom, M., Bock, O., Bodiya, T.P., Boer, M., Bogaert, G., Bogan, C., Bond, C., Bondu, F., Bonelli, L., Bonnand, R., Bork, R., Born, M., Boschi, V., Bose, S., Bosi, L., Bradaschia, C., Brady, P.R., Braginsky, V.B., Branchesi, M., Brau, J.E., Briant, T., Bridges, D.O., Brillet, A., Brinkmann, M., Brisson, V., Brooks, A.F., Brown, D.A., Brown, D.D., Brückner, F., Buchman, S., Bulik, T., Bulten, H.J., Buonanno, A., Burman, R., Buskulic, D., Buy, C., Cadonati, L., Cagnoli, G., Calderón Bustillo, J., Calloni, E., Camp, J.B., Campsie, P., Cannon, K.C., Canuel, B., Cao, J., Capano, C.D., Carbognani, F., Carbone, L., Caride, S., Castiglia, A., Caudill, S., Cavaglià, M., Cavalier, F., Cavalieri, R., Celerier, C., Cella, G., Cepeda, C., Cesarini, E., Chakraborty, R., Chalermsongsak, T., Chamberlin, S.J., Chao, S., Charlton, P., Chassande-Mottin, E., Chen, X., Chen, Y., Chincarini, A., Chiummo, A., Cho, H.S., Chow, J., Christensen, N., Chu, Q., Chua, S.S.Y., Chung, S., Ciani, G., Clara, F., Clark, J.A., Cleva, F., Coccia, E., Cohadon, P.-F., Colla, A., Collette, C., Colombini, M., Cominsky, L., Constancio Jr., M., Conte, A., Cook, D., Corbitt, T.R., Cordier, M., Cornish, N., Corpuz, A., Corsi, A., Costa, C.A., Coughlin, M.W., Coughlin, S., Coulon, J.-P., Countryman, S., Couvares, P., Cowards, D.M., Cowart, M., Coyne, D.C., Coyne, R., Craig, K., Creighton, J.D.E., Crowder, S.G., Cumming, A., Cunningham, L., Cuoco, E., Dahl, K., Canton, T.D., Damjanic, M., Danilishin, S.L., D'Antonio, S., Danzmann, K., Dattilo, V., Daveloza, H., Davier, M., Davies, G.S., Daw, E.J., Day, R., Dayanga, T., Debreczeni, G., Degallaix, J., Deléglise, S., Del Pozzo, W., Denker, T., Dent, T., Dereli, H., Dergachev, V., De Rosa, R., Derosa, R.T., Desalvo, R., Dhurandhar, S., Díaz, M., Di Fiore, L., Di Lieto, A., Di Palma, I., Di Virgilio, A., Donath, A., Donovan, F., Dooley, K.L., Doravari, S., Dossa, S., Douglas, R., Downes, T.P., Drago, M., Drever, R.W.P., Driggers, J.C., Du, Z., Ducrot, M., Dwyer, S., Eberle, T., Edo, T., Edwards, M., Effler, A., Eggenstein, H., Ehrens, P., Eichholz, J., Eikenberry, S.S., Endroczi, G., Essick, R., Etzel, T., Evans, M., Evans, T., Factourovich, M., Fafone, V., Fairhurst, S., Fang, Q., Farinon, S., Farr, B., Farr, W.M., Favata, M., Fehrmann, H., Fejer, M.M., Feldbaum, D., Feroz, F., Ferrante, I., Ferrini, F., Fidecaro, F., Finn, L.S., Fiori, I., Fisher, R.P., Flaminio, R., Fournier, J.-D., Franco, S., Frasca, S., Frasconi, F., Frede, M., Frei, Z., Freise, A., Frey, R., Fricke, T.T., Fritschel, P., Frolov, V.V., Fulda, P., Fyffe, M., Gair, J., Gammaitoni, L., Gaonkar, S., Garufi, F., Gehrels, N., Gemme, G., Genin, E., Gennai, A., Ghosh, S., Giaime, J.A., Giardina, K.D., Giazotto, A., Gill, C., Gleason, J., Goetz, E., Goetz, R., Gondan, L., González, G., Gordon, N., Gorodetsky, M.L., Gossan, S., Goßler, S., Gouaty, R., Gräf, C., Graff, P.B., Granata, M., Grant, A., Gras, S., Gray, C., Greenhalgh, R.J.S., Gretarsson, A.M., Groot, P., Grote, H., Grover, K., Grunewald, S., Guidi, G.M., Guido, C., Gushwa, K., Gustafson, E.K., Gustafson, R., Hammer, D., Hammond, G., Hanke, M., Hanks, J., Hanna, C., Hanson, J., Harms, J., Harry, G.M., Harry, I.W., Harstad, E.D., Hart, M., Hartman, M.T., Haster, C.-J., Haughian, K., Heidmann, A., Heintze, M., Heitmann, H., Hello, P., Hemming, G., Hendry, M., Heng, I.S., Heptonstall, A.W., Heurs, M., Hewitson, M., Hild, S., Hoak, D., Hodge, K.A., Holt, K., Hooper, S., Hopkins, P., Hosken, D.J., Hough, J., Howell, E.J., Hu, Y., Huerta, E., Hughey, B., Husa, S., Huttner, S.H., Huynh, M., Huynh-Dinh, T., Ingram, D.R., Inta, R., Isogai, T., Ivanov, A., Iyer, B.R., Izumi, K., Jacobson, M., James, E., Jang, H., Jaranowski, P., Ji, Y., Jiménez-Forteza, F., Johnson, W.W., Jones, D.I., Jones, R., Jonker, R.J.G., Ju, L., K, H., Kalmus, P., Kalogera, V., Kandhasamy, S., Kang, G., Kanner, J.B., Karlen, J., Kasprzack, M., Katsavounidis, E., Katzman, W., Kaufer, H., Kawabe, K., Kawazoe, F., Kéfélian, F., Keiser, G.M., Keitel, D., Kelley, D.B., Kells, W., Khalaidovski, A., Khalili, F.Y., Khazanov, E.A., Kim, C., Kim, K., Kim, N.G., Kim, N., Kim, Y.-M., King, E.J., King, P.J., Kinzel, D.L., Kissel, J.S., Klimenko, S., Kline, J., Koehlenbeck, S., Kokeyama, K., Kondrashov, V., Koranda, S., Korth, W.Z., Kowalska, I., Kozak, D.B., Kremin, A., Kringel, V., Krishnan, B., Królak, A., Kuehn, G., Kumar, A., Kumar, P., Kumar, R., Kuo, L., Kutynia, A., Kwee, P., Landry, M., Lantz, B., Larson, S., Lasky, P.D., Lawrie, C., Lazzarini, A., Lazzaro, C., Leaci, P., Leavey, S., Lebigot, E.O., Lee, C.-H., Lee, H.K., Lee, H.M., Lee, J., Leonardi, M., Leong, J.R., Le Roux, A., Leroy, N., Letendre, N., Levin, Y., Levine, B., Lewis, J., Li, T.G.F., Libbrecht, K., Libson, A., Lin, A.C., Littenberg, T.B., Litvine, V., Lockerbie, N.A., Lockett, V., Lodhia, D., Loew, K., Logue, J., Lombardi, A.L., Lorenzini, M., Loriette, V., Lormand, M., Losurdo, G., Lough, J., Lubinski, M.J., Lück, H., Luijten, E., Lundgren, A.P., Lynch, R., Ma, Y., Macarthur, J., Macdonald, E.P., Macdonald, T., Machenschalk, B., Macinnis, M., Macleod, D.M., Magana-Sandoval, F., Mageswaran, M., Maglione, C., Mailand, K., Majorana, E., Maksimovic, I., Malvezzi, V., Man, N., Manca, G.M., Mandel, I., Mandic, V., Mangano, V., Mangini, N., Mantovani, M., Marchesoni, F., Marion, F., Márka, S., Márka, Z., Markosyan, A., Maros, E., Marque, J., Martelli, F., Martin, I.W., Martin, R.M., Martinelli, L., Martynov, D., Marx, J.N., Mason, K., Masserot, A., Massinger, T.J., Matichard, F., Matone, L., Matzner, R.A., Mavalvala, N., Mazumder, N., Mazzolo, G., McCarthy, R., McClelland, D.E., McGuire, S.C., McIntyre, G., McIver, J., McLin, K., Meacher, D., Meadors, G.D., Mehmet, M., Meidam, J., Meinders, M., Melatos, A., Mendell, G., Mercer, R.A., Meshkov, S., Messenger, C., Meyers, P., Miao, H., Michel, C., Mikhailov, E.E., Milano, L., Milde, S., Miller, J., Minenkov, Y., Mingarelli, C.M.F., Mishra, C., Mitra, S., Mitrofanov, V.P., Mitselmakher, G., Mittleman, R., Moe, B., Moesta, P., Moggi, A., Mohan, M., Mohapatra, S.R.P., Moraru, D., Moreno, G., Morgado, N., Morriss, S.R., Mossavi, K., Mours, B., Mow-Lowry, C.M., Mueller, C.L., Mueller, G., Mukherjee, S., Mullavey, A., Munch, J., Murphy, D., Murray, P.G., Mytidis, A., Nagy, M.F., Nanda Kumar, D., Nardecchia, I., Naticchioni, L., Nayak, R.K., Necula, V., Nelemans, G., Neri, I., Neri, M., Newton, G., Nguyen, T., Nitz, A., Nocera, F., Nolting, D., Normandin, M.E.N., Nuttall, L.K., Ochsner, E., O'Dell, J., Oelker, E., Oh, J.J., Oh, S.H., Ohme, F., Oppermann, P., O'Reilly, B., O'Shaughnessy, R., Osthelder, C., Ottaway, D.J., Ottens, R.S., Overmier, H., Owen, B.J., Padilla, C., Pai, A., Palashov, O., Palomba, C., Pan, H., Pan, Y., Pankow, C., Paoletti, F., Papa, M.A., Paris, H., Pasqualetti, A., Passaquieti, R., Passuello, D., Pedraza, M., Penn, S., Perreca, A., Phelps, M., Pichot, M., Pickenpack, M., Piergiovanni, F., Pierro, V., Pinard, L., Pinto, I.M., Pitkin, M., Poeld, J., Poggiani, R., Poteomkin, A., Powell, J., Prasad, J., Premachandra, S., Prestegard, T., Price, L.R., Prijatelj, M., Privitera, S., Prodi, G.A., Prokhorov, L., Puncken, O., Punturo, M., Puppo, P., Qin, J., Quetschke, V., Quintero, E., Quiroga, G., Quitzow-James, R., Raab, F.J., Rabeling, D.S., Rácz, I., Radkins, H., Raffai, P., Raja, S., Rajalakshmi, G., Rakhmanov, M., Ramet, C., Ramirez, K., Rapagnani, P., Raymond, V., Re, V., Read, J., Reed, C.M., Regimbau, T., Reid, S., Reitze, D.H., Rhoades, E., Ricci, F., Riles, K., Robertson, N.A., Robinet, F., Rocchi, A., Rodruck, M., Rolland, L., Rollins, J.G., Romano, R., Romanov, G., Romie, J.H., Rosińska, D., Rowan, S., Rüdiger, A., Ruggi, P., Ryan, K., Salemi, F., Sammut, L., Sandberg, V., Sanders, J.R., Sannibale, V., Santiago-Prieto, I., Saracco, E., Sassolas, B., Sathyaprakash, B.S., Saulson, P.R., Savage, R., Scheuer, J., Schilling, R., Schnabel, R., Schofield, R.M.S., Schreiber, E., Schuette, D., Schutz, B.F., Scott, J., Scott, S.M., Sellers, D., Sengupta, A.S., Sentenac, D., Sequino, V., Sergeev, A., Shaddock, D., Shah, S., Shahriar, M.S., Shaltev, M., Shapiro, B., Shawhan, P., Shoemaker, D.H., Sidery, T.L., Siellez, K., Siemens, X., Sigg, D., Simakov, D., Singer, A., Singer, L., Singh, R., Sintes, A.M., Slagmolen, B.J.J., Slutsky, J., Smith, J.R., Smith, M., Smith, R.J.E., Smith-Lefebvre, N.D., Son, E.J., Sorazu, B., Souradeep, T., Staley, A., Stebbins, J., Steinlechner, J., Steinlechner, S., Stephens, B.C., Steplewski, S., Stevenson, S., Stone, R., Stops, D., Strain, K.A., Straniero, N., Strigin, S., Sturani, R., Stuver, A.L., Summerscales, T.Z., Susmithan, S., Sutton, P.J., Swinkels, B., Tacca, M., Talukder, D., Tanner, D.B., Tarabrin, S.P., Taylor, R., Ter Braack, A.P.M., Thirugnanasambandam, M.P., Thomas, M., Thomas, P., Thorne, K.A., Thorne, K.S., Thrane, E., Tiwari, V., Tokmakov, K.V., Tomlinson, C., Tonelli, M., Torres, C.V., Torrie, C.I., Travasso, F., Traylor, G., Tse, M., Ugolini, D., Unnikrishnan, C.S., Urban, A.L., Urbanek, K., Vahlbruch, H., Vajente, G., Valdes, G., Vallisneri, M., Van Beuzekom, M., Van Den Brand, J.F.J., Van Den Broeck, C., Van Der Putten, S., Van Der Sluys, M.V., Van Heijningen, J., Van Veggel, A.A., Vass, S., Vasúth, M., Vaulin, R., Vecchio, A., Vedovato, G., Veitch, J., Veitch, P.J., Venkateswara, K., Verkindt, D., Verma, S.S., Vetrano, F., Viceré, A., Vincent-Finley, R., Vinet, J.-Y., Vitale, S., Vo, T., Vocca, H., Vorvick, C., Vousden, W.D., Vyachanin, S.P., Wade, A., Wade, L., Wade, M., Walker, M., Wallace, L., Wang, M., Wang, X., Ward, R.L., Was, M., Weaver, B., Wei, L.-W., Weinert, M., Weinstein, A.J., Weiss, R., Welborn, T., Wen, L., Wessels, P., West, M., Westphal, T., Wette, K., Whelan, J.T., White, D.J., Whiting, B.F., Wiesner, K., Wilkinson, C., Williams, K., Williams, L., Williams, R., Williams, T., Williamson, A.R., Willis, J.L., Willke, B., Wimmer, M., Winkler, W., Wipf, C.C., Wiseman, A.G., Wittel, H., Woan, G., Worden, J., Yablon, J., Yakushin, I., Yamamoto, H., Yancey, C.C., Yang, H., Yang, Z., Yoshida, S., Yvert, M., Zadrozny, A., Zanolin, M., Zendri, J.-P., Zhang, F., Zhang, L., Zhao, C., Zhu, X.J., Zucker, M.E., Zuraw, S., Zweizig, J.","Search for gravitational radiation from intermediate mass black hole binaries in data from the second LIGO-Virgo joint science run",2014,"Physical Review D - Particles, Fields, Gravitation and Cosmology","89","12", 122003,"","",,11,10.1103/PhysRevD.89.122003,"https://www.scopus.com/inward/record.uri?eid=2-s2.0-84903121914&doi=10.1103%2fPhysRevD.89.122003&partnerID=40&md5=6341e6728198772b6319ea5879410026",Article,Scopus,2-s2.0-84903121914
"Aasi, J., Abbott, B.P., Abbott, R., Abbott, T., Abernathy, M.R., Accadia, T., Acernese, F., Ackley, K., Adams, C., Adams, T., Addesso, P., Adhikari, R.X., Affeldt, C., Agathos, M., Aggarwal, N., Aguiar, O.D., Ain, A., Ajith, P., Alemic, A., Allen, B., Allocca, A., Amariutei, D., Andersen, M., Anderson, R., Anderson, S.B., Anderson, W.G., Arai, K., Araya, M.C., Arceneaux, C., Areeda, J., Aston, S.M., Astone, P., Aufmuth, P., Aulbert, C., Austin, L., Aylott, B.E., Babak, S., Baker, P.T., Ballardin, G., Ballmer, S.W., Barayoga, J.C., Barbet, M., Barish, B.C., Barker, D., Barone, F., Barr, B., Barsotti, L., Barsuglia, M., Barton, M.A., Bartos, I., Bassiri, R., Basti, A., Batch, J.C., Bauchrowitz, J., Bauer, T.S., Behnke, B., Bejger, M., Beker, M.G., Belczynski, C., Bell, A.S., Bell, C., Bergmann, G., Bersanetti, D., Bertolini, A., Betzwieser, J., Beyersdorf, P.T., Bilenko, I.A., Billingsley, G., Birch, J., Biscans, S., Bitossi, M., Bizouard, M.A., Black, E., Blackburn, J.K., Blackburn, L., Blair, D., Bloemen, S., Blom, M., Bock, O., Bodiya, T.P., Boer, M., Bogaert, G., Bogan, C., Bond, C., Bondu, F., Bonelli, L., Bonnand, R., Bork, R., Born, M., Boschi, V., Bose, S., Bosi, L., Bradaschia, C., Brady, P.R., Braginsky, V.B., Branchesi, M., Brau, J.E., Briant, T., Bridges, D.O., Brillet, A., Brinkmann, M., Brisson, V., Brooks, A.F., Brown, D.A., Brown, D.D., Brückner, F., Buchman, S., Bulik, T., Bulten, H.J., Buonanno, A., Burman, R., Buskulic, D., Buy, C., Cadonati, L., Cagnoli, G., Bustillo, J.C., Calloni, E., Camp, J.B., Campsie, P., Cannon, K.C., Canuel, B., Cao, J., Capano, C.D., Carbognani, F., Carbone, L., Caride, S., Castiglia, A., Caudill, S., Cavaglià, M., Cavalier, F., Cavalieri, R., Celerier, C., Cella, G., Cepeda, C., Cesarini, E., Chakraborty, R., Chalermsongsak, T., Chamberlin, S.J., Chao, S., Charlton, P., Chassande-Mottin, E., Chen, X., Chen, Y., Chincarini, A., Chiummo, A., Cho, H.S., Chow, J., Christensen, N., Chu, Q., Chua, S.S.Y., Chung, S., Ciani, G., Clara, F., Clark, J.A., Cleva, F., Coccia, E., Cohadon, P.-F., Colla, A., Collette, C., Colombini, M., Cominsky, L., Constancio, M., Conte, A., Cook, D., Corbitt, T.R., Cordier, M., Cornish, N., Corpuz, A., Corsi, A., Costa, C.A., Coughlin, M.W., Coughlin, S., Coulon, J.-P., Countryman, S., Couvares, P., Coward, D.M., Cowart, M., Coyne, D.C., Coyne, R., Craig, K., Creighton, J.D.E., Crowder, S.G., Cumming, A., Cunningham, L., Cuoco, E., Dahl, K., Canton, T.D., Damjanic, M., Danilishin, S.L., D'Antonio, S., Danzmann, K., Dattilo, V., Daveloza, H., Davier, M., Davies, G.S., Daw, E.J., Day, R., Dayanga, T., Debreczeni, G., Degallaix, J., Deléglise, S., Pozzo, W.D., Denker, T., Dent, T., Dereli, H., Dergachev, V., De Rosa, R., Derosa, R.T., Desalvo, R., Dhurandhar, S., Díaz, M., Fiore, L.D., Lieto, A.D., Palma, I.D., Virgilio, A.D., Donath, A., Donovan, F., Dooley, K.L., Doravari, S., Dossa, S., Douglas, R., Downes, T.P., Drago, M., Drever, R.W.P., Driggers, J.C., Du, Z., Dwyer, S., Eberle, T., Edo, T., Edwards, M., Effler, A., Eggenstein, H., Ehrens, P., Eichholz, J., Eikenberry, S.S., Endröczi, G., Essick, R., Etzel, T., Evans, M., Evans, T., Factourovich, M., Fafone, V., Fairhurst, S., Fang, Q., Farinon, S., Farr, B., Farr, W.M., Favata, M., Fehrmann, H., Fejer, M.M., Feldbaum, D., Feroz, F., Ferrante, I., Ferrini, F., Fidecaro, F., Finn, L.S., Fiori, I., Fisher, R.P., Flaminio, R., Fournier, J.-D., Franco, S., Frasca, S., Frasconi, F., Frede, M., Frei, Z., Freise, A., Frey, R., Fricke, T.T., Fritschel, P., Frolov, V.V., Fulda, P., Fyffe, M., Gair, J., Gammaitoni, L., Gaonkar, S., Garufi, F., Gehrels, N., Gemme, G., Genin, E., Gennai, A., Ghosh, S., Giaime, J.A., Giardina, K.D., Giazotto, A., Gill, C., Gleason, J., Goetz, E., Goetz, R., Gondan, L., González, G., Gordon, N., Gorodetsky, M.L., Gossan, S., Goßler, S., Gouaty, R., Gräf, C., Graff, P.B., Granata, M., Grant, A., Gras, S., Gray, C., Greenhalgh, R.J.S., Gretarsson, A.M., Groot, P., Grote, H., Grover, K., Grunewald, S., Guidi, G.M., Guido, C., Gushwa, K., Gustafson, E.K., Gustafson, R., Hammer, D., Hammond, G., Hanke, M., Hanks, J., Hanna, C., Hanson, J., Harms, J., Harry, G.M., Harry, I.W., Harstad, E.D., Hart, M., Hartman, M.T., Haster, C.-J., Haughian, K., Heidmann, A., Heintze, M., Heitmann, H., Hello, P., Hemming, G., Hendry, M., Heng, I.S., Heptonstall, A.W., Heurs, M., Hewitson, M., Hild, S., Hoak, D., Hodge, K.A., Holt, K., Hooper, S., Hopkins, P., Hosken, D.J., Hough, J., Howell, E.J., Hu, Y., Hughey, B., Husa, S., Huttner, S.H., Huynh, M., Huynh-Dinh, T., Ingram, D.R., Inta, R., Isogai, T., Ivanov, A., Iyer, B.R., Izumi, K., Jacobson, M., James, E., Jang, H., Jaranowski, P., Ji, Y., Jiménez-Forteza, F., Johnson, W.W., Jones, D.I., Jones, R., Jonker, R.J.G., Ju, L., Haris, K., Kalmus, P., Kalogera, V., Kandhasamy, S., Kang, G., Kanner, J.B., Karlen, J., Kasprzack, M., Katsavounidis, E., Katzman, W., Kaufer, H., Kawabe, K., Kawazoe, F., Kéfélian, F., Keiser, G.M., Keitel, D., Kelley, D.B., Kells, W., Khalaidovski, A., Khalili, F.Y., Khazanov, E.A., Kim, C., Kim, K., Kim, N., Kim, N.G., Kim, Y.-M., King, E.J., King, P.J., Kinzel, D.L., Kissel, J.S., Klimenko, S., Kline, J., Koehlenbeck, S., Kokeyama, K., Kondrashov, V., Koranda, S., Korth, W.Z., Kowalska, I., Kozak, D.B., Kremin, A., Kringel, V., Krishnan, B., Królak, A., Kuehn, G., Kumar, A., Kumar, P., Kumar, R., Kuo, L., Kutynia, A., Kwee, P., Landry, M., Lantz, B., Larson, S., Lasky, P.D., Lawrie, C., Lazzarini, A., Lazzaro, C., Leaci, P., Leavey, S., Lebigot, E.O., Lee, C.-H., Lee, H.K., Lee, H.M., Lee, J., Leonardi, M., Leong, J.R., Le Roux, A., Leroy, N., Letendre, N., Levin, Y., Levine, B., Lewis, J., Li, T.G.F., Libbrecht, K., Libson, A., Lin, A.C., Littenberg, T.B., Litvine, V., Lockerbie, N.A., Lockett, V., Lodhia, D., Loew, K., Logue, J., Lombardi, A.L., Lorenzini, M., Loriette, V., Lormand, M., Losurdo, G., Lough, J., Lubinski, M.J., Lück, H., Luijten, E., Lundgren, A.P., Lynch, R., Ma, Y., Macarthur, J., Macdonald, E.P., Macdonald, T., Machenschalk, B., Macinnis, M., Macleod, D.M., Magana-Sandoval, F., Mageswaran, M., Maglione, C., Mailand, K., Majorana, E., Maksimovic, I., Malvezzi, V., Man, N., Manca, G.M., Mandel, I., Mandic, V., Mangano, V., Mangini, N., Mantovani, M., Marchesoni, F., Marion, F., Márka, S., Márka, Z., Markosyan, A., Maros, E., Marque, J., Martelli, F., Martin, I.W., Martin, R.M., Martinelli, L., Martynov, D., Marx, J.N., Mason, K., Masserot, A., Massinger, T.J., Matichard, F., Matone, L., Matzner, R.A., Mavalvala, N., Mazumder, N., Mazzolo, G., McCarthy, R., McClelland, D.E., McGuire, S.C., McIntyre, G., McIver, J., McLin, K., Meacher, D., Meadors, G.D., Mehmet, M., Meidam, J., Meinders, M., Melatos, A., Mendell, G., Mercer, R.A., Meshkov, S., Messenger, C., Meyers, P., Miao, H., Michel, C., Mikhailov, E.E., Milano, L., Milde, S., Miller, J., Minenkov, Y., Mingarelli, C.M.F., Mishra, C., Mitra, S., Mitrofanov, V.P., Mitselmakher, G., Mittleman, R., Moe, B., Moesta, P., Mohan, M., Mohapatra, S.R.P., Moraru, D., Moreno, G., Morgado, N., Morriss, S.R., Mossavi, K., Mours, B., Mow-Lowry, C.M., Mueller, C.L., Mueller, G., Mukherjee, S., Mullavey, A., Munch, J., Murphy, D., Murray, P.G., Mytidis, A., Nagy, M.F., Kumar, D.N., Nardecchia, I., Naticchioni, L., Nayak, R.K., Necula, V., Nelemans, G., Neri, I., Neri, M., Newton, G., Nguyen, T., Nitz, A., Nocera, F., Nolting, D., Normandin, M.E.N., Nuttall, L.K., Ochsner, E., O'Dell, J., Oelker, E., Oh, J.J., Oh, S.H., Ohme, F., Oppermann, P., O'Reilly, B., O'Shaughnessy, R., Osthelder, C., Ottaway, D.J., Ottens, R.S., Overmier, H., Owen, B.J., Padilla, C., Pai, A., Palashov, O., Palomba, C., Pan, H., Pan, Y., Pankow, C., Paoletti, F., Paoletti, R., Papa, M.A., Paris, H., Pasqualetti, A., Passaquieti, R., Passuello, D., Pedraza, M., Penn, S., Perreca, A., Phelps, M., Pichot, M., Pickenpack, M., Piergiovanni, F., Pierro, V., Pinard, L., Pinto, I.M., Pitkin, M., Poeld, J., Poggiani, R., Poteomkin, A., Powell, J., Prasad, J., Premachandra, S., Prestegard, T., Price, L.R., Prijatelj, M., Privitera, S., Prodi, G.A., Prokhorov, L., Puncken, O., Punturo, M., Puppo, P., Qin, J., Quetschke, V., Quintero, E., Quiroga, G., Quitzow-James, R., Raab, F.J., Rabeling, D.S., Rácz, I., Radkins, H., Raffai, P., Raja, S., Rajalakshmi, G., Rakhmanov, M., Ramet, C., Ramirez, K., Rapagnani, P., Raymond, V., Re, V., Read, J., Reed, C.M., Regimbau, T., Reid, S., Reitze, D.H., Rhoades, E., Ricci, F., Riles, K., Robertson, N.A., Robinet, F., Rocchi, A., Rodruck, M., Rolland, L., Rollins, J.G., Romano, R., Romanov, G., Romie, J.H., Rosińska, D., Rowan, S., Rüdiger, A., Ruggi, P., Ryan, K., Salemi, F., Sammut, L., Sandberg, V., Sanders, J.R., Sannibale, V., Santiago-Prieto, I., Saracco, E., Sassolas, B., Sathyaprakash, B.S., Saulson, P.R., Savage, R., Scheuer, J., Schilling, R., Schnabel, R., Schofield, R.M.S., Schreiber, E., Schuette, D., Schutz, B.F., Scott, J., Scott, S.M., Sellers, D., Sengupta, A.S., Sentenac, D., Sequino, V., Sergeev, A., Shaddock, D., Shah, S., Shahriar, M.S., Shaltev, M., Shapiro, B., Shawhan, P., Shoemaker, D.H., Sidery, T.L., Siellez, K., Siemens, X., Sigg, D., Simakov, D., Singer, A., Singer, L., Singh, R., Sintes, A.M., Slagmolen, B.J.J., Slutsky, J., Smith, J.R., Smith, M., Smith, R.J.E., Smith-Lefebvre, N.D., Son, E.J., Sorazu, B., Souradeep, T., Sperandio, L., Staley, A., Stebbins, J., Steinlechner, J., Steinlechner, S., Stephens, B.C., Steplewski, S., Stevenson, S., Stone, R., Stops, D., Strain, K.A., Straniero, N., Strigin, S., Sturani, R., Stuver, A.L., Summerscales, T.Z., Susmithan, S., Sutton, P.J., Swinkels, B., Tacca, M., Talukder, D., Tanner, D.B., Tarabrin, S.P., Taylor, R., Braack, A.P.M.T., Thirugnanasambandam, M.P., Thomas, M., Thomas, P., Thorne, K.A., Thorne, K.S., Thrane, E., Tiwari, V., Tokmakov, K.V., Tomlinson, C., Toncelli, A., Tonelli, M., Torre, O., Torres, C.V., Torrie, C.I., Travasso, F., Traylor, G., Tse, M., Ugolini, D., Unnikrishnan, C.S., Urban, A.L., Urbanek, K., Vahlbruch, H., Vajente, G., Valdes, G., Vallisneri, M., Brand, J.F.J.V.D., Van Den Broeck, C., Van Der Putten, S., Van Der Sluys, M.V., Van Heijningen, J., Van Veggel, A.A., Vass, S., Vasúth, M., Vaulin, R., Vecchio, A., Vedovato, G., Veitch, J., Veitch, P.J., Venkateswara, K., Verkindt, D., Verma, S.S., Vetrano, F., Viceré, A., Vincent-Finley, R., Vinet, J.-Y., Vitale, S., Vo, T., Vocca, H., Vorvick, C., Vousden, W.D., Vyachanin, S.P., Wade, A., Wade, L., Wade, M., Walker, M., Wallace, L., Wang, M., Wang, X., Ward, R.L., Was, M., Weaver, B., Wei, L.-W., Weinert, M., Weinstein, A.J., Weiss, R., Welborn, T., Wen, L., Wessels, P., West, M., Westphal, T., Wette, K., Whelan, J.T., Whitcomb, S.E., White, D.J., Whiting, B.F., Wiesner, K., Wilkinson, C., Williams, K., Williams, L., Williams, R., Williams, T., Williamson, A.R., Willis, J.L., Willke, B., Wimmer, M., Winkler, W., Wipf, C.C., Wiseman, A.G., Wittel, H., Woan, G., Worden, J., Yablon, J., Yakushin, I., Yamamoto, H., Yancey, C.C., Yang, H., Yang, Z., Yoshida, S., Yvert, M., Zadrozny, A., Zanolin, M., Zendri, J.-P., Zhang, F., Zhang, L., Zhao, C., Zhu, X.J., Zucker, M.E., Zuraw, S., Zweizig, J., Boyle, M., Brügmann, B., Buchman, L.T., Campanelli, M., Chu, T., Etienne, Z.B., Hannam, M., Healy, J., Hinder, I., Kidder, L.E., Laguna, P., Liu, Y.T., London, L., Lousto, C.O., Lovelace, G., Macdonald, I., Marronetti, P., Mösta, P., Müller, D., Mundim, B.C., Nakano, H., Paschalidis, V., Pekowsky, L., Pollney, D., Pfeiffer, H.P., Ponce, M., Pürrer, M., Reifenberger, G., Reisswig, C., Santamaría, L., Scheel, M.A., Shapiro, S.L., Shoemaker, D., Sopuerta, C.F., Sperhake, U., Szilágyi, B., Taylor, N.W., Tichy, W., Tsatsin, P., Zlochower, Y.","The NINJA-2 project: Detecting and characterizing gravitational waveforms modelled using numerical binary black hole simulations",2014,"Classical and Quantum Gravity","31","11", 115004,"","",,22,10.1088/0264-9381/31/11/115004,"https://www.scopus.com/inward/record.uri?eid=2-s2.0-84901437653&doi=10.1088%2f0264-9381%2f31%2f11%2f115004&partnerID=40&md5=78cf3681a7b0c89054b115c171c17012",Article,Scopus,2-s2.0-84901437653
"Aasi, J., Abbott, B.P., Abbott, R., Abbott, T., Abernathy, M.R., Acernese, F., Ackley, K., Adams, C., Adams, T., Addesso, P., Adhikari, R.X., Affeldt, C., Agathos, M., Aggarwal, N., Aguiar, O.D., Ain, A., Ajith, P., Alemic, A., Allen, B., Allocca, A., Amariutei, D., Andersen, M., Anderson, R., Anderson, S.B., Anderson, W.G., Arai, K., Araya, M.C., Arceneaux, C., Areeda, J., Aston, S.M., Astone, P., Aufmuth, P., Aulbert, C., Austin, L., Aylott, B.E., Babak, S., Baker, P.T., Ballardin, G., Ballmer, S.W., Barayoga, J.C., Barbet, M., Barish, B.C., Barker, D., Barone, F., Barr, B., Barsotti, L., Barsuglia, M., Barton, M.A., Bartos, I., Bassiri, R., Basti, A., Batch, J.C., Bauchrowitz, J., Bauer, T.H.S., Bavigadda, V., Behnke, B., Bejger, M., Beker, M.G., Belczynski, C., Bell, A.S., Bell, C., Benacquista, M., Bergmann, G., Bersanetti, D., Bertolini, A., Betzwieser, J., Beyersdorf, P.T., Bilenko, I.A., Billingsley, G., Birch, J., Biscans, S., Bitossi, M., Bizouard, M.A., Black, E., Blackburn, J.K., Blackburn, L., Blair, D., Bloemen, S., Bock, O., Bodiya, T.P., Boer, M., Bogaert, G., Bogan, C., Bond, C., Bondu, F., Bonelli, L., Bonnand, R., Bork, R., Born, M., Boschi, V., Bose, S., Bosi, L., Bradaschia, C., Brady, P.R., Braginsky, V.B., Branchesi, M., Brau, J.E., Briant, T., Bridges, D.O., Brillet, A., Brinkmann, M., Brisson, V., Brooks, A.F., Brown, D.A., Brown, D.D., Brückner, F., Buchman, S., Bulik, T., Bulten, H.J., Buonanno, A., Burman, R., Buskulic, D., Buy, C., Cadonati, L., Cagnoli, G., Bustillo, J.C., Calloni, E., Camp, J.B., Campsie, P., Cannon, K.C., Canuel, B., Cao, J., Capano, C.D., Carbognani, F., Carbone, L., Caride, S., Castiglia, A., Caudill, S., Cavaglià, M., Cavalier, F., Cavalieri, R., Celerier, C., Cella, G., Cepeda, C., Cesarini, E., Chakraborty, R., Chalermsongsak, T., Chamberlin, S.J., Chao, S., Charlton, P., Chassande-Mottin, E., Chen, X., Chen, Y., Chincarini, A., Chiummo, A., Cho, H.S., Chow, J., Christensen, N., Chu, Q., Chua, S..S.Y., Chung, S., Ciani, G., Clara, F., Clark, J.A., Cleva, F., Coccia, E., Cohadon, P.-F., Colla, A., Collette, C., Colombini, M., Cominsky, L., Constancio Jr., M., Conte, A., Cook, D., Corbitt, T.R., Cordier, M., Cornish, N., Corpuz, A., Corsi, A., Costa, C.A., Coughlin, M.W., Coughlin, S., Coulon, J.-P., Countryman, S., Couvares, P., Coward, D.M., Cowart, M., Coyne, D.C., Coyne, R., Craig, K., Creighton, J..D.E., Crowder, S.G., Cumming, A., Cunningham, L., Cuoco, E., Dahl, K., Canton, T.D., Damjanic, M., Danilishin, S.L., D'Antonio, S., Danzmann, K., Dattilo, V., Daveloza, H., Davier, M., Davies, G.S., Daw, E.J., Day, R., Dayanga, T., Debreczeni, G., Degallaix, J., Deléglise, S., Del Pozzo, W., Denker, T., Dent, T., Dereli, H., Dergachev, V., De Rosa, R., Derosa, R.T., Desalvo, R., Dhurandhar, S., Díaz, M., Di Fiore, L., Di Lieto, A., Di Palma, I., Di Virgilio, A., Dolique, V., Donath, A., Donovan, F., Dooley, K.L., Doravari, S., Dossa, S., Douglas, R., Downes, T.P., Drago, M., Drever, R..W.P., Driggers, J.C., Du, Z., Ducrot, M., Dwyer, S., Eberle, T., Edo, T., Edwards, M., Effler, A., Eggenstein, H., Ehrens, P., Eichholz, J., Eikenberry, S.S., Endroczi, G., Essick, R., Etzel, T., Evans, M., Evans, T., Factourovich, M., Fafone, V., Fairhurst, S., Fang, Q., Farinon, S., Farr, B., Farr, W.M., Favata, M., Fehrmann, H., Fejer, M.M., Feldbaum, D., Feroz, F., Ferrante, I., Ferrini, F., Fidecaro, F., Finn, L.S., Fiori, I., Fisher, R.P., Flaminio, R., Fournier, J.-D., Franco, S., Frasca, S., Frasconi, F., Frede, M., Frei, Z., Freise, A., Frey, R., Fricke, T.T., Fritschel, P., Frolov, V.V., Fulda, P., Fyffe, M., Gair, J., Gammaitoni, L., Gaonkar, S., Garufi, F., Gehrels, N., Gemme, G., Gendre, B., Genin, E., Gennai, A., Ghosh, S., Giaime, J.A., Giardina, K.D., Giazotto, A., Gill, C., Gleason, J., Goetz, E., Goetz, R., Goggin, L.M., Gondan, L., González, G., Gordon, N., Gorodetsky, M.L., Gossan, S., Goßler, S., Gouaty, R., Gräf, C., Graff, P.B., Granata, M., Grant, A., Gras, S., Gray, C., Greenhalgh, R..J.S., Gretarsson, A.M., Groot, P., Grote, H., Grover, K., Grunewald, S., Guidi, G.M., Guido, C., Gushwa, K., Gustafson, E.K., Gustafson, R., Hammer, D., Hammond, G., Hanke, M., Hanks, J., Hanna, C., Hanson, J., Harms, J., Harry, G.M., Harry, I.W., Harstad, E.D., Hart, M., Hartman, M.T., Haster, C.-J., Haughian, K., Heidmann, A., Heintze, M., Heitmann, H., Hello, P., Hemming, G., Hendry, M., Heng, I.S., Heptonstall, A.W., Heurs, M., Hewitson, M., Hild, S., Hoak, D., Hodge, K.A., Holt, K., Hooper, S., Hopkins, P., Hosken, D.J., Hough, J., Howell, E.J., Hu, Y., Huerta, E., Hughey, B., Husa, S., Huttner, S.H., Huynh, M., Huynh-Dinh, T., Ingram, D.R., Inta, R., Isogai, T., Ivanov, A., Iyer, B.R., Izumi, K., Jacobson, M., James, E., Jang, H., Jaranowski, P., Ji, Y., Jiménez-Forteza, F., Johnson, W.W., Jones, D.I., Jones, R., Jonker, R..J.G., Ju, L., Haris, K., Kalmus, P., Kalogera, V., Kandhasamy, S., Kang, G., Kanner, J.B., Karlen, J., Kasprzack, M., Katsavounidis, E., Katzman, W., Kaufer, H., Kawabe, K., Kawazoe, F., Kéfélian, F., Keiser, G.M., Keitel, D., Kelley, D.B., Kells, W., Khalaidovski, A., Khalili, F.Y., Khazanov, E.A., Kim, C., Kim, K., Kim, N., Kim, N.G., Kim, Y.-M., King, E.J., King, P.J., Kinzel, D.L., Kissel, J.S., Klimenko, S., Kline, J., Koehlenbeck, S., Kokeyama, K., Kondrashov, V., Koranda, S., Korth, W.Z., Kowalska, I., Kozak, D.B., Kremin, A., Kringel, V., Krishnan, B., Królak, A., Kuehn, G., Kumar, A., Kumar, D.N., Kumar, P., Kumar, R., Kuo, L., Kutynia, A., Kwee, P., Landry, M., Lantz, B., Larson, S., Lasky, P.D., Lawrie, C., Lazzarini, A., Lazzaro, C., Leaci, P., Leavey, S., Lebigot, E.O., Lee, C.-H., Lee, H.K., Lee, H.M., Lee, J., Leonardi, M., Leong, J.R., Le Roux, A., Leroy, N., Letendre, N., Levin, Y., Levine, B., Lewis, J., Li, T..G.F., Libbrecht, K., Libson, A., Lin, A.C., Littenberg, T.B., Litvine, V., Lockerbie, N.A., Lockett, V., Lodhia, D., Loew, K., Logue, J., Lombardi, A.L., Lorenzini, M., Loriette, V., Lormand, M., Losurdo, G., Lough, J., Lubinski, M.J., Lück, H., Luijten, E., Lundgren, A.P., Lynch, R., Ma, Y., MacArthur, J., MacDonald, E.P., MacDonald, T., MacHenschalk, B., MacInnis, M., MacLeod, D.M., Magana-Sandoval, F., Mageswaran, M., Maglione, C., Mailand, K., Majorana, E., Maksimovic, I., Malvezzi, V., Man, N., Manca, G.M., Mandel, I., Mandic, V., Mangano, V., Mangini, N., Mantovani, M., Marchesoni, F., Marion, F., Márka, S., Márka, Z., Markosyan, A., Maros, E., Marque, J., Martelli, F., Martin, I.W., Martin, R.M., Martinelli, L., Martynov, D., Marx, J.N., Mason, K., Masserot, A., Massinger, T.J., Matichard, F., Matone, L., Matzner, R.A., Mavalvala, N., Mazumder, N., Mazzolo, G., McCarthy, R., McClelland, D.E., McGuire, S.C., McIntyre, G., McIver, J., McLin, K., Meacher, D., Meadors, G.D., Mehmet, M., Meidam, J., Meinders, M., Melatos, A., Mendell, G., Mercer, R.A., Meshkov, S., Messenger, C., Meyers, P., Miao, H., Michel, C., Mikhailov, E.E., Milano, L., Milde, S., Miller, J., Minenkov, Y., Mingarelli, C..M.F., Mishra, C., Mitra, S., Mitrofanov, V.P., Mitselmakher, G., Mittleman, R., Moe, B., Moesta, P., Moggi, A., Mohan, M., Mohapatra, S..R.P., Moraru, D., Moreno, G., Morgado, N., Morriss, S.R., Mossavi, K., Mours, B., Mow-Lowry, C.M., Mueller, C.L., Mueller, G., Mukherjee, S., Mullavey, A., Munch, J., Murphy, D., Murray, P.G., Mytidis, A., Nagy, M.F., Nardecchia, I., Naticchioni, L., Nayak, R.K., Necula, V., Nelemans, G., Neri, I., Neri, M., Newton, G., Nguyen, T., Nitz, A., Nocera, F., Nolting, D., Normandin, M..E.N., Nuttall, L.K., Ochsner, E., O'Dell, J., Oelker, E., Oh, J.J., Oh, S.H., Ohme, F., Oppermann, P., O'Reilly, B., O'Shaughnessy, R., Osthelder, C., Ottaway, D.J., Ottens, R.S., Overmier, H., Owen, B.J., Padilla, C., Pai, A., Palashov, O., Palomba, C., Pan, H., Pan, Y., Pankow, C., Paoletti, F., Papa, M.A., Paris, H., Pasqualetti, A., Passaquieti, R., Passuello, D., Pedraza, M., Penn, S., Perreca, A., Phelps, M., Pichot, M., Pickenpack, M., Piergiovanni, F., Pierro, V., Pinard, L., Pinto, I.M., Pitkin, M., Poeld, J., Poggiani, R., Poteomkin, A., Powell, J., Prasad, J., Premachandra, S., Prestegard, T., Price, L.R., Prijatelj, M., Privitera, S., Prodi, G.A., Prokhorov, L., Puncken, O., Punturo, M., Puppo, P., Qin, J., Quetschke, V., Quintero, E., Quiroga, G., Quitzow-James, R., Raab, F.J., Rabeling, D.S., Rácz, I., Radkins, H., Raffai, P., Raja, S., Rajalakshmi, G., Rakhmanov, M., Ramet, C., Ramirez, K., Rapagnani, P., Raymond, V., Razzano, M., Re, V., Read, J., Recchia, S., Reed, C.M., Regimbau, T., Reid, S., Reitze, D.H., Rhoades, E., Ricci, F., Riles, K., Robertson, N.A., Robinet, F., Rocchi, A., Rodruck, M., Rolland, L., Rollins, J.G., Romano, R., Romanov, G., Romie, J.H., Rosińska, D., Rowan, S., Rüdiger, A., Ruggi, P., Ryan, K., Salemi, F., Sammut, L., Sandberg, V., Sanders, J.R., Sannibale, V., Santiago-Prieto, I., Saracco, E., Sassolas, B., Sathyaprakash, B.S., Saulson, P.R., Savage, R., Scheuer, J., Schilling, R., Schnabel, R., Schofield, R..M.S., Schreiber, E., Schuette, D., Schutz, B.F., Scott, J., Scott, S.M., Sellers, D., Sengupta, A.S., Sentenac, D., Sequino, V., Sergeev, A., Shaddock, D., Shah, S., Shahriar, M.S., Shaltev, M., Shapiro, B., Shawhan, P., Shoemaker, D.H., Sidery, T.L., Siellez, K., Siemens, X., Sigg, D., Simakov, D., Singer, A., Singer, L., Singh, R., Sintes, A.M., Slagmolen, B..J.J., Slutsky, J., Smith, J.R., Smith, M., Smith, R..J.E., Smith-Lefebvre, N.D., Son, E.J., Sorazu, B., Souradeep, T., Staley, A., Stebbins, J., Steinlechner, J., Steinlechner, S., Stephens, B.C., Steplewski, S., Stevenson, S., Stone, R., Stops, D., Strain, K.A., Straniero, N., Strigin, S., Sturani, R., Stuver, A.L., Summerscales, T.Z., Susmithan, S., Sutton, P.J., Swinkels, B., Tacca, M., Talukder, D., Tanner, D.B., Tarabrin, S.P., Taylor, R., Thirugnanasambandam, M.P., Thomas, M., Thomas, P., Thorne, K.A., Thorne, K.S., Thrane, E., Tiwari, V., Tokmakov, K.V., Tomlinson, C., Tonelli, M., Torres, C.V., Torrie, C.I., Travasso, F., Traylor, G., Tse, M., Ugolini, D., Unnikrishnan, C.S., Urban, A.L., Urbanek, K., Vahlbruch, H., Vajente, G., Valdes, G., Vallisneri, M., Van Beuzekom, M., Van Den Brand, J..F.J., Van Den Broeck, C., Van Der Sluys, M.V., Van Heijningen, J., Van Veggel, A.A., Vass, S., Vasúth, M., Vaulin, R., Vecchio, A., Vedovato, G., Veitch, J., Veitch, P.J., Venkateswara, K., Verkindt, D., Verma, S.S., Vetrano, F., Viceré, A., Vincent-Finley, R., Vinet, J.-Y., Vitale, S., Vo, T., Vocca, H., Vorvick, C., Vousden, W.D., Vyachanin, S.P., Wade, A., Wade, L., Wade, M., Walker, M., Wallace, L., Wang, M., Wang, X., Ward, R.L., Was, M., Weaver, B., Wei, L.-W., Weinert, M., Weinstein, A.J., Weiss, R., Welborn, T., Wen, L., Wessels, P., West, M., Westphal, T., Wette, K., Whelan, J.T., Whitcomb, S.E., White, D.J., Whiting, B.F., Wiesner, K., Wilkinson, C., Williams, K., Williams, L., Williams, R., Williams, T., Williamson, A.R., Willis, J.L., Willke, B., Wimmer, M., Winkler, W., Wipf, C.C., Wiseman, A.G., Wittel, H., Woan, G., Worden, J., Yablon, J., Yakushin, I., Yamamoto, H., Yancey, C.C., Yang, H., Yang, Z., Yoshida, S., Yvert, M., Zadrozny, A., Zanolin, M., Zendri, J.-P., Zhang, F., Zhang, L., Zhao, C., Zhu, X.J., Zucker, M.E., Zuraw, S., Zweizig, J.","Search for gravitational wave ringdowns from perturbed intermediate mass black holes in LIGO-Virgo data from 2005-2010",2014,"Physical Review D - Particles, Fields, Gravitation and Cosmology","89","10", 102006,"","",,14,10.1103/PhysRevD.89.102006,"https://www.scopus.com/inward/record.uri?eid=2-s2.0-84902002496&doi=10.1103%2fPhysRevD.89.102006&partnerID=40&md5=3727d810cc1f2630f4ddc9e9fa88b3ed",Article,Scopus,2-s2.0-84902002496
"Aasi, J., Abadie, J., Abbott, B.P., Abbott, R., Abbott, T.D., Abernathy, M., Accadia, T., Acernese, F., Adams, C., Adams, T., Addesso, P., Adhikari, R., Affeldt, C., Agathos, M., Agatsuma, K., Ajith, P., Allen, B., Allocca, A., Amador Ceron, E., Amariutei, D., Anderson, S.B., Anderson, W.G., Arai, K., Araya, M.C., Ast, S., Aston, S.M., Astone, P., Atkinson, D., Aufmuth, P., Aulbert, C., Aylott, B.E., Babak, S., Baker, P., Ballardin, G., Ballmer, S., Bao, Y., Barayoga, J.C.B., Barker, D., Barone, F., Barr, B., Barsotti, L., Barsuglia, M., Barton, M.A., Bartos, I., Bassiri, R., Bastarrika, M., Basti, A., Batch, J., Bauchrowitz, J., Bauer, T.S., Bebronne, M., Beck, D., Behnke, B., Bejger, M., Beker, M.G., Bell, A.S., Bell, C., Belopolski, I., Benacquista, M., Berliner, J.M., Bertolini, A., Betzwieser, J., Beveridge, N., Beyersdorf, P.T., Bhadbade, T., Bilenko, I.A., Billingsley, G., Birch, J., Biswas, R., Bitossi, M., Bizouard, M.A., Black, E., Blackburn, J.K., Blackburn, L., Blair, D., Bland, B., Blom, M., Bock, O., Bodiya, T.P., Bogan, C., Bond, C., Bondarescu, R., Bondu, F., Bonelli, L., Bonnand, R., Bork, R., Born, M., Boschi, V., Bose, S., Bosi, L., Bouhou, B., Braccini, S., Bradaschia, C., Brady, P.R., Braginsky, V.B., Branchesi, M., Brau, J.E., Breyer, J., Briant, T., Bridges, D.O., Brillet, A., Brinkmann, M., Brisson, V., Britzger, M., Brooks, A.F., Brown, D.A., Bulik, T., Bulten, H.J., Buonanno, A., Burguet-Castell, J., Buskulic, D., Buy, C., Byer, R.L., Cadonati, L., Cagnoli, G., Calloni, E., Camp, J.B., Campsie, P., Cannon, K., Canuel, B., Cao, J., Capano, C.D., Carbognani, F., Carbone, L., Caride, S., Caudill, S., Cavaglià, M., Cavalier, F., Cavalieri, R., Cella, G., Cepeda, C., Cesarini, E., Chalermsongsak, T., Charlton, P., Chassande-Mottin, E., Chen, W., Chen, X., Chen, Y., Chincarini, A., Chiummo, A., Cho, H.S., Chow, J., Christensen, N., Chua, S.S.Y., Chung, C.T.Y., Chung, S., Ciani, G., Clara, F., Clark, D.E., Clark, J.A., Clayton, J.H., Cleva, F., Coccia, E., Cohadon, P.-F., Colacino, C.N., Colla, A., Colombini, M., Conte, A., Conte, R., Cook, D., Corbitt, T.R., Cordier, M., Cornish, N., Corsi, A., Costa, C.A., Coughlin, M., Coulon, J.-P., Couvares, P., Coward, D.M., Cowart, M., Coyne, D.C., Creighton, J.D.E., Creighton, T.D., Cruise, A.M., Cumming, A., Cunningham, L., Cuoco, E., Cutler, R.M., Dahl, K., Damjanic, M., Danilishin, S.L., D'Antonio, S., Danzmann, K., Dattilo, V., Daudert, B., Daveloza, H., Davier, M., Daw, E.J., Dayanga, T., De Rosa, R., Debra, D., Debreczeni, G., Degallaix, J., Del Pozzo, W., Dent, T., Dergachev, V., Derosa, R., Dhurandhar, S., Di Fiore, L., Di Lieto, A., Di Palma, I., Di Paolo Emilio, M., Di Virgilio, A., Díaz, M., Dietz, A., Donovan, F., Dooley, K.L., Doravari, S., Dorsher, S., Drago, M., Drever, R.W.P., Driggers, J.C., Du, Z., Dumas, J.-C., Dwyer, S., Eberle, T., Edgar, M., Edwards, M., Effler, A., Ehrens, P., Endroczi, G., Engel, R., Etzel, T., Evans, K., Evans, M., Evans, T., Factourovich, M., Fafone, V., Fairhurst, S., Farr, B.F., Farr, W.M., Favata, M., Fazi, D., Fehrmann, H., Feldbaum, D., Feroz, F., Ferrante, I., Ferrini, F., Fidecaro, F., Finn, L.S., Fiori, I., Fisher, R.P., Flaminio, R., Foley, S., Forsi, E., Forte, L.A., Fotopoulos, N., Fournier, J.-D., Franc, J., Franco, S., Frasca, S., Frasconi, F., Frede, M., Frei, M.A., Frei, Z., Freise, A., Frey, R., Fricke, T.T., Friedrich, D., Fritschel, P., Frolov, V.V., Fujimoto, M.-K., Fulda, P.J., Fyffe, M., Gair, J., Galimberti, M., Gammaitoni, L., Garcia, J., Garufi, F., Gáspár, M.E., Gelencser, G., Gemme, G., Genin, E., Gennai, A., Gergely, L.Á., Ghosh, S., Giaime, J.A., Giampanis, S., Giardina, K.D., Giazotto, A., Gil-Casanova, S., Gill, C., Gleason, J., Goetz, E., González, G., Gorodetsky, M.L., Goßler, S., Gouaty, R., Graef, C., Graff, P.B., Granata, M., Grant, A., Gray, C., Greenhalgh, R.J.S., Gretarsson, A.M., Griffo, C., Grote, H., Grover, K., Grunewald, S., Guidi, G.M., Guido, C., Gupta, R., Gustafson, E.K., Gustafson, R., Hallam, J.M., Hammer, D., Hammond, G., Hanks, J., Hanna, C., Hanson, J., Harms, J., Harry, G.M., Harry, I.W., Harstad, E.D., Hartman, M.T., Haster, C.-J., Haughian, K., Hayama, K., Hayau, J.-F., Heefner, J., Heidmann, A., Heintze, M.C., Heitmann, H., Hello, P., Hemming, G., Hendry, M.A., Heng, I.S., Heptonstall, A.W., Herrera, V., Heurs, M., Hewitson, M., Hild, S., Hoak, D., Hodge, K.A., Holt, K., Holtrop, M., Hong, T., Hooper, S., Hough, J., Howell, E.J., Hughey, B., Husa, S., Huttner, S.H., Huynh-Dinh, T., Ingram, D.R., Inta, R., Isogai, T., Ivanov, A., Izumi, K., Jacobson, M., James, E., Jang, Y.J., Jaranowski, P., Jesse, E., Johnson, W.W., Jones, D.I., Jones, R., Jonker, R.J.G., Ju, L., Kalmus, P., Kalogera, V., Kandhasamy, S., Kang, G., Kanner, J.B., Kasprzack, M., Kasturi, R., Katsavounidis, E., Katzman, W., Kaufer, H., Kaufman, K., Kawabe, K., Kawamura, S., Kawazoe, F., Keitel, D., Kelley, D., Kells, W., Keppel, D.G., Keresztes, Z., Khalaidovski, A., Khalili, F.Y., Khazanov, E.A., Kim, B.K., Kim, C., Kim, H., Kim, K., Kim, N., Kim, Y.M., King, P.J., Kinzel, D.L., Kissel, J.S., Klimenko, S., Kline, J., Kokeyama, K., Kondrashov, V., Koranda, S., Korth, W.Z., Kowalska, I., Kozak, D., Kringel, V., Krishnan, B., Królak, A., Kuehn, G., Kumar, P., Kumar, R., Kurdyumov, R., Kwee, P., Lam, P.K., Landry, M., Langley, A., Lantz, B., Lastzka, N., Lawrie, C., Lazzarini, A., Le Roux, A., Leaci, P., Lee, C.H., Lee, H.K., Lee, H.M., Leong, J.R., Leonor, I., Leroy, N., Letendre, N., Lhuillier, V., Li, J., Li, T.G.F., Lindquist, P.E., Litvine, V., Liu, Y., Liu, Z., Lockerbie, N.A., Lodhia, D., Logue, J., Lorenzini, M., Loriette, V., Lormand, M., Losurdo, G., Lough, J., Lubinski, M., Lück, H., Lundgren, A.P., Macarthur, J., Macdonald, E., Machenschalk, B., Macinnis, M., Macleod, D.M., Mageswaran, M., Mailand, K., Majorana, E., Maksimovic, I., Malvezzi, V., Man, N., Mandel, I., Mandic, V., Mantovani, M., Marchesoni, F., Marion, F., Márka, S., Márka, Z., Markosyan, A., Maros, E., Marque, J., Martelli, F., Martin, I.W., Martin, R.M., Marx, J.N., Mason, K., Masserot, A., Matichard, F., Matone, L., Matzner, R.A., Mavalvala, N., Mazzolo, G., McCarthy, R., McClelland, D.E., McGuire, S.C., McIntyre, G., McIver, J., Meadors, G.D., Mehmet, M., Meier, T., Melatos, A., Melissinos, A.C., Mendell, G., Menéndez, D.F., Mercer, R.A., Meshkov, S., Messenger, C., Meyer, M.S., Miao, H., Michel, C., Milano, L., Miller, J., Minenkov, Y., Mingarelli, C.M.F., Mitrofanov, V.P., Mitselmakher, G., Mittleman, R., Moe, B., Mohan, M., Mohapatra, S.R.P., Moraru, D., Moreno, G., Morgado, N., Morgia, A., Mori, T., Morriss, S.R., Mosca, S., Mossavi, K., Mours, B., Mow-Lowry, C.M., Mueller, C.L., Mueller, G., Mukherjee, S., Mullavey, A., Müller-Ebhardt, H., Munch, J., Murphy, D., Murray, P.G., Mytidis, A., Nash, T., Naticchioni, L., Necula, V., Nelson, J., Neri, I., Newton, G., Nguyen, T., Nishizawa, A., Nitz, A., Nocera, F., Nolting, D., Normandin, M.E., Nuttall, L., Ochsner, E., O'Dell, J., Oelker, E., Ogin, G.H., Oh, J.J., Oh, S.H., Oldenberg, R.G., O'Reilly, B., O'Shaughnessy, R., Osthelder, C., Ott, C.D., Ottaway, D.J., Ottens, R.S., Overmier, H., Owen, B.J., Page, A., Palladino, L., Palomba, C., Pan, Y., Pankow, C., Paoletti, F., Paoletti, R., Papa, M.A., Parisi, M., Pasqualetti, A., Passaquieti, R., Passuello, D., Pedraza, M., Penn, S., Perreca, A., Persichetti, G., Phelps, M., Pichot, M., Pickenpack, M., Piergiovanni, F., Pierro, V., Pihlaja, M., Pinard, L., Pinto, I.M., Pitkin, M., Pletsch, H.J., Plissi, M.V., Poggiani, R., Pöld, J., Postiglione, F., Poux, C., Prato, M., Predoi, V., Prestegard, T., Price, L.R., Prijatelj, M., Principe, M., Privitera, S., Prodi, G.A., Prokhorov, L.G., Puncken, O., Punturo, M., Puppo, P., Quetschke, V., Quitzow-James, R., Raab, F.J., Rabeling, D.S., Rácz, I., Radkins, H., Raffai, P., Rakhmanov, M., Ramet, C., Rankins, B., Rapagnani, P., Raymond, V., Re, V., Reed, C.M., Reed, T., Regimbau, T., Reid, S., Reitze, D.H., Ricci, F., Riesen, R., Riles, K., Roberts, M., Robertson, N.A., Robinet, F., Robinson, C., Robinson, E.L., Rocchi, A., Roddy, S., Rodriguez, C., Rodruck, M., Rolland, L., Rollins, J.G., Romano, R., Romie, J.H., Rosińska, D., Röver, C., Rowan, S., Rüdiger, A., Ruggi, P., Ryan, K., Salemi, F., Sammut, L., Sandberg, V., Sankar, S., Sannibale, V., Santamaría, L., Santiago-Prieto, I., Santostasi, G., Saracco, E., Sassolas, B., Sathyaprakash, B.S., Saulson, P.R., Savage, R.L., Schilling, R., Schnabel, R., Schofield, R.M.S., Schulz, B., Schutz, B.F., Schwinberg, P., Scott, J., Scott, S.M., Seifert, F., Sellers, D., Sentenac, D., Sergeev, A., Shaddock, D.A., Shaltev, M., Shapiro, B., Shawhan, P., Shoemaker, D.H., Sidery, T.L., Siemens, X., Sigg, D., Simakov, D., Singer, A., Singer, L., Sintes, A.M., Skelton, G.R., Slagmolen, B.J.J., Slutsky, J., Smith, J.R., Smith, M.R., Smith, R.J.E., Smith-Lefebvre, N.D., Somiya, K., Sorazu, B., Speirits, F.C., Sperandio, L., Stefszky, M., Steinert, E., Steinlechner, J., Steinlechner, S., Steplewski, S., Stochino, A., Stone, R., Strain, K.A., Strigin, S.E., Stroeer, A.S., Sturani, R., Stuver, A.L., Summerscales, T.Z., Sung, M., Susmithan, S., Sutton, P.J., Swinkels, B., Szeifert, G., Tacca, M., Taffarello, L., Talukder, D., Tanner, D.B., Tarabrin, S.P., Taylor, R., Ter Braack, A.P.M., Thomas, P., Thorne, K.A., Thorne, K.S., Thrane, E., Thüring, A., Titsler, C., Tokmakov, K.V., Tomlinson, C., Toncelli, A., Tonelli, M., Torre, O., Torres, C.V., Torrie, C.I., Tournefier, E., Travasso, F., Traylor, G., Tse, M., Ugolini, D., Vahlbruch, H., Vajente, G., Van Den Brand, J.F.J., Van Den Broeck, C., Van Der Putten, S., Van Veggel, A.A., Vass, S., Vasuth, M., Vaulin, R., Vavoulidis, M., Vecchio, A., Vedovato, G., Veitch, J., Veitch, P.J., Venkateswara, K., Verkindt, D., Vetrano, F., Viceré, A., Villar, A.E., Vinet, J.-Y., Vitale, S., Vocca, H., Vorvick, C., Vyatchanin, S.P., Wade, A., Wade, L., Wade, M., Waldman, S.J., Wallace, L., Wan, Y., Wang, M., Wang, X., Wanner, A., Ward, R.L., Was, M., Weinert, M., Weinstein, A.J., Weiss, R., Welborn, T., Wen, L., Wessels, P., West, M., Westphal, T., Wette, K., Whelan, J.T., Whitcomb, S.E., White, D.J., Whiting, B.F., Wiesner, K., Wilkinson, C., Willems, P.A., Williams, L., Williams, R., Willke, B., Wimmer, M., Winkelmann, L., Winkler, W., Wipf, C.C., Wiseman, A.G., Wittel, H., Woan, G., Wooley, R., Worden, J., Yablon, J., Yakushin, I., Yamamoto, H., Yamamoto, K., Yancey, C.C., Yang, H., Yeaton-Massey, D., Yoshida, S., Yvert, M., Zadrozny, A., Zanolin, M., Zendri, J.-P., Zhang, F., Zhang, L., Zhao, C., Zotov, N., Zucker, M.E., Zweizig, J.","Parameter estimation for compact binary coalescence signals with the first generation gravitational-wave detector network",2013,"Physical Review D - Particles, Fields, Gravitation and Cosmology","88","6", 062001,"","",,78,10.1103/PhysRevD.88.062001,"https://www.scopus.com/inward/record.uri?eid=2-s2.0-84884696852&doi=10.1103%2fPhysRevD.88.062001&partnerID=40&md5=c6d6ee5276bc3c3a98323b2d9db2fea6",Article,Scopus,2-s2.0-84884696852
"Aasi, J., Abadie, J., Abbott, B.P., Abbott, R., Abbott, T.D., Abernathy, M.R., Adams, C., Adams, T., Addesso, P., Adhikari, R.X., Affeldt, C., Aguiar, O.D., Ajith, P., Allen, B., Ceron, E.A., Amariutei, D., Anderson, S.B., Anderson, W.G., Arai, K., Araya, M.C., Arceneaux, C., Ast, S., Aston, S.M., Atkinson, D., Aufmuth, P., Aulbert, C., Austin, L., Aylott, B.E., Babak, S., Baker, P.T., Ballmer, S., Bao, Y., Barayoga, J.C., Barker, D., Barr, B., Barsotti, L., Barton, M.A., Bartos, I., Bassiri, R., Batch, J., Bauchrowitz, J., Behnke, B., Bell, A.S., Bell, C., Bergmann, G., Berliner, J.M., Bertolini, A., Betzwieser, J., Beveridge, N., Beyersdorf, P.T., Bhadbhade, T., Bilenko, I.A., Billingsley, G., Birch, J., Biscans, S., Black, E., Blackburn, J.K., Blackburn, L., Blair, D., Bland, B., Bock, O., Bodiya, T.P., Bogan, C., Bond, C., Bork, R., Born, M., Bose, S., Bowers, J., Brady, P.R., Braginsky, V.B., Brau, J.E., Breyer, J., Bridges, D.O., Brinkmann, M., Britzger, M., Brooks, A.F., Brown, D.A., Brown, D.D., Buckland, K., Brückner, F., Buchler, B.C., Buonanno, A., Burguet-Castell, J., Byer, R.L., Cadonati, L., Camp, J.B., Campsie, P., Cannon, K., Cao, J., Capano, C.D., Carbone, L., Caride, S., Castiglia, A.D., Caudill, S., Cavaglià, M., Cepeda, C., Chalermsongsak, T., Chao, S., Charlton, P., Chen, X., Chen, Y., Cho, H-S., Chow, J.H., Christensen, N., Chu, Q., Chua, S.S.Y., Chung, C.T.Y., Ciani, G., Clara, F., Clark, D.E., Clark, J.A., Constancio Jr., M., Cook, D., Corbitt, T.R., Cordier, M., Cornish, N., Corsi, A., Costa, C.A., Coughlin, M.W., Countryman, S., Couvares, P., Coward, D.M., Cowart, M., Coyne, D.C., Craig, K., Creighton, J.D.E., Creighton, T.D., Cumming, A., Cunningham, L., Dahl, K., Damjanic, M., Danilishin, S.L., Danzmann, K., Daudert, B., Daveloza, H., Davies, G.S., Daw, E.J., Dayanga, T., Deleeuw, E., Denker, T., Dent, T., Dergachev, V., DeRosa, R., DeSalvo, R., Dhurandhar, S., Di Palma, I., Díaz, M., Dietz, A., Donovan, F., Dooley, K.L., Doravari, S., Drasco, S., Drever, R.W.P., Driggers, J.C., Du, Z., Dumas, J-C., Dwyer, S., Eberle, T., Edwards, M., Effler, A., Ehrens, P., Eikenberry, S.S., Engel, R., Essick, R., Etzel, T., Evans, K., Evans, M., Evans, T., Factourovich, M., Fairhurst, S., Fang, Q., Farr, B.F., Farr, W., Favata, M., Fazi, D., Fehrmann, H., Feldbaum, D., Finn, L.S., Fisher, R.P., Foley, S., Forsi, E., Fotopoulos, N., Frede, M., Frei, M.A., Frei, Z., Freise, A., Frey, R., Fricke, T.T., Friedrich, D., Fritschel, P., Frolov, V.V., Fujimoto, M.-K., Fulda, P.J., Fyffe, M., Gair, J., Garcia, J., Gehrels, N., Gelencser, G., Gergely, L.Á., Ghosh, S., Giaime, J.A., Giampanis, S., Giardina, K.D., Gil-Casanova, S., Gill, C., Gleason, J., Goetz, E., González, G., Gordon, N., Gorodetsky, M.L., Gossan, S., Goßler, S., Graef, C., Graff, P.B., Grant, A., Gras, S., Gray, C., Greenhalgh, R.J.S., Gretarsson, A.M., Griffo, C., Grote, H., Grover, K., Grunewald, S., Guido, C., Gustafson, E.K., Gustafson, R., Hammer, D., Hammond, G., Hanks, J., Hanna, C., Hanson, J., Haris, K., Harms, J., Harry, G.M., Harry, I.W., Harstad, E.D., Hartman, M.T., Haughian, K., Hayama, K., Heefner, J., Heintze, M.C., Hendry, M.A., Heng, I.S., Heptonstall, A.W., Heurs, M., Hewitson, M., Hild, S., Hoak, D., Hodge, K.A., Holt, K., Holtrop, M., Hong, T., Hooper, S., Hough, J., Howell, E.J., Huang, V., Huerta, E.A., Hughey, B., Huttner, S.H., Huynh, M., Huynh-Dinh, T., Ingram, D.R., Inta, R., Isogai, T., Ivanov, A., Iyer, B.R., Izumi, K., Jacobson, M., James, E., Jang, H., Jang, Y.J., Jesse, E., Johnson, W.W., Jones, D., Jones, D.I., Jones, R., Ju, L., Kalmus, P., Kalogera, V., Kandhasamy, S., Kang, G., Kanner, J.B., Kasturi, R., Katsavounidis, E., Katzman, W., Kaufer, H., Kawabe, K., Kawamura, S., Kawazoe, F., Keitel, D., Kelley, D.B., Kells, W., Keppel, D.G., Khalaidovski, A., Khalili, F.Y., Khazanov, E.A., Kim, B.K., Kim, C., Kim, K., Kim, N., Kim, Y.-M., King, P.J., Kinzel, D.L., Kissel, J.S., Klimenko, S., Kline, J., Kokeyama, K., Kondrashov, V., Koranda, S., Korth, W.Z., Kozak, D., Kozameh, C., Kremin, A., Kringel, V., Krishnan, B., Kucharczyk, C., Kuehn, G., Kumar, P., Kumar, R., Kuper, B.J., Kurdyumov, R., Kwee, P., Lam, P.K., Landry, M., Lantz, B., Lasky, P.D., Lawrie, C., Lazzarini, A., Le Roux, A., Leaci, P., Lee, C-H., Lee, H.K., Lee, H.M., Lee, J., Leong, J.R., Levine, B., Lhuillier, V., Lin, A.C., Litvine, V., Liu, Y., Liu, Z., Lockerbie, N.A., Lodhia, D., Loew, K., Logue, J., Lombardi, A.L., Lormand, M., Lough, J., Lubinski, M., Lück, H., Lundgren, A.P., Macarthur, J., Macdonald, E., Machenschalk, B., MacInnis, M., Macleod, D.M., Magaña-Sandoval, F., Mageswaran, M., Mailand, K., Manca, G., Mandel, I., Mandic, V., Márka, S., Márka, Z., Markosyan, A.S., Maros, E., Martin, I.W., Martin, R.M., Martinov, D., Marx, J.N., Mason, K., Matichard, F., Matone, L., Matzner, R.A., Mavalvala, N., May, G., Mazzolo, G., McAuley, K., McCarthy, R., McClelland, D.E., McGuire, S.C., McIntyre, G., McIver, J., Meadors, G.D., Mehmet, M., Meier, T., Melatos, A., Mendell, G., Mercer, R.A., Meshkov, S., Messenger, C., Meyer, M.S., Miao, H., Miller, J., Mingarelli, C.M.F., Mitra, S., Mitrofanov, V.P., Mitselmakher, G., Mittleman, R., Moe, B., Mokler, F., Mohapatra, S.R.P., Moraru, D., Moreno, G., Mori, T., Morriss, S.R., Mossavi, K., Mow-Lowry, C.M., Mueller, C.L., Mueller, G., Mukherjee, S., Mullavey, A., Munch, J., Murphy, D., Murray, P.G., Mytidis, A., Kumar, D.N., Nash, T., Nayak, R., Necula, V., Newton, G., Nguyen, T., Nishida, E., Nishizawa, A., Nitz, A., Nolting, D., Normandin, M.E., Nuttall, L.K., O'Dell, J., O'Reilly, B., O'Shaughnessy, R., Ochsner, E., Oelker, E., Ogin, G.H., Oh, J.J., Oh, S.H., Ohme, F., Oppermann, P., Osthelder, C., Ott, C.D., Ottaway, D.J., Ottens, R.S., Ou, J., Overmier, H., Owen, B.J., Padilla, C., Pai, A., Pan, Y., Pankow, C., Papa, M.A., Paris, H., Parkinson, W., Pedraza, M., Penn, S., Peralta, C., Perreca, A., Phelps, M., Pickenpack, M., Pierro, V., Pinto, I.M., Pitkin, M., Pletsch, H.J., Pöld, J., Postiglione, F., Poux, C., Predoi, V., Prestegard, T., Price, L.R., Prijatelj, M., Privitera, S., Prokhorov, L.G., Puncken, O., Quetschke, V., Quintero, E., Quitzow-James, R., Raab, F.J., Radkins, H., Raffai, P., Raja, S., Rakhmanov, M., Ramet, C., Raymond, V., Reed, C.M., Reed, T., Reid, S., Reitze, D.H., Riesen, R., Riles, K., Roberts, M., Robertson, N.A., Robinson, E.L., Roddy, S., Rodriguez, C., Rodriguez, L., Rodruck, M., Rollins, J.G., Romie, J.H., Röver, C., Rowan, S., Rüdiger, A., Ryan, K., Salemi, F., Sammut, L., Sandberg, V., Sanders, J., Sankar, S., Sannibale, V., Santamaría, L., Santiago-Prieto, I., Santostasi, G., Sathyaprakash, B.S., Saulson, P.R., Savage, R.L., Schilling, R., Schnabel, R., Schofield, R.M.S., Schuette, D., Schulz, B., Schutz, B.F., Schwinberg, P., Scott, J., Scott, S.M., Seifert, F., Sellers, D., Sengupta, A.S., Sergeev, A., Shaddock, D.A., Shahriar, M.S., Shaltev, M., Shao, Z., Shapiro, B., Shawhan, P., Shoemaker, D.H., Sidery, T.L., Siemens, X., Sigg, D., Simakov, D., Singer, A., Singer, L., Sintes, A.M., Skelton, G.R., Slagmolen, B.J.J., Slutsky, J., Smith, J.R., Smith, M.R., Smith, R.J.E., Smith-Lefebvre, N.D., Son, E.J., Sorazu, B., Souradeep, T., Stefszky, M., Steinert, E., Steinlechner, J., Steinlechner, S., Steplewski, S., Stevens, D., Stochino, A., Stone, R., Strain, K.A., Strigin, S.E., Stroeer, A.S., Stuver, A.L., Summerscales, T.Z., Susmithan, S., Sutton, P.J., Szeifert, G., Talukder, D., Tanner, D.B., Tarabrin, S.P., Taylor, R., Thomas, M., Thomas, P., Thorne, K.A., Thorne, K.S., Thrane, E., Tiwari, V., Tokmakov, K.V., Tomlinson, C., Torres, C.V., Torrie, C.I., Traylor, G., Tse, M., Ugolini, D., Unnikrishnan, C.S., Vahlbruch, H., Vallisneri, M., Van Der Sluys, M.V., Van Veggel, A.A., Vass, S., Vaulin, R., Vecchio, A., Veitch, P.J., Veitch, J., Venkateswara, K., Verma, S., Vincent-Finley, R., Vitale, S., Vo, T., Vorvick, C., Vousden, W.D., Vyatchanin, S.P., Wade, A., Wade, L., Wade, M., Waldman, S.J., Wallace, L., Wan, Y., Wang, M., Wang, J., Wang, X., Wanner, A., Ward, R.L., Was, M., Weinert, M., Weinstein, A.J., Weiss, R., Welborn, T., Wen, L., Wessels, P., West, M., Westphal, T., Wette, K., Whelan, J.T., Whitcomb, S.E., Wiseman, A.G., White, D.J., Whiting, B.F., Wiesner, K., Wilkinson, C., Willems, P.A., Williams, L., Williams, R., Williams, T., Willis, J.L., Willke, B., Wimmer, M., Winkelmann, L., Winkler, W., Wipf, C.C., Wittel, H., Woan, G., Wooley, R., Worden, J., Yablon, J., Yakushin, I., Yamamoto, H., Yancey, C.C., Yang, H., Yeaton-Massey, D., Yoshida, S., Yum, H., Zanolin, M., Zhang, F., Zhang, L., Zhao, C., Zhu, H., Zhu, X.J., Zotov, N., Zucker, M.E., Zweizig, J.","Enhanced sensitivity of the LIGO gravitational wave detector by using squeezed states of light",2013,"Nature Photonics","7","8",,"613","619",,191,10.1038/nphoton.2013.177,"https://www.scopus.com/inward/record.uri?eid=2-s2.0-84881189005&doi=10.1038%2fnphoton.2013.177&partnerID=40&md5=3d9af059b894d952f8a30fef85d91201",Article,Scopus,2-s2.0-84881189005
"Adrián-Martínez, S., Al Samarai, I., Albert, A., André, M., Anghinol, M., Anton, G., Anvar, S., Ardid, M., Astraatmadja, T., Aubert, J.-J., Baret, B., Basa, S., Bertin, V., Biagi, S., Bigongiari, C., Bogazzi, C., Bou-Cabo, M., Bouhou, B., Bouwhuis, M.C., Brunner, J., Busto, J., Capone, A., Cârloganu, C., Carr, J., Cecchini, S., Charif, Z., Charvis, Ph., Chiarusi, T., Circella, M., Coniglione, R., Core, L., Costantini, H., Coyle, P., Creusot, A., Curtil, C., De Bonis, G., Decowski, M.P., Dekeyser, I., Deschamps, A., Distefano, C., Donzaud, C., Dornic, D., Dorosti, Q., Drouhin, D., Eberl, T., Emanuele, U., Enzenhöfer, A., Ernenwein, J.-P., Escoffier, S., Fehn, K., Fermani, P., Ferri, M., Ferry, S., Flaminio, V., Folger, F., Fritsch, U., Fuda, J.-L., Galatà, S., Gay, P., Geyer, K., Giacomelli, G., Giordano, V., Gómez-González, J.P., Graf, K., Guillard, G., Hallewell, G., Hamal, M., Van Haren, H., Heijboer, A.J., Hello, Y., Hernández-Rey, J.J., Herold, B., Höß, J., Hsu, C.C., De Jong, M., Kadler, M., Kalekin, O., Kappes, A., Katz, U., Kavatsyuk, O., Kooijman, P., Kopper, C., Kouchner, A., Kreykenbohm, I., Kulikovskiy, V., Lahmann, R., Lambard, G., Larosa, G., Lattuada, D., Lefèvre, D., Lim, G., Lo Presti, D., Loehner, H., Loucatos, S., Louis, F., Mangano, S., Marcelin, M., Margiotta, A., Martínez-Mora, J.A., Martini, S., Meli, A., Montaruli, T., Morganti, M., Moscoso, L., Motz, H., Neff, M., Nezri, E., Palioselitis, D., Pǎvǎlaş, G.E., Payet, K., Petrovic, J., Piattelli, P., Popa, V., Pradier, T., Presani, E., Racca, C., Reed, C., Riccobene, G., Richardt, C., Richter, R., Rivière, C., Robert, A., Roensch, K., Rostovtsev, A., Ruiz-Rivas, J., Rujoiu, M., Russo, G.V., Samtleben, D.F.E., Sánchez-Losa, A., Sapienza, P., Schmid, J., Schnabel, J., Schöck, F., Schuller, J.-P., Schüssler, F., Seitz, T., Shanidze, R., Simeone, F., Spies, A., Spurio, M., Steijger, J.J.M., Stolarczyk, Th., Taiuti, M., Tamburini, C., Trovato, A., Vallage, B., Vallée, C., Van Elewyck, V., Vecchi, M., Vernin, P., Visser, E., Wagner, S., Wijnker, G., Wilms, J., De Wolf, E., Yepes, H., Zaborov, D., Zornoza, J.D., Zúñiga, J., Aasi, J., Abadie, J., Abbott, B.P., Abbott, R., Abbott, T.D., Abernathy, M., Accadia, T., Acernese, F., Adams, C., Adams, T., Addesso, P., Adhikari, R., Affeldt, C., Agathos, M., Agatsuma, K., Ajith, P., Allen, B., Allocca, A., Amador Ceron, E., Amariutei, D., Anderson, S.B., Anderson, W.G., Arai, K., Araya, M.C., Ast, S., Aston, S.M., Astone, P., Atkinson, D., Aufmuth, P., Aulbert, C., Aylott, B.E., Babak, S., Baker, P., Ballardin, G., Ballmer, S., Bao, Y., Barayoga, J.C.B., Barker, D., Barone, F., Barr, B., Barsotti, L., Barsuglia, M., Barton, M.A., Bartos, I., Bassiri, R., Bastarrika, M., Basti, A., Batch, J., Bauchrowitz, J., Bauer, Th.S., Bebronne, M., Beck, D., Behnke, B., Bejger, M., Beker, M.G., Bell, A.S., Bell, C., Belopolski, I., Benacquista, M., Berliner, J.M., Bertolini, A., Betzwieser, J., Beveridge, N., Beyersdorf, P.T., Bhadbade, T., Bilenko, I.A., Billingsley, G., Birch, J., Biswas, R., Bitossi, M., Bizouard, M.A., Black, E., Blackburn, J.K., Blackburn, L., Blair, D., Bland, B., Blom, M., Bock, O., Bodiya, T.P., Bogan, C., Bond, C., Bondarescu, R., Bondu, F., Bonelli, L., Bonnand, R., Bork, R., Born, M., Boschi, V., Bose, S., Bosi, L., Braccini, S., Bradaschia, C., Brady, P.R., Braginsky, V.B., Branchesi, M., Brau, J.E., Breyer, J., Briant, T., Bridges, D.O., Brillet, A., Brinkmann, M., Brisson, V., Britzger, M., Brooks, A.F., Brown, D.A., Bulik, T., Bulten, H.J., Buonanno, A., Burguet-Castell, J., Buskulic, D., Buy, C., Byer, R.L., Cadonati, L., Cagnoli, G., Calloni, E., Camp, J.B., Campsie, P., Cannon, K., Canuel, B., Cao, J., Capano, C.D., Carbognani, F., Carbone, L., Caride, S., Caudill, S., Cavaglià, M., Cavalier, F., Cavalieri, R., Cella, G., Cepeda, C., Cesarini, E., Chalermsongsak, T., Charlton, P., Chassande-Mottin, E., Chen, W., Chen, X., Chen, Y., Chincarini, A., Chiummo, A., Cho, H.S., Chow, J., Christensen, N., Chua, S.S.Y., Chung, C.T.Y., Chung, S., Ciani, G., Clara, F., Clark, D.E., Clark, J.A., Clayton, J.H., Cleva, F., Coccia, E., Cohadon, P.-F., Colacino, C.N., Colla, A., Colombini, M., Conte, A., Conte, R., Cook, D., Corbitt, T.R., Cordier, M., Cornish, N., Corsi, A., Costa, C.A., Coughlin, M., Coulon, J.-P., Couvares, P., Coward, D.M., Cowart, M., Coyne, D.C., Creighton, J.D.E., Creighton, T.D., Cruise, A.M., Cumming, A., Cunningham, L., Cuoco, E., Cutler, R.M., Dahl, K., Damjanic, M., Danilishin, S.L., D'Antonio, S., Danzmann, K., Dattilo, V., Daudert, B., Daveloza, H., Davier, M., Daw, E.J., Day, R., Dayanga, T., De Rosa, R., DeBra, D., Debreczeni, G., Degallaix, J., Del Pozzo, W., Dent, T., Dergachev, V., DeRosa, R., Dhurandhar, S., Di Fiore, L., Di Lieto, A., Di Palma, I., Di Paolo Emilio, M., Di Virgilio, A., Díaz, M., Dietz, A., Donovan, F., Dooley, K.L., Doravari, S., Dorsher, S., Drago, M., Drever, R.W.P., Driggers, J.C., Du, Z., Dumas, J.-C., Dwyer, S., Eberle, T., Edgar, M., Edwards, M., Effler, A., Ehrens, P., Endroczi, G., Engel, R., Etzel, T., Evans, K., Evans, M., Evans, T., Factourovich, M., Fafone, V., Fairhurst, S., Farr, B.F., Favata, M., Fazi, D., Fehrmann, H., Feldbaum, D., Ferrante, I., Ferrini, F., Fidecaro, F., Finn, L.S., Fiori, I., Fisher, R.P., Flaminio, R., Foley, S., Forsi, E., Forte, L.A., Fotopoulos, N., Fournier, J.-D., Franc, J., Franco, S., Frasca, S., Frasconi, F., Frede, M., Frei, M.A., Frei, Z., Freise, A., Frey, R., Fricke, T.T., Friedrich, D., Fritschel, P., Frolov, V.V., Fujimoto, M.-K., Fulda, P.J., Fyffe, M., Gair, J., Galimberti, M., Gammaitoni, L., Garcia, J., Garufi, F., Gáspár, M.E., Gelencser, G., Gemme, G., Genin, E., Gennai, A., Gergely, L.Á., Ghosh, S., Giaime, J.A., Giampanis, S., Giardina, K.D., Giazotto, A., Gil-Casanova, S., Gill, C., Gleason, J., Goetz, E., González, G., Gorodetsky, M.L., Goßler, S., Gouaty, R., Graef, C., Graff, P.B., Granata, M., Grant, A., Gray, C., Greenhalgh, R.J.S., Gretarsson, A.M., Griffo, C., Grote, H., Grover, K., Grunewald, S., Guidi, G.M., Guido, C., Gupta, R., Gustafson, E.K., Gustafson, R., Hallam, J.M., Hammer, D., Hammond, G., Hanks, J., Hanna, C., Hanson, J., Harms, J., Harry, G.M., Harry, I.W., Harstad, E.D., Hartman, M.T., Haughian, K., Hayama, K., Hayau, J.-F., Heefner, J., Heidmann, A., Heintze, M.C., Heitmann, H., Hello, P., Hemming, G., Hendry, M.A., Heng, I.S., Heptonstall, A.W., Herrera, V., Heurs, M., Hewitson, M., Hild, S., Hoak, D., Hodge, K.A., Holt, K., Holtrop, M., Hong, T., Hooper, S., Hough, J., Howell, E.J., Hughey, B., Husa, S., Huttner, S.H., Huynh-Dinh, T., Ingram, D.R., Inta, R., Isogai, T., Ivanov, A., Izumi, K., Jacobson, M., James, E., Jang, Y.J., Jaranowski, P., Jesse, E., Johnson, W.W., Jones, D.I., Jones, R., Jonker, R.J.G., Ju, L., Kalmus, P., Kalogera, V., Kandhasamy, S., Kang, G., Kanner, J.B., Kasprzack, M., Kasturi, R., Katsavounidis, E., Katzman, W., Kaufer, H., Kaufman, K., Kawabe, K., Kawamura, S., Kawazoe, F., Keitel, D., Kelley, D., Kells, W., Keppel, D.G., Keresztes, Z., Khalaidovski, A., Khalili, F.Y., Khazanov, E.A., Kim, B.K., Kim, C., Kim, H., Kim, K., Kim, N., Kim, Y.M., King, P.J., Kinzel, D.L., Kissel, J.S., Klimenko, S., Kline, J., Kokeyama, K., Kondrashov, V., Koranda, S., Korth, W.Z., Kowalska, I., Kozak, D., Kringel, V., Krishnan, B., Królak, A., Kuehn, G., Kumar, P., Kumar, R., Kurdyumov, R., Kwee, P., Lam, P.K., Landry, M., Langley, A., Lantz, B., Lastzka, N., Lawrie, C., Lazzarini, A., Le Roux, A., Leaci, P., Lee, C.H., Lee, H.K., Lee, H.M., Leong, J.R., Leonor, I., Leroy, N., Letendre, N., Lhuillier, V., Li, J., Li, T.G.F., Lindquist, P.E., Litvine, V., Liu, Y., Liu, Z., Lockerbie, N.A., Lodhia, D., Logue, J., Lorenzini, M., Loriette, V., Lormand, M., Losurdo, G., Lough, J., Lubinski, M., Lück, H., Lundgren, A.P., Macarthur, J., Macdonald, E., Machenschalk, B., MacInnis, M., Macleod, D.M., Mageswaran, M., Mailand, K., Majorana, E., Maksimovic, I., Malvezzi, V., Man, N., Mandel, I., Mandic, V., Mantovani, M., Marchesoni, F., Marion, F., Márka, S., Márka, Z., Markosyan, A., Maros, E., Marque, J., Martelli, F., Martin, I.W., Martin, R.M., Marx, J.N., Mason, K., Masserot, A., Matichard, F., Matone, L., Matzner, R.A., Mavalvala, N., Mazzolo, G., McCarthy, R., McClelland, D.E., McGuire, S.C., McIntyre, G., McIver, J., Meadors, G.D., Mehmet, M., Meier, T., Melatos, A., Melissinos, A.C., Mendell, G., Menéndez, D.F., Mercer, R.A., Meshkov, S., Messenger, C., Meyer, M.S., Miao, H., Michel, C., Milano, L., Miller, J., Minenkov, Y., Mingarelli, C.M.F., Mitrofanov, V.P., Mitselmakher, G., Mittleman, R., Moe, B., Mohan, M., Mohapatra, S.R.P., Moraru, D., Moreno, G., Morgado, N., Morgia, A., Mori, T., Morriss, S.R., Mosca, S., Mossavi, K., Mours, B., Mow-Lowry, C.M., Mueller, C.L., Mueller, G., Mukherjee, S., Mullavey, A., Müller-Ebhardt, H., Munch, J., Murphy, D., Murray, P.G., Mytidis, A., Nash, T., Naticchioni, L., Necula, V., Nelson, J., Neri, I., Newton, G., Nguyen, T., Nishizawa, A., Nitz, A., Nocera, F., Nolting, D., Normandin, M.E., Nuttall, L., Ochsner, E., O'Dell, J., Oelker, E., Ogin, G.H., Oh, J.J., Oh, S.H., Oldenberg, R.G., O'Reilly, B., O'Shaughnessy, R., Osthelder, C., Ott, C.D., Ottaway, D.J., Ottens, R.S., Overmier, H., Owen, B.J., Page, A., Palladino, L., Palomba, C., Pan, Y., Pankow, C., Paoletti, F., Paoletti, R., Papa, M.A., Parisi, M., Pasqualetti, A., Passaquieti, R., Passuello, D., Pedraza, M., Penn, S., Perreca, A., Persichetti, G., Phelps, M., Pichot, M., Pickenpack, M., Piergiovanni, F., Pierro, V., Pihlaja, M., Pinard, L., Pinto, I.M., Pitkin, M., Pletsch, H.J., Plissi, M.V., Poggiani, R., Pöld, J., Postiglione, F., Poux, C., Prato, M., Predoi, V., Prestegard, T., Price, L.R., Prijatelj, M., Principe, M., Privitera, S., Prix, R., Prodi, G.A., Prokhorov, L.G., Puncken, O., Punturo, M., Puppo, P., Quetschke, V., Quitzow-James, R., Raab, F.J., Rabeling, D.S., Rácz, I., Radkins, H., Raffai, P., Rakhmanov, M., Ramet, C., Rankins, B., Rapagnani, P., Raymond, V., Re, V., Reed, C.M., Reed, T., Regimbau, T., Reid, S., Reitze, D.H., Ricci, F., Riesen, R., Riles, K., Roberts, M., Robertson, N.A., Robinet, F., Robinson, C., Robinson, E.L., Rocchi, A., Roddy, S., Rodriguez, C., Rodruck, M., Rolland, L., Rollins, J.G., Romano, J.D., Romano, R., Romie, J.H., Rosińska, D., Röver, C., Rowan, S., Rüdiger, A., Ruggi, P., Ryan, K., Salemi, F., Sammut, L., Sandberg, V., Sankar, S., Sannibale, V., Santamaría, L., Santiago-Prieto, I., Santostasi, G., Saracco, E., Sassolas, B., Sathyaprakash, B.S., Saulson, P.R., Savage, R.L., Schilling, R., Schnabel, R., Schofield, R.M.S., Schulz, B., Schutz, B.F., Schwinberg, P., Scott, J., Scott, S.M., Seifert, F., Sellers, D., Sentenac, D., Sergeev, A., Shaddock, D.A., Shaltev, M., Shapiro, B., Shawhan, P., Shoemaker, D.H., Sidery, T.L., Siemens, X., Sigg, D., Simakov, D., Singer, A., Singer, L., Sintes, A.M., Skelton, G.R., Slagmolen, B.J.J., Slutsky, J., Smith, J.R., Smith, M.R., Smith, R.J.E., Smith-Lefebvre, N.D., Somiya, K., Sorazu, B., Speirits, F.C., Sperandio, L., Stefszky, M., Steinert, E., Steinlechner, J., Steinlechner, S., Steplewski, S., Stochino, A., Stone, R., Strain, K.A., Strigin, S.E., Stroeer, A.S., Sturani, R., Stuver, A.L., Summerscales, T.Z., Sung, M., Susmithan, S., Sutton, P.J., Swinkels, B., Szeifert, G., Tacca, M., Taffarello, L., Talukder, D., Tanner, D.B., Tarabrin, S.P., Taylor, R., Ter Braack, A.P.M., Thomas, P., Thorne, K.A., Thorne, K.S., Thrane, E., Thüring, A., Titsler, C., Tokmakov, K.V., Tomlinson, C., Toncelli, A., Tonelli, M., Torre, O., Torres, C.V., Torrie, C.I., Tournefier, E., Travasso, F., Traylor, G., Tse, M., Ugolini, D., Vahlbruch, H., Vajente, G., Van Den Brand, J.F.J., Van Den Broeck, C., Van Der Putten, S., Van Veggel, A.A., Vass, S., Vasuth, M., Vaulin, R., Vavoulidis, M., Vecchio, A., Vedovato, G., Veitch, J., Veitch, P.J., Venkateswara, K., Verkindt, D., Vetrano, F., Viceré, A., Villar, A.E., Vinet, J.-Y., Vitale, S., Vocca, H., Vorvick, C., Vyatchanin, S.P., Wade, A., Wade, L., Wade, M., Waldman, S.J., Wallace, L., Wan, Y., Wang, M., Wang, X., Wanner, A., Ward, R.L., Was, M., Weinert, M., Weinstein, A.J., Weiss, R., Welborn, T., Wen, L., Wessels, P., West, M., Westphal, T., Wette, K., Whelan, J.T., Whitcomb, S.E., White, D.J., Whiting, B.F., Wiesner, K., Wilkinson, C., Willems, P.A., Williams, L., Williams, R., Willke, B., Wimmer, M., Winkelmann, L., Winkler, W., Wipf, C.C., Wiseman, A.G., Wittel, H., Woan, G., Wooley, R., Worden, J., Yablon, J., Yakushin, I., Yamamoto, H., Yamamoto, K., Yancey, C.C., Yang, H., Yeaton-Massey, D., Yoshida, S., Yvert, M., Zadrozny, A., Zanolin, M., Zendri, J.-P., Zhang, F., Zhang, L., Zhao, C., Zotov, N., Zucker, M.E., Zweizig, J.","A first search for coincident gravitational waves and high energy neutrinos using LIGO, Virgo and ANTARES data from 2007",2013,"Journal of Cosmology and Astroparticle Physics","2013","6",,"1","39",,2,10.1088/1475-7516/2013/06/008,"https://www.scopus.com/inward/record.uri?eid=2-s2.0-84878778368&doi=10.1088%2f1475-7516%2f2013%2f06%2f008&partnerID=40&md5=641bf5d525d967ec81ee4ced0413278e",Review,Scopus,2-s2.0-84878778368
"Aasi, J., Abadie, J., Abbott, B.P., Abbott, R., Abbott, T.D., Abernathy, M., Accadia, T., Acernese, F., Adams, C., Adams, T., Addesso, P., Adhikari, R., Affeldt, C., Agathos, M., Agatsuma, K., Ajith, P., Allen, B., Allocca, A., Amador Ceron, E., Amariutei, D., Anderson, S.B., Anderson, W.G., Arai, K., Araya, M.C., Ast, S., Aston, S.M., Astone, P., Atkinson, D., Aufmuth, P., Aulbert, C., Aylott, B.E., Babak, S., Baker, P., Ballardin, G., Ballmer, S., Bao, Y., Barayoga, J.C.B., Barker, D., Barone, F., Barr, B., Barsotti, L., Barsuglia, M., Barton, M.A., Bartos, I., Bassiri, R., Bastarrika, M., Basti, A., Batch, J., Bauchrowitz, J., Bauer, T.S., Bebronne, M., Beck, D., Behnke, B., Bejger, M., Beker, M.G., Bell, A.S., Bell, C., Belopolski, I., Benacquista, M., Berliner, J.M., Bertolini, A., Betzwieser, J., Beveridge, N., Beyersdorf, P.T., Bhadbade, T., Bilenko, I.A., Billingsley, G., Birch, J., Biswas, R., Bitossi, M., Bizouard, M.A., Black, E., Blackburn, J.K., Blackburn, L., Blair, D., Bland, B., Blom, M., Bock, O., Bodiya, T.P., Bogan, C., Bond, C., Bondarescu, R., Bondu, F., Bonelli, L., Bonnand, R., Bork, R., Born, M., Boschi, V., Bose, S., Bosi, L., Bouhou, B., Braccini, S., Bradaschia, C., Brady, P.R., Braginsky, V.B., Branchesi, M., Brau, J.E., Breyer, J., Briant, T., Bridges, D.O., Brillet, A., Brinkmann, M., Brisson, V., Britzger, M., Brooks, A.F., Brown, D.A., Bulik, T., Bulten, H.J., Buonanno, A., Burguet-Castell, J., Buskulic, D., Buy, C., Byer, R.L., Cadonati, L., Cagnoli, G., Cagnoli, G., Calloni, E., Camp, J.B., Campsie, P., Cannon, K., Canuel, B., Cao, J., Capano, C.D., Carbognani, F., Carbone, L., Caride, S., Caudill, S., Cavaglià, M., Cavalier, F., Cavalieri, R., Cella, G., Cepeda, C., Cesarini, E., Chalermsongsak, T., Charlton, P., Chassande-Mottin, E., Chen, W., Chen, X., Chen, Y., Chincarini, A., Chiummo, A., Cho, H.S., Chow, J., Christensen, N., Chua, S.S.Y., Chung, C.T.Y., Chung, S., Ciani, G., Clara, F., Clark, D.E., Clark, J.A., Clayton, J.H., Cleva, F., Coccia, E., Cohadon, P.-F., Colacino, C.N., Colla, A., Colombini, M., Conte, A., Conte, R., Cook, D., Corbitt, T.R., Cordier, M., Cornish, N., Corsi, A., Costa, C.A., Coughlin, M., Coulon, J.-P., Couvares, P., Coward, D.M., Cowart, M., Coyne, D.C., Creighton, J.D.E., Creighton, T.D., Cruise, A.M., Cumming, A., Cunningham, L., Cuoco, E., Cutler, R.M., Dahl, K., Damjanic, M., Danilishin, S.L., D'antonio, S., Danzmann, K., Dattilo, V., Daudert, B., Daveloza, H., Davier, M., Daw, E.J., Day, R., Dayanga, T., De Rosa, R., Debra, D., Debreczeni, G., Degallaix, J., Del Pozzo, W., Dent, T., Dergachev, V., Derosa, R., Dhurandhar, S., Di Fiore, L., Di Lieto, A., Di Palma, I., Di Paolo Emilio, M., Di Virgilio, A., Díaz, M., Dietz, A., Dietz, A., Donovan, F., Dooley, K.L., Doravari, S., Dorsher, S., Drago, M., Drever, R.W.P., Driggers, J.C., Du, Z., Dumas, J.-C., Dwyer, S., Eberle, T., Edgar, M., Edwards, M., Effler, A., Ehrens, P., Endroczi, G., Engel, R., Etzel, T., Evans, K., Evans, M., Evans, T., Factourovich, M., Fafone, V., Fairhurst, S., Farr, B.F., Favata, M., Fazi, D., Fehrmann, H., Feldbaum, D., Ferrante, I., Ferrini, F., Fidecaro, F., Finn, L.S., Fiori, I., Fisher, R.P., Flaminio, R., Foley, S., Forsi, E., Fotopoulos, N., Fournier, J.-D., Franc, J., Franco, S., Frasca, S., Frasconi, F., Frede, M., Frei, M.A., Frei, Z., Freise, A., Frey, R., Fricke, T.T., Friedrich, D., Fritschel, P., Frolov, V.V., Fujimoto, M.-K., Fulda, P.J., Fyffe, M., Gair, J., Galimberti, M., Gammaitoni, L., Garcia, J., Garufi, F., Gáspár, M.E., Gelencser, G., Gemme, G., Genin, E., Gennai, A., Gergely, L.Á., Ghosh, S., Giaime, J.A., Giampanis, S., Giardina, K.D., Giazotto, A., Gil-Casanova, S., Gill, C., Gleason, J., Goetz, E., González, G., Gorodetsky, M.L., Goßler, S., Gouaty, R., Graef, C., Graff, P.B., Granata, M., Grant, A., Gray, C., Greenhalgh, R.J.S., Gretarsson, A.M., Griffo, C., Grote, H., Grover, K., Grunewald, S., Guidi, G.M., Guido, C., Gupta, R., Gustafson, E.K., Gustafson, R., Hallam, J.M., Hammer, D., Hammond, G., Hanks, J., Hanna, C., Hanson, J., Harms, J., Harry, G.M., Harry, I.W., Harstad, E.D., Hartman, M.T., Haughian, K., Hayama, K., Hayau, J.-F., Heefner, J., Heidmann, A., Heitmann, H., Hello, P., Hendry, M.A., Heng, I.S., Heptonstall, A.W., Herrera, V., Heurs, M., Hewitson, M., Hild, S., Hoak, D., Hodge, K.A., Holt, K., Holtrop, M., Hong, T., Hooper, S., Hough, J., Howell, E.J., Hughey, B., Husa, S., Huttner, S.H., Huynh-Dinh, T., Ingram, D.R., Inta, R., Isogai, T., Ivanov, A., Izumi, K., Jacobson, M., James, E., Jang, Y.J., Jaranowski, P., Jesse, E., Johnson, W.W., Jones, D.I., Jones, R., Jonker, R.J.G., Ju, L., Kalmus, P., Kalogera, V., Kandhasamy, S., Kang, G., Kanner, J.B., Kasprzack, M., Kasturi, R., Katsavounidis, E., Katzman, W., Kaufer, H., Kaufman, K., Kawabe, K., Kawamura, S., Kawazoe, F., Keitel, D., Kelley, D., Kells, W., Keppel, D.G., Keresztes, Z., Khalaidovski, A., Khalili, F.Y., Khazanov, E.A., Kim, B.K., Kim, C., Kim, H., Kim, K., Kim, N., Kim, Y.M., King, P.J., Kinzel, D.L., Kissel, J.S., Klimenko, S., Kline, J., Kokeyama, K., Kondrashov, V., Koranda, S., Korth, W.Z., Kowalska, I., Kozak, D., Kringel, V., Krishnan, B., Królak, A., Kuehn, G., Kumar, P., Kumar, R., Kurdyumov, R., Kwee, P., Lam, P.K., Landry, M., Langley, A., Lantz, B., Lastzka, N., Lawrie, C., Lazzarini, A., Leaci, P., Lee, C.H., Lee, H.K., Lee, H.M., Leong, J.R., Leonor, I., Leroy, N., Letendre, N., Lhuillier, V., Li, J., Li, T.G.F., Lindquist, P.E., Litvine, V., Liu, Y., Liu, Z., Lockerbie, N.A., Lodhia, D., Logue, J., Lorenzini, M., Loriette, V., Lormand, M., Losurdo, G., Lough, J., Lubinski, M., Lück, H., Lundgren, A.P., Macarthur, J., Macdonald, E., Machenschalk, B., Macinnis, M., Macleod, D.M., Mageswaran, M., Mailand, K., Majorana, E., Maksimovic, I., Malvezzi, V., Man, N., Mandel, I., Mandic, V., Mantovani, M., Marchesoni, F., Marion, F., Márka, S., Márka, Z., Markosyan, A., Maros, E., Marque, J., Martelli, F., Martin, I.W., Martin, R.M., Marx, J.N., Mason, K., Masserot, A., Matichard, F., Matone, L., Matzner, R.A., Mavalvala, N., Mazzolo, G., Mccarthy, R., Mcclelland, D.E., Mcguire, S.C., Mcintyre, G., Mciver, J., Meadors, G.D., Mehmet, M., Meier, T., Melatos, A., Melissinos, A.C., Mendell, G., Menéndez, D.F., Mercer, R.A., Meshkov, S., Messenger, C., Meyer, M.S., Miao, H., Michel, C., Milano, L., Miller, J., Minenkov, Y., Mingarelli, C.M.F., Mitrofanov, V.P., Mitselmakher, G., Mittleman, R., Moe, B., Mohan, M., Mohapatra, S.R.P., Moraru, D., Moreno, G., Morgado, N., Morgia, A., Mori, T., Morriss, S.R., Mosca, S., Mossavi, K., Mours, B., Mow-Lowry, C.M., Mueller, C.L., Mueller, G., Mukherjee, S., Mullavey, A., Müller-Ebhardt, H., Munch, J., Murphy, D., Murray, P.G., Mytidis, A., Nash, T., Naticchioni, L., Necula, V., Nelson, J., Neri, I., Newton, G., Nguyen, T., Nishizawa, A., Nitz, A., Nocera, F., Nolting, D., Normandin, M.E., Nuttall, L., Ochsner, E., O'dell, J., Oelker, E., Ogin, G.H., Oh, J.J., Oh, S.H., Oldenberg, R.G., O'reilly, B., O'shaughnessy, R., Osthelder, C., Ott, C.D., Ottaway, D.J., Ottens, R.S., Overmier, H., Owen, B.J., Page, A., Palladino, L., Palomba, C., Pan, Y., Paoletti, F., Paoletti, R., Papa, M.A., Parisi, M., Pasqualetti, A., Passaquieti, R., Passuello, D., Pedraza, M., Penn, S., Perreca, A., Persichetti, G., Phelps, M., Pichot, M., Pickenpack, M., Piergiovanni, F., Pierro, V., Pihlaja, M., Pinard, L., Pinto, I.M., Pitkin, M., Pletsch, H.J., Plissi, M.V., Poggiani, R., Pöld, J., Postiglione, F., Poux, C., Prato, M., Predoi, V., Prestegard, T., Price, L.R., Prijatelj, M., Principe, M., Privitera, S., Prix, R., Prodi, G.A., Prokhorov, L.G., Puncken, O., Punturo, M., Puppo, P., Quetschke, V., Quitzow-James, R., Raab, F.J., Rabeling, D.S., Rácz, I., Radkins, H., Raffai, P., Rakhmanov, M., Ramet, C., Rankins, B., Rapagnani, P., Raymond, V., Re, V., Reed, C.M., Reed, T., Regimbau, T., Reid, S., Reitze, D.H., Ricci, F., Riesen, R., Riles, K., Roberts, M., Robertson, N.A., Robinet, F., Robinson, C., Robinson, E.L., Rocchi, A., Roddy, S., Rodriguez, C., Rodruck, M., Rolland, L., Rollins, J.G., Romano, J.D., Romano, R., Romie, J.H., Rosińska, D., Röver, C., Rowan, S., Rüdiger, A., Ruggi, P., Ryan, K., Salemi, F., Sammut, L., Sandberg, V., Sankar, S., Sannibale, V., Santamaría, L., Santiago-Prieto, I., Santostasi, G., Saracco, E., Sathyaprakash, B.S., Saulson, P.R., Savage, R.L., Schilling, R., Schnabel, R., Schofield, R.M.S., Schulz, B., Schutz, B.F., Schwinberg, P., Scott, J., Scott, S.M., Seifert, F., Sellers, D., Sentenac, D., Sergeev, A., Shaddock, D.A., Shaltev, M., Shapiro, B., Shawhan, P., Shoemaker, D.H., Sidery, T.L., Siemens, X., Sigg, D., Simakov, D., Singer, A., Singer, L., Sintes, A.M., Skelton, G.R., Slagmolen, B.J.J., Slutsky, J., Smith, J.R., Smith, M.R., Smith, R.J.E., Smith-Lefebvre, N.D., Somiya, K., Sorazu, B., Speirits, F.C., Sperandio, L., Stefszky, M., Steinert, E., Steinlechner, J., Steinlechner, S., Steplewski, S., Stochino, A., Stone, R., Strain, K.A., Strigin, S.E., Stroeer, A.S., Sturani, R., Stuver, A.L., Summerscales, T.Z., Sung, M., Susmithan, S., Sutton, P.J., Swinkels, B., Szeifert, G., Tacca, M., Taffarello, L., Talukder, D., Tanner, D.B., Tarabrin, S.P., Taylor, R., Ter Braack, A.P.M., Thomas, P., Thorne, K.A., Thorne, K.S., Thrane, E., Thüring, A., Titsler, C., Tokmakov, K.V., Tomlinson, C., Toncelli, A., Tonelli, M., Torre, O., Torres, C.V., Torrie, C.I., Tournefier, E., Travasso, F., Traylor, G., Tse, M., Ugolini, D., Vahlbruch, H., Vajente, G., Van Den Brand, J.F.J., Van Den Broeck, C., Van Der Putten, S., Van Veggel, A.A., Vass, S., Vasuth, M., Vaulin, R., Vavoulidis, M., Vecchio, A., Vedovato, G., Veitch, J., Veitch, P.J., Venkateswara, K., Verkindt, D., Vetrano, F., Viceré, A., Villar, A.E., Vinet, J.-Y., Vitale, S., Vocca, H., Vorvick, C., Vyatchanin, S.P., Wade, A., Wade, L., Wade, M., Waldman, S.J., Wallace, L., Wan, Y., Wang, M., Wang, X., Wanner, A., Ward, R.L., Was, M., Weinert, M., Weinstein, A.J., Weiss, R., Welborn, T., Wen, L., Wessels, P., West, M., Westphal, T., Wette, K., Whelan, J.T., Whitcomb, S.E., White, D.J., Whiting, B.F., Wiesner, K., Wilkinson, C., Willems, P.A., Williams, L., Williams, R., Willke, B., Wimmer, M., Winkelmann, L., Winkler, W., Wipf, C.C., Wiseman, A.G., Wittel, H., Woan, G., Wooley, R., Worden, J., Yablon, J., Yakushin, I., Yamamoto, H., Yamamoto, K., Yancey, C.C., Yang, H., Yeaton-Massey, D., Yoshida, S., Yvert, M., Zadrozny, A., Zanolin, M., Zendri, J.-P., Zhang, F., Zhang, L., Zhao, C., Zotov, N., Zucker, M.E., Zweizig, J., Anderson, D.P.","Einstein@Home all-sky search for periodic gravitational waves in LIGO S5 data",2013,"Physical Review D - Particles, Fields, Gravitation and Cosmology","87","4", 042001,"","",,55,10.1103/PhysRevD.87.042001,"https://www.scopus.com/inward/record.uri?eid=2-s2.0-84874026822&doi=10.1103%2fPhysRevD.87.042001&partnerID=40&md5=5dfa6b2bbbb9ac9b129e7a727b9817d1",Article,Scopus,2-s2.0-84874026822
"Aasi, J., Abadie, J., Abbott, B.P., Abbott, R., Abbott, T.D., Abernathy, M., Accadia, T., Acernese, F., Adams, C., Adams, T., Addesso, P., Adhikari, R., Affeldt, C., Agathos, M., Agatsuma, K., Ajith, P., Allen, B., Allocca, A., Amador Ceron, E., Amariutei, D., Anderson, S.B., Anderson, W.G., Arai, K., Araya, M.C., Ast, S., Aston, S.M., Astone, P., Atkinson, D., Aufmuth, P., Aulbert, C., Aylott, B.E., Babak, S., Baker, P., Ballardin, G., Ballmer, S., Bao, Y., Barayoga, J.C.B., Barker, D., Barone, F., Barr, B., Barsotti, L., Barsuglia, M., Barton, M.A., Bartos, I., Bassiri, R., Bastarrika, M., Basti, A., Batch, J., Bauchrowitz, J., Bauer, T.S., Bebronne, M., Beck, D., Behnke, B., Bejger, M., Beker, M.G., Bell, A.S., Bell, C., Belopolski, I., Benacquista, M., Berliner, J.M., Bertolini, A., Betzwieser, J., Beveridge, N., Beyersdorf, P.T., Bhadbade, T., Bilenko, I.A., Billingsley, G., Birch, J., Biswas, R., Bitossi, M., Bizouard, M.A., Black, E., Blackburn, J.K., Blackburn, L., Blair, D., Bland, B., Blom, M., Bock, O., Bodiya, T.P., Bogan, C., Bond, C., Bondarescu, R., Bondu, F., Bonelli, L., Bonnand, R., Bork, R., Born, M., Boschi, V., Bose, S., Bosi, L., Bouhou, B., Braccini, S., Bradaschia, C., Brady, P.R., Braginsky, V.B., Branchesi, M., Brau, J.E., Breyer, J., Briant, T., Bridges, D.O., Brillet, A., Brinkmann, M., Brisson, V., Britzger, M., Brooks, A.F., Brown, D.A., Bulik, T., Bulten, H.J., Buonanno, A., Burguet-Castell, J., Buskulic, D., Buy, C., Byer, R.L., Cadonati, L., Cagnoli, G., Calloni, E., Camp, J.B., Campsie, P., Cannon, K., Canuel, B., Cao, J., Capano, C.D., Carbognani, F., Carbone, L., Caride, S., Caudill, S., Cavaglià, M., Cavalier, F., Cavalieri, R., Cella, G., Cepeda, C., Cesarini, E., Chalermsongsak, T., Charlton, P., Chassande-Mottin, E., Chen, W., Chen, X., Chen, Y., Chincarini, A., Chiummo, A., Cho, H.S., Chow, J., Christensen, N., Chua, S.S.Y., Chung, C.T.Y., Chung, S., Ciani, G., Clara, F., Clark, D.E., Clark, J.A., Clayton, J.H., Cleva, F., Coccia, E., Cohadon, P.-F., Colacino, C.N., Colla, A., Colombini, M., Conte, A., Conte, R., Cook, D., Corbitt, T.R., Cordier, M., Cornish, N., Corsi, A., Costa, C.A., Coughlin, M., Coulon, J.-P., Couvares, P., Coward, D.M., Cowart, M., Coyne, D.C., Creighton, J.D.E., Creighton, T.D., Cruise, A.M., Cumming, A., Cunningham, L., Cuoco, E., Cutler, R.M., Dahl, K., Damjanic, M., Danilishin, S.L., D'Antonio, S., Danzmann, K., Dattilo, V., Daudert, B., Daveloza, H., Davier, M., Daw, E.J., Day, R., Dayanga, T., De Rosa, R., Debra, D., Debreczeni, G., Degallaix, J., Del Pozzo, W., Dent, T., Dergachev, V., Derosa, R., Dhurandhar, S., Di Fiore, L., Di Lieto, A., Di Palma, I., Di Paolo Emilio, M., Di Virgilio, A., Díaz, M., Dietz, A., Donovan, F., Dooley, K.L., Doravari, S., Dorsher, S., Drago, M., Drever, R.W.P., Driggers, J.C., Du, Z., Dumas, J.-C., Dwyer, S., Eberle, T., Edgar, M., Edwards, M., Effler, A., Ehrens, P., Endroczi, G., Engel, R., Etzel, T., Evans, K., Evans, M., Evans, T., Factourovich, M., Fafone, V., Fairhurst, S., Farr, B.F., Favata, M., Fazi, D., Fehrmann, H., Feldbaum, D., Ferrante, I., Ferrini, F., Fidecaro, F., Finn, L.S., Fiori, I., Fisher, R.P., Flaminio, R., Foley, S., Forsi, E., Forte, L.A., Fotopoulos, N., Fournier, J.-D., Franc, J., Franco, S., Frasca, S., Frasconi, F., Frede, M., Frei, M.A., Frei, Z., Freise, A., Frey, R., Fricke, T.T., Friedrich, D., Fritschel, P., Frolov, V.V., Fujimoto, M.-K., Fulda, P.J., Fyffe, M., Gair, J., Galimberti, M., Gammaitoni, L., Garcia, J., Garufi, F., Gáspár, M.E., Gelencser, G., Gemme, G., Genin, E., Gennai, A., Gergely, L.A., Ghosh, S., Giaime, J.A., Giampanis, S., Giardina, K.D., Giazotto, A., Gil-Casanova, S., Gill, C., Gleason, J., Goetz, E., González, G., Gorodetsky, M.L., Goßler, S., Gouaty, R., Graef, C., Graff, P.B., Granata, M., Grant, A., Gray, C., Greenhalgh, R.J.S., Gretarsson, A.M., Griffo, C., Grote, H., Grover, K., Grunewald, S., Guidi, G.M., Guido, C., Gupta, R., Gustafson, E.K., Gustafson, R., Hallam, J.M., Hammer, D., Hammond, G., Hanks, J., Hanna, C., Hanson, J., Harms, J., Harry, G.M., Harry, I.W., Harstad, E.D., Hartman, M.T., Haughian, K., Hayama, K., Hayau, J.-F., Heefner, J., Heidmann, A., Heintze, M.C., Heitmann, H., Hello, P., Hemming, G., Hendry, M.A., Heng, I.S., Heptonstall, A.W., Herrera, V., Heurs, M., Hewitson, M., Hild, S., Hoak, D., Hodge, K.A., Holt, K., Holtrop, M., Hong, T., Hooper, S., Hough, J., Howell, E.J., Hughey, B., Husa, S., Huttner, S.H., Huynh-Dinh, T., Ingram, D.R., Inta, R., Isogai, T., Ivanov, A., Izumi, K., Jacobson, M., James, E., Jang, Y.J., Jaranowski, P., Jesse, E., Johnson, W.W., Jones, D.I., Jones, R., Jonker, R.J.G., Ju, L., Kalmus, P., Kalogera, V., Kandhasamy, S., Kang, G., Kanner, J.B., Kasprzack, M., Kasturi, R., Katsavounidis, E., Katzman, W., Kaufer, H., Kaufman, K., Kawabe, K., Kawamura, S., Kawazoe, F., Keitel, D., Kelley, D., Kells, W., Keppel, D.G., Keresztes, Z., Khalaidovski, A., Khalili, F.Y., Khazanov, E.A., Kim, B.K., Kim, C., Kim, H., Kim, K., Kim, N., Kim, Y.M., King, P.J., Kinzel, D.L., Kissel, J.S., Klimenko, S., Kline, J., Kokeyama, K., Kondrashov, V., Koranda, S., Korth, W.Z., Kowalska, I., Kozak, D., Kringel, V., Krishnan, B., Królak, A., Kuehn, G., Kumar, P., Kumar, R., Kurdyumov, R., Kwee, P., Lam, P.K., Landry, M., Langley, A., Lantz, B., Lastzka, N., Lawrie, C., Lazzarini, A., Le Roux, A., Leaci, P., Lee, C.H., Lee, H.K., Lee, H.M., Leong, J.R., Leonor, I., Leroy, N., Letendre, N., Lhuillier, V., Li, J., Li, T.G.F., Lindquist, P.E., Litvine, V., Liu, Y., Liu, Z., Lockerbie, N.A., Lodhia, D., Logue, J., Lorenzini, M., Loriette, V., Lormand, M., Losurdo, G., Lough, J., Lubinski, M., Lück, H., Lundgren, A.P., MacArthur, J., MacDonald, E., MacHenschalk, B., MacInnis, M., MacLeod, D.M., Mageswaran, M., Mailand, K., Majorana, E., Maksimovic, I., Malvezzi, V., Man, N., Mandel, I., Mandic, V., Mantovani, M., Marchesoni, F., Marion, F., Márka, S., Márka, Z., Markosyan, A., Maros, E., Marque, J., Martelli, F., Martin, I.W., Martin, R.M., Marx, J.N., Mason, K., Masserot, A., Matichard, F., Matone, L., Matzner, R.A., Mavalvala, N., Mazzolo, G., McCarthy, R., McClelland, D.E., McGuire, S.C., McIntyre, G., McIver, J., Meadors, G.D., Mehmet, M., Meier, T., Melatos, A., Melissinos, A.C., Mendell, G., Menéndez, D.F., Mercer, R.A., Meshkov, S., Messenger, C., Meyer, M.S., Miao, H., Michel, C., Milano, L., Miller, J., Minenkov, Y., Mingarelli, C.M.F., Mitrofanov, V.P., Mitselmakher, G., Mittleman, R., Moe, B., Mohan, M., Mohapatra, S.R.P., Moraru, D., Moreno, G., Morgado, N., Morgia, A., Mori, T., Morriss, S.R., Mosca, S., Mossavi, K., Mours, B., Mow-Lowry, C.M., Mueller, C.L., Mueller, G., Mukherjee, S., Mullavey, A., Müller-Ebhardt, H., Munch, J., Murphy, D., Murray, P.G., Mytidis, A., Nash, T., Naticchioni, L., Necula, V., Nelson, J., Neri, I., Newton, G., Nguyen, T., Nishizawa, A., Nitz, A., Nocera, F., Nolting, D., Normandin, M.E., Nuttall, L., Ochsner, E., O'Dell, J., Oelker, E., Ogin, G.H., Oh, J.J., Oh, S.H., Oldenberg, R.G., O'Reilly, B., O'Shaughnessy, R., Osthelder, C., Ott, C.D., Ottaway, D.J., Ottens, R.S., Overmier, H., Owen, B.J., Page, A., Palladino, L., Palomba, C., Pan, Y., Pankow, C., Paoletti, F., Paoletti, R., Papa, M.A., Parisi, M., Pasqualetti, A., Passaquieti, R., Passuello, D., Pedraza, M., Penn, S., Perreca, A., Persichetti, G., Phelps, M., Pichot, M., Pickenpack, M., Piergiovanni, F., Pierro, V., Pihlaja, M., Pinard, L., Pinto, I.M., Pitkin, M., Pletsch, H.J., Plissi, M.V., Poggiani, R., Pöld, J., Postiglione, F., Poux, C., Prato, M., Predoi, V., Prestegard, T., Price, L.R., Prijatelj, M., Principe, M., Privitera, S., Prix, R., Prodi, G.A., Prokhorov, L.G., Puncken, O., Punturo, M., Puppo, P., Quetschke, V., Quitzow-James, R., Raab, F.J., Rabeling, D.S., Rácz, I., Radkins, H., Raffai, P., Rakhmanov, M., Ramet, C., Rankins, B., Rapagnani, P., Raymond, V., Re, V., Reed, C.M., Reed, T., Regimbau, T., Reid, S., Reitze, D.H., Ricci, F., Riesen, R., Riles, K., Roberts, M., Robertson, N.A., Robinet, F., Robinson, C., Robinson, E.L., Rocchi, A., Roddy, S., Rodriguez, C., Rodruck, M., Rolland, L., Rollins, J.G., Romano, R., Romie, J.H., Rosińska, D., Röver, C., Rowan, S., Rüdiger, A., Ruggi, P., Ryan, K., Salemi, F., Sammut, L., Sandberg, V., Sankar, S., Sannibale, V., Santamaría, L., Santiago-Prieto, I., Santostasi, G., Saracco, E., Sassolas, B., Sathyaprakash, B.S., Saulson, P.R., Savage, R.L., Schilling, R., Schnabel, R., Schofield, R.M.S., Schulz, B., Schutz, B.F., Schwinberg, P., Scott, J., Scott, S.M., Seifert, F., Sellers, D., Sentenac, D., Sergeev, A., Shaddock, D.A., Shaltev, M., Shapiro, B., Shawhan, P., Shoemaker, D.H., Sidery, T.L., Siemens, X., Sigg, D., Simakov, D., Singer, A., Singer, L., Sintes, A.M., Skelton, G.R., Slagmolen, B.J.J., Slutsky, J., Smith, J.R., Smith, M.R., Smith, R.J.E., Smith-Lefebvre, N.D., Somiya, K., Sorazu, B., Speirits, F.C., Sperandio, L., Stefszky, M., Steinert, E., Steinlechner, J., Steinlechner, S., Steplewski, S., Stochino, A., Stone, R., Strain, K.A., Strigin, S.E., Stroeer, A.S., Sturani, R., Stuver, A.L., Summerscales, T.Z., Sung, M., Susmithan, S., Sutton, P.J., Swinkels, B., Szeifert, G., Tacca, M., Taffarello, L., Talukder, D., Tanner, D.B., Tarabrin, S.P., Taylor, R., Ter Braack, A.P.M., Thomas, P., Thorne, K.A., Thorne, K.S., Thrane, E., Thüring, A., Titsler, C., Tokmakov, K.V., Tomlinson, C., Toncelli, A., Tonelli, M., Torre, O., Torres, C.V., Torrie, C.I., Tournefier, E., Travasso, F., Traylor, G., Tse, M., Ugolini, D., Vahlbruch, H., Vajente, G., Van Den Brand, J.F.J., Van Den Broeck, C., Van Der Putten, S., Van Veggel, A.A., Vass, S., Vasuth, M., Vaulin, R., Vavoulidis, M., Vecchio, A., Vedovato, G., Veitch, J., Veitch, P.J., Venkateswara, K., Verkindt, D., Vetrano, F., Viceré, A., Villar, A.E., Vinet, J.-Y., Vitale, S., Vocca, H., Vorvick, C., Vyatchanin, S.P., Wade, A., Wade, L., Wade, M., Waldman, S.J., Wallace, L., Wan, Y., Wang, M., Wang, X., Wanner, A., Ward, R.L., Was, M., Weinert, M., Weinstein, A.J., Weiss, R., Welborn, T., Wen, L., Wessels, P., West, M., Westphal, T., Wette, K., Whelan, J.T., Whitcomb, S.E., White, D.J., Whiting, B.F., Wiesner, K., Wilkinson, C., Willems, P.A., Williams, L., Williams, R., Willke, B., Wimmer, M., Winkelmann, L., Winkler, W., Wipf, C.C., Wiseman, A.G., Wittel, H., Woan, G., Wooley, R., Worden, J., Yablon, J., Yakushin, I., Yamamoto, H., Yamamoto, K., Yancey, C.C., Yang, H., Yeaton-Massey, D., Yoshida, S., Yvert, M., Zadrozny, A., Zanolin, M., Zendri, J.-P., Zhang, F., Zhang, L., Zhao, C., Zotov, N., Zucker, M.E., Zweizig, J.","Search for gravitational waves from binary black hole inspiral, merger, and ringdown in LIGO-Virgo data from 2009-2010",2013,"Physical Review D - Particles, Fields, Gravitation and Cosmology","87","2", 022002,"","",,68,10.1103/PhysRevD.87.022002,"https://www.scopus.com/inward/record.uri?eid=2-s2.0-84872915115&doi=10.1103%2fPhysRevD.87.022002&partnerID=40&md5=81fb98061cfdbaa32221376dc7c04a56",Article,Scopus,2-s2.0-84872915115
"Evans, P.A., Fridriksson, J.K., Gehrels, N., Homan, J., Osborne, J.P., Siegel, M., Beardmore, A., Handbauer, P., Gelbord, J., Kennea, J.A., Smith, M., Zhu, Q., Aasi, J., Abadie, J., Abbott, B.P., Abbott, R., Abbott, T.D., Abernathy, M., Accadia, T., Acernese, F., Adams, C., Adams, T., Addesso, P., Adhikari, R., Affeldt, C., Agathos, M., Agatsuma, K., Ajith, P., Allen, B., Allocca, A., Amador Ceron, E., Amariutei, D., Anderson, S.B., Anderson, W.G., Arai, K., Araya, M.C., Ast, S., Aston, S.M., Astone, P., Atkinson, D., Aufmuth, P., Aulbert, C., Aylott, B.E., Babak, S., Baker, P., Ballardin, G., Ballmer, S., Bao, Y., Barayoga, J.C.B., Barker, D., Barone, F., Barr, B., Barsotti, L., Barsuglia, M., Barton, M.A., Bartos, I., Bassiri, R., Bastarrika, M., Basti, A., Batch, J., Bauchrowitz, J., Bauer, T.S., Bebronne, M., Beck, D., Behnke, B., Bejger, M., Beker, M.G., Bell, A.S., Bell, C., Belopolski, I., Benacquista, M., Berliner, J.M., Bertolini, A., Betzwieser, J., Beveridge, N., Beyersdorf, P.T., Bhadbade, T., Bilenko, I.A., Billingsley, G., Birch, J., Biswas, R., Bitossi, M., Bizouard, M.A., Black, E., Blackburn, J.K., Blackburn, L., Blair, D., Bland, B., Blom, M., Bock, O., Bodiya, T.P., Bogan, C., Bond, C., Bondarescu, R., Bondu, F., Bonelli, L., Bonnand, R., Bork, R., Born, M., Boschi, V., Bose, S., Bosi, L., Bouhou, B., Braccini, S., Bradaschia, C., Brady, P.R., Braginsky, V.B., Branchesi, M., Brau, J.E., Breyer, J., Briant, T., Bridges, D.O., Brillet, A., Brinkmann, M., Brisson, V., Britzger, M., Brooks, A.F., Brown, D.A., Bulik, T., Bulten, H.J., Buonanno, A., Burguet-Castell, J., Buskulic, D., Buy, C., Byer, R.L., Cadonati, L., Cagnoli, G., Calloni, E., Camp, J.B., Campsie, P., Cannon, K., Canuel, B., Cao, J., Capano, C.D., Carbognani, F., Carbone, L., Caride, S., Caudill, S., Cavaglià, M., Cavalier, F., Cavalieri, R., Cella, G., Cepeda, C., Cesarini, E., Chalermsongsak, T., Charlton, P., Chassande-Mottin, E., Chen, W., Chen, X., Chen, Y., Chincarini, A., Chiummo, A., Cho, H.S., Chow, J., Christensen, N., Chua, S.S.Y., Chung, C.T.Y., Chung, S., Ciani, G., Clara, F., Clark, D.E., Clark, J.A., Clayton, J.H., Cleva, F., Coccia, E., Cohadon, P.-F., Colacino, C.N., Colla, A., Colombini, M., Conte, A., Conte, R., Cook, D., Corbitt, T.R., Cordier, M., Cornish, N., Corsi, A., Costa, C.A., Coughlin, M., Coulon, J.-P., Couvares, P., Coward, D.M., Cowart, M., Coyne, D.C., Creighton, J.D.E., Creighton, T.D., Cruise, A.M., Cumming, A., Cunningham, L., Cuoco, E., Cutler, R.M., Dahl, K., Damjanic, M., Danilishin, S.L., D'Antonio, S., Danzmann, K., Dattilo, V., Daudert, B., Daveloza, H., Davier, M., Daw, E.J., Day, R., Dayanga, T., De Rosa, R., Debra, D., Debreczeni, G., Degallaix, J., Del Pozzo, W., Dent, T., Dergachev, V., Derosa, R., Dhurandhar, S., Di Fiore, L., Di Lieto, A., Di Palma, I., Di Paolo Emilio, M., Di Virgilio, A., Díaz, M., Dietz, A., Donovan, F., Dooley, K.L., Doravari, S., Dorsher, S., Drago, M., Drever, R.W.P., Driggers, J.C., Du, Z., Dumas, J.-C., Dwyer, S., Eberle, T., Edgar, M., Edwards, M., Effler, A., Ehrens, P., Eikenberry, S., Endrczi, G., Engel, R., Etzel, T., Evans, K., Evans, M., Evans, T., Factourovich, M., Fafone, V., Fairhurst, S., Farr, B.F., Favata, M., Fazi, D., Fehrmann, H., Feldbaum, D., Ferrante, I., Ferrini, F., Fidecaro, F., Finn, L.S., Fiori, I., Fisher, R.P., Flaminio, R., Foley, S., Forsi, E., Forte, L.A., Fotopoulos, N., Fournier, J.-D., Franc, J., Franco, S., Frasca, S., Frasconi, F., Frede, M., Frei, M.A., Frei, Z., Freise, A., Frey, R., Fricke, T.T., Friedrich, D., Fritschel, P., Frolov, V.V., Fujimoto, M.-K., Fulda, P.J., Fyffe, M., Gair, J., Galimberti, M., Gammaitoni, L., Garcia, J., Garufi, F., Gáspár, M.E., Gelencser, G., Gemme, G., Genin, E., Gennai, A., Gergely, L.Á., Ghosh, S., Giaime, J.A., Giampanis, S., Giardina, K.D., Giazotto, A., Gil-Casanova, S., Gill, C., Gleason, J., Goetz, E., González, G., Gorodetsky, M.L., Goßler, S., Gouaty, R., Graef, C., Graff, P.B., Granata, M., Grant, A., Gray, C., Greenhalgh, R.J.S., Gretarsson, A.M., Griffo, C., Grote, H., Grover, K., Grunewald, S., Guidi, G.M., Guido, C., Gupta, R., Gustafson, E.K., Gustafson, R., Hallam, J.M., Hammer, D., Hammond, G., Hanks, J., Hanna, C., Hanson, J., Harms, J., Harry, G.M., Harry, I.W., Harstad, E.D., Hartman, M.T., Haughian, K., Hayama, K., Hayau, J.-F., Heefner, J., Heidmann, A., Heintze, M.C., Heitmann, H., Hello, P., Hemming, G., Hendry, M.A., Heng, I.S., Heptonstall, A.W., Herrera, V., Heurs, M., Hewitson, M., Hild, S., Hoak, D., Hodge, K.A., Holt, K., Holtrop, M., Hong, T., Hooper, S., Hough, J., Howell, E.J., Hughey, B., Husa, S., Huttner, S.H., Huynh-Dinh, T., Ingram, D.R., Inta, R., Isogai, T., Ivanov, A., Izumi, K., Jacobson, M., James, E., Jang, Y.J., Jaranowski, P., Jesse, E., Johnson, W.W., Jones, D.I., Jones, R., Jonker, R.J.G., Ju, L., Kalmus, P., Kalogera, V., Kandhasamy, S., Kang, G., Kanner, J.B., Kasprzack, M., Kasturi, R., Katsavounidis, E., Katzman, W., Kaufer, H., Kaufman, K., Kawabe, K., Kawamura, S., Kawazoe, F., Keitel, D., Kelley, D., Kells, W., Keppel, D.G., Keresztes, Z., Khalaidovski, A., Khalili, F.Y., Khazanov, E.A., Kim, B.K., Kim, C., Kim, H., Kim, K., Kim, N., Kim, Y.M., King, P.J., Kinzel, D.L., Kissel, J.S., Klimenko, S., Kline, J., Kokeyama, K., Kondrashov, V., Koranda, S., Korth, W.Z., Kowalska, I., Kozak, D., Kringel, V., Krishnan, B., Królak, A., Kuehn, G., Kumar, P., Kumar, R., Kurdyumov, R., Kwee, P., Lam, P.K., Landry, M., Langley, A., Lantz, B., Lastzka, N., Lawrie, C., Lazzarini, A., Le Roux, A., Leaci, P., Lee, C.H., Lee, H.K., Lee, H.M., Leong, J.R., Leonor, I., Leroy, N., Letendre, N., Lhuillier, V., Li, J., Li, T.G.F., Lindquist, P.E., Litvine, V., Liu, Y., Liu, Z., Lockerbie, N.A., Lodhia, D., Logue, J., Lorenzini, M., Loriette, V., Lormand, M., Losurdo, G., Lough, J., Lubinski, M., Lück, H., Lundgren, A.P., MacArthur, J., MacDonald, E., MacHenschalk, B., MacInnis, M., MacLeod, D.M., Mageswaran, M., Mailand, K., Majorana, E., Maksimovic, I., Malvezzi, V., Man, N., Mandel, I., Mandic, V., Mantovani, M., Marchesoni, F., Marion, F., Márka, S., Márka, Z., Markosyan, A., Maros, E., Marque, J., Martelli, F., Martin, I.W., Martin, R.M., Marx, J.N., Mason, K., Masserot, A., Matichard, F., Matone, L., Matzner, R.A., Mavalvala, N., Mazzolo, G., McCarthy, R., McClelland, D.E., McDaniel, P., McGuire, S.C., McIntyre, G., McIver, J., Meadors, G.D., Mehmet, M., Meier, T., Melatos, A., Melissinos, A.C., Mendell, G., Menéndez, D.F., Mercer, R.A., Meshkov, S., Messenger, C., Meyer, M.S., Miao, H., Michel, C., Milano, L., Miller, J., Minenkov, Y., Mingarelli, C.M.F., Mitrofanov, V.P., Mitselmakher, G., Mittleman, R., Moe, B., Mohan, M., Mohapatra, S.R.P., Moraru, D., Moreno, G., Morgado, N., Morgia, A., Mori, T., Morriss, S.R., Mosca, S., Mossavi, K., Mours, B., Mow-Lowry, C.M., Mueller, C.L., Mueller, G., Mukherjee, S., Mullavey, A., Müller-Ebhardt, H., Munch, J., Murphy, D., Murray, P.G., Mytidis, A., Nash, T., Naticchioni, L., Necula, V., Nelson, J., Neri, I., Newton, G., Nguyen, T., Nishizawa, A., Nitz, A., Nocera, F., Nolting, D., Normandin, M.E., Nuttall, L., Ochsner, E., O'Dell, J., Oelker, E., Ogin, G.H., Oh, J.J., Oh, S.H., Oldenberg, R.G., O'Reilly, B., O'Shaughnessy, R., Osthelder, C., Ott, C.D., Ottaway, D.J., Ottens, R.S., Overmier, H., Owen, B.J., Page, A., Palladino, L., Palomba, C., Pan, Y., Pankow, C., Paoletti, F., Paoletti, R., Papa, M.A., Parisi, M., Pasqualetti, A., Passaquieti, R., Passuello, D., Pedraza, M., Penn, S., Perreca, A., Persichetti, G., Phelps, M., Pichot, M., Pickenpack, M., Piergiovanni, F., Pierro, V., Pihlaja, M., Pinard, L., Pinto, I.M., Pitkin, M., Pletsch, H.J., Plissi, M.V., Poggiani, R., Pöld, J., Postiglione, F., Poux, C., Prato, M., Predoi, V., Prestegard, T., Price, L.R., Prijatelj, M., Principe, M., Privitera, S., Prix, R., Prodi, G.A., Prokhorov, L.G., Puncken, O., Punturo, M., Puppo, P., Quetschke, V., Quitzow-James, R., Raab, F.J., Rabeling, D.S., Rácz, I., Radkins, H., Raffai, P., Rakhmanov, M., Ramet, C., Rankins, B., Rapagnani, P., Raymond, V., Re, V., Reed, C.M., Reed, T., Regimbau, T., Reid, S., Reitze, D.H., Ricci, F., Riesen, R., Riles, K., Roberts, M., Robertson, N.A., Robinet, F., Robinson, C., Robinson, E.L., Rocchi, A., Roddy, S., Rodriguez, C., Rodruck, M., Rolland, L., Rollins, J.G., Romano, J.D., Romano, R., Romie, J.H., Rosińska, D., Röver, C., Rowan, S., Rüdiger, A., Ruggi, P., Ryan, K., Salemi, F., Sammut, L., Sandberg, V., Sankar, S., Sannibale, V., Santamaría, L., Santiago-Prieto, I., Santostasi, G., Saracco, E., Sassolas, B., Sathyaprakash, B.S., Saulson, P.R., Savage, R.L., Schilling, R., Schnabel, R., Schofield, R.M.S., Schulz, B., Schutz, B.F., Schwinberg, P., Scott, J., Scott, S.M., Seifert, F., Sellers, D., Sentenac, D., Sergeev, A., Shaddock, D.A., Shaltev, M., Shapiro, B., Shawhan, P., Shoemaker, D.H., Sidery, T.L., Siemens, X., Sigg, D., Simakov, D., Singer, A., Singer, L., Sintes, A.M., Skelton, G.R., Slagmolen, B.J.J., Slutsky, J., Smith, J.R., Smith, M.R., Smith, R.J.E., Smith-Lefebvre, N.D., Somiya, K., Sorazu, B., Speirits, F.C., Sperandio, L., Stefszky, M., Steinert, E., Steinlechner, J., Steinlechner, S., Steplewski, S., Stochino, A., Stone, R., Strain, K.A., Strigin, S.E., Stroeer, A.S., Sturani, R., Stuver, A.L., Summerscales, T.Z., Sung, M., Susmithan, S., Sutton, P.J., Swinkels, B., Szeifert, G., Tacca, M., Taffarello, L., Talukder, D., Tanner, D.B., Tarabrin, S.P., Taylor, R., Ter Braack, A.P.M., Thomas, P., Thorne, K.A., Thorne, K.S., Thrane, E., Thüring, A., Titsler, C., Tokmakov, K.V., Tomlinson, C., Toncelli, A., Tonelli, M., Torre, O., Torres, C.V., Torrie, C.I., Tournefier, E., Travasso, F., Traylor, G., Tse, M., Ugolini, D., Vahlbruch, H., Vajente, G., Van Den Brand, J.F.J., Van Den Broeck, C., Van Der Putten, S., Van Veggel, A.A., Vass, S., Vasuth, M., Vaulin, R., Vavoulidis, M., Vecchio, A., Vedovato, G., Veitch, J., Veitch, P.J., Venkateswara, K., Verkindt, D., Vetrano, F., Viceré, A., Villar, A.E., Vinet, J.-Y., Vitale, S., Vocca, H., Vorvick, C., Vyatchanin, S.P., Wade, A., Wade, L., Wade, M., Waldman, S.J., Wallace, L., Wan, Y., Wang, M., Wang, X., Wanner, A., Ward, R.L., Was, M., Weinert, M., Weinstein, A.J., Weiss, R., Welborn, T., Wen, L., Wessels, P., West, M., Westphal, T., Wette, K., Whelan, J.T., Whitcomb, S.E., White, D.J., Whiting, B.F., Wiesner, K., Wilkinson, C., Willems, P.A., Williams, L., Williams, R., Willke, B., Wimmer, M., Winkelmann, L., Winkler, W., Wipf, C.C., Wiseman, A.G., Wittel, H., Woan, G., Wooley, R., Worden, J., Yablon, J., Yakushin, I., Yamamoto, H., Yamamoto, K., Yancey, C.C., Yang, H., Yeaton-Massey, D., Yoshida, S., Yvert, M., Zadrozny, A., Zanolin, M., Zendri, J.-P., Zhang, F., Zhang, L., Zhao, C., Zotov, N., Zucker, M.E., Zweizig, J.","Swift follow-up observations of candidate gravitational-wave transient events",2012,"Astrophysical Journal, Supplement Series","203","2", 28,"","",,48,10.1088/0067-0049/203/2/28,"https://www.scopus.com/inward/record.uri?eid=2-s2.0-84870164018&doi=10.1088%2f0067-0049%2f203%2f2%2f28&partnerID=40&md5=08bee8fd935c07eece8bc4f07f6218d8",Article,Scopus,2-s2.0-84870164018
"Abadie, J., Abbott, B.P., Abbott, R., Abbott, T.D., Abernathy, M., Accadia, T., Acernese, F., Adams, C., Adhikari, R.X., Affeldt, C., Agathos, M., Agatsuma, K., Ajith, P., Allen, B., Ceron, E.A., Amariutei, D., Anderson, S.B., Anderson, W.G., Arai, K., Arain, M.A., Araya, M.C., Aston, S.M., Astone, P., Atkinson, D., Aufmuth, P., Aulbert, C., Aylott, B.E., Babak, S., Baker, P., Ballardin, G., Ballmer, S., Barayoga, J.C.B., Barker, D., Barone, F., Barr, B., Barsotti, L., Barsuglia, M., Barton, M.A., Bartos, I., Bassiri, R., Bastarrika, M., Basti, A., Batch, J., Bauchrowitz, J., Bauer, T.S., Bebronne, M., Beck, D., Behnke, B., Bejger, M., Beker, M.G., Bell, A.S., Belopolski, I., Benacquista, M., Berliner, J.M., Bertolini, A., Betzwieser, J., Beveridge, N., Beyersdorf, P.T., Bilenko, I.A., Billingsley, G., Birch, J., Biswas, R., Bitossi, M., Bizouard, M.A., Black, E., Blackburn, J.K., Blackburn, L., Blair, D., Bland, B., Blom, M., Bock, O., Bodiya, T.P., Bogan, C., Bondarescu, R., Bondu, F., Bonelli, L., Bonnand, R., Bork, R., Born, M., Boschi, V., Bose, S., Bosi, L., Bouhou, B., Braccini, S., Bradaschia, C., Brady, P.R., Braginsky, V.B., Branchesi, M., Brau, J.E., Breyer, J., Briant, T., Bridges, D.O., Brillet, A., Brinkmann, M., Brisson, V., Britzger, M., Brooks, A.F., Brown, D.A., Bulik, T., Bulten, H.J., Buonanno, A., Burguet-Castell, J., Buskulic, D., Buy, C., Byer, R.L., Cadonati, L., Calloni, E., Camp, J.B., Campsie, P., Cannizzo, J., Cannon, K., Canuel, B., Cao, J., Capano, C.D., Carbognani, F., Carbone, L., Caride, S., Caudill, S., Cavaglià, M., Cavalier, F., Cavalieri, R., Cella, G., Cepeda, C., Cesarini, E., Chaibi, O., Chalermsongsak, T., Charlton, P., Chassande-Mottin, E., Chelkowski, S., Chen, W., Chen, X., Chen, Y., Chincarini, A., Chiummo, A., Cho, H.S., Chow, J., Christensen, N., Chua, S.S.Y., Chung, C.T.Y., Chung, S., Ciani, G., Clara, F., Clark, D.E., Clark, J., Clayton, J.H., Cleva, F., Coccia, E., Cohadon, P.-F., Colacino, C.N., Colas, J., Colla, A., Colombini, M., Conte, A., Conte, R., Cook, D., Corbitt, T.R., Cordier, M., Cornish, N., Corsi, A., Costa, C.A., Coughlin, M., Coulon, J.-P., Couvares, P., Coward, D.M., Cowart, M., Coyne, D.C., Creighton, J.D.E., Creighton, T.D., Cruise, A.M., Cumming, A., Cunningham, L., Cuoco, E., Cutler, R.M., Dahl, K., Danilishin, S.L., Dannenberg, R., D'Antonio, S., Danzmann, K., Dattilo, V., Daudert, B., Daveloza, H., Davier, M., Daw, E.J., Day, R., Dayanga, T., De Rosa, R., Debra, D., Debreczeni, G., Degallaix, J., Del Pozzo, W., Del Prete, M., Dent, T., Dergachev, V., Derosa, R., Desalvo, R., Dhurandhar, S., Di Fiore, L., Di Lieto, A., Di Palma, I., Di Paolo Emilio, M., Di Virgilio, A., Díaz, M., Dietz, A., Donovan, F., Dooley, K.L., Drago, M., Drever, R.W.P., Driggers, J.C., Du, Z., Dumas, J.-C., Dwyer, S., Eberle, T., Edgar, M., Edwards, M., Effler, A., Ehrens, P., Endrczi, G., Engel, R., Etzel, T., Evans, K., Evans, M., Evans, T., Factourovich, M., Fafone, V., Fairhurst, S., Fan, Y., Farr, B.F., Fazi, D., Fehrmann, H., Feldbaum, D., Feroz, F., Ferrante, I., Fidecaro, F., Finn, L.S., Fiori, I., Fisher, R.P., Flaminio, R., Flanigan, M., Foley, S., Forsi, E., Forte, L.A., Fotopoulos, N., Fournier, J.-D., Franc, J., Franco, S., Frasca, S., Frasconi, F., Frede, M., Frei, M., Frei, Z., Freise, A., Frey, R., Fricke, T.T., Friedrich, D., Fritschel, P., Frolov, V.V., Fujimoto, M.-K., Fulda, P.J., Fyffe, M., Gair, J., Galimberti, M., Gammaitoni, L., Garcia, J., Garufi, F., Gáspár, M.E., Gehrels, N., Gemme, G., Geng, R., Genin, E., Gennai, A., Gergely, L.Á., Ghosh, S., Giaime, J.A., Giampanis, S., Giardina, K.D., Giazotto, A., Gil-Casanova, S., Gill, C., Gleason, J., Goetz, E., Goggin, L.M., González, G., Gorodetsky, M.L., Goler, S., Gouaty, R., Graef, C., Graff, P.B., Granata, M., Grant, A., Gras, S., Gray, C., Gray, N., Greenhalgh, R.J.S., Gretarsson, A.M., Greverie, C., Grosso, R., Grote, H., Grunewald, S., Guidi, G.M., Guido, C., Gupta, R., Gustafson, E.K., Gustafson, R., Ha, T., Hallam, J.M., Hammer, D., Hammond, G., Hanks, J., Hanna, C., Hanson, J., Hardt, A., Harms, J., Harry, G.M., Harry, I.W., Harstad, E.D., Hartman, M.T., Haughian, K., Hayama, K., Hayau, J.-F., Heefner, J., Heidmann, A., Heintze, M.C., Heitmann, H., Hello, P., Hendry, M.A., Heng, I.S., Heptonstall, A.W., Herrera, V., Hewitson, M., Hild, S., Hoak, D., Hodge, K.A., Holt, K., Holtrop, M., Hong, T., Hooper, S., Hosken, D.J., Hough, J., Howell, E.J., Hughey, B., Husa, S., Huttner, S.H., Huynh-Dinh, T., Ingram, D.R., Inta, R., Isogai, T., Ivanov, A., Izumi, K., Jacobson, M., James, E., Jang, Y.J., Jaranowski, P., Jesse, E., Johnson, W.W., Jones, D.I., Jones, G., Jones, R., Jonker, R.J.G., Ju, L., Kalmus, P., Kalogera, V., Kandhasamy, S., Kang, G., Kanner, J.B., Kasturi, R., Katsavounidis, E., Katzman, W., Kaufer, H., Kawabe, K., Kawamura, S., Kawazoe, F., Kelley, D., Kells, W., Keppel, D.G., Keresztes, Z., Khalaidovski, A., Khalili, F.Y., Khazanov, E.A., Kim, B.K., Kim, C., Kim, H., Kim, K., Kim, N., Kim, Y.M., King, P.J., Kinzel, D.L., Kissel, J.S., Klimenko, S., Kokeyama, K., Kondrashov, V., Koranda, S., Korth, W.Z., Kowalska, I., Kozak, D., Kranz, O., Kringel, V., Krishnamurthy, S., Krishnan, B., Królak, A., Kuehn, G., Kumar, P., Kumar, R., Kwee, P., Lam, P.K., Landry, M., Lantz, B., Lastzka, N., Lawrie, C., Lazzarini, A., Leaci, P., Lee, C.H., Lee, H.K., Lee, H.M., Leong, J.R., Leonor, I., Leroy, N., Letendre, N., Li, J., Li, T.G.F., Liguori, N., Lindquist, P.E., Liu, Y., Liu, Z., Lockerbie, N.A., Lodhia, D., Lorenzini, M., Loriette, V., Lormand, M., Losurdo, G., Lough, J., Luan, J., Lubinski, M., Lück, H., Lundgren, A.P., MacDonald, E., MacHenschalk, B., MacInnis, M., MacLeod, D.M., Mageswaran, M., Mailand, K., Majorana, E., Maksimovic, I., Malvezzi, V., Man, N., Mandel, I., Mandic, V., Mantovani, M., Marandi, A., Marchesoni, F., Marion, F., Márka, S., Márka, Z., Markosyan, A., Maros, E., Marque, J., Martelli, F., Martin, I.W., Martin, R.M., Marx, J.N., Mason, K., Masserot, A., Matichard, F., Matone, L., Matzner, R.A., Mavalvala, N., Mazzolo, G., McCarthy, R., McClelland, D.E., McGuire, S.C., McIntyre, G., McIver, J., McKechan, D.J.A., McWilliams, S., Meadors, G.D., Mehmet, M., Meier, T., Melatos, A., Melissinos, A.C., Mendell, G., Mercer, R.A., Meshkov, S., Messenger, C., Meyer, M.S., Miao, H., Michel, C., Milano, L., Miller, J., Minenkov, Y., Mitrofanov, V.P., Mitselmakher, G., Mittleman, R., Miyakawa, O., Moe, B., Mohan, M., Mohanty, S.D., Mohapatra, S.R.P., Moraru, D., Moreno, G., Morgado, N., Morgia, A., Mori, T., Morriss, S.R., Mosca, S., Mossavi, K., Mours, B., Mow-Lowry, C.M., Mueller, C.L., Mueller, G., Mukherjee, S., Mullavey, A., Müller-Ebhardt, H., Munch, J., Murphy, D., Murray, P.G., Mytidis, A., Nash, T., Naticchioni, L., Necula, V., Nelson, J., Neri, I., Newton, G., Nguyen, T., Nishizawa, A., Nitz, A., Nocera, F., Nolting, D., Normandin, M.E., Nuttall, L., Ochsner, E., O'Dell, J., Oelker, E., Ogin, G.H., Oh, J.J., Oh, S.H., O'Reilly, B., O'Shaughnessy, R., Osthelder, C., Ott, C.D., Ottaway, D.J., Ottens, R.S., Overmier, H., Owen, B.J., Page, A., Palladino, L., Palomba, C., Pan, Y., Pankow, C., Paoletti, F., Paoletti, R., Papa, M.A., Parisi, M., Pasqualetti, A., Passaquieti, R., Passuello, D., Patel, P., Pedraza, M., Peiris, P., Pekowsky, L., Penn, S., Perreca, A., Persichetti, G., Phelps, M., Pichot, M., Pickenpack, M., Piergiovanni, F., Pietka, M., Pinard, L., Pinto, I.M., Pitkin, M., Pletsch, H.J., Plissi, M.V., Poggiani, R., Pöld, J., Postiglione, F., Prato, M., Predoi, V., Prestegard, T., Price, L.R., Prijatelj, M., Principe, M., Privitera, S., Prix, R., Prodi, G.A., Prokhorov, L.G., Puncken, O., Punturo, M., Puppo, P., Quetschke, V., Quitzow-James, R., Raab, F.J., Rabeling, D.S., Rácz, I., Radkins, H., Raffai, P., Rakhmanov, M., Rankins, B., Rapagnani, P., Raymond, V., Re, V., Redwine, K., Reed, C.M., Reed, T., Regimbau, T., Reid, S., Reitze, D.H., Ricci, F., Riesen, R., Riles, K., Robertson, N.A., Robinet, F., Robinson, C., Robinson, E.L., Rocchi, A., Roddy, S., Rodriguez, C., Rodruck, M., Rolland, L., Rollins, J.G., Romano, J.D., Romano, R., Romie, J.H., Rosińska, D., Röver, C., Rowan, S., Rüdiger, A., Ruggi, P., Ryan, K., Sainathan, P., Salemi, F., Sammut, L., Sandberg, V., Sannibale, V., Santamaría, L., Santiago-Prieto, I., Santostasi, G., Sassolas, B., Sathyaprakash, B.S., Sato, S., Saulson, P.R., Savage, R.L., Schilling, R., Schnabel, R., Schofield, R.M.S., Schreiber, E., Schulz, B., Schutz, B.F., Schwinberg, P., Scott, J., Scott, S.M., Seifert, F., Sellers, D., Sentenac, D., Sergeev, A., Shaddock, D.A., Shaltev, M., Shapiro, B., Shawhan, P., Shoemaker, D.H., Sibley, A., Siemens, X., Sigg, D., Singer, A., Singer, L., Sintes, A.M., Skelton, G.R., Slagmolen, B.J.J., Slutsky, J., Smith, J.R., Smith, M.R., Smith, R.J.E., Smith-Lefebvre, N.D., Somiya, K., Sorazu, B., Soto, J., Speirits, F.C., Sperandio, L., Stefszky, M., Stein, A.J., Stein, L.C., Steinert, E., Steinlechner, J., Steinlechner, S., Steplewski, S., Stochino, A., Stone, R., Strain, K.A., Strigin, S.E., Stroeer, A.S., Sturani, R., Stuver, A.L., Summerscales, T.Z., Sung, M., Susmithan, S., Sutton, P.J., Swinkels, B., Tacca, M., Taffarello, L., Talukder, D., Tanner, D.B., Tarabrin, S.P., Taylor, J.R., Taylor, R., Ter Braack, A.P.M., Thomas, P., Thorne, K.A., Thorne, K.S., Thrane, E., Thüring, A., Tokmakov, K.V., Tomlinson, C., Toncelli, A., Tonelli, M., Torre, O., Torres, C., Torrie, C.I., Tournefier, E., Tucker, E., Travasso, F., Traylor, G., Tseng, K., Ugolini, D., Vahlbruch, H., Vajente, G., Van Den Brand, J.F.J., Van Den Broeck, C., Van Der Putten, S., Van Veggel, A.A., Vass, S., Vasuth, M., Vaulin, R., Vavoulidis, M., Vecchio, A., Vedovato, G., Veitch, J., Veitch, P.J., Veltkamp, C., Verkindt, D., Vetrano, F., Viceré, A., Villar, A.E., Vinet, J.-Y., Vitale, S., Vocca, H., Vorvick, C., Vyatchanin, S.P., Wade, A., Wade, L., Wade, M., Waldman, S.J., Wallace, L., Wan, Y., Wang, M., Wang, X., Wang, Z., Wanner, A., Ward, R.L., Was, M., Weinert, M., Weinstein, A.J., Weiss, R., Wen, L., Wessels, P., West, M., Westphal, T., Wette, K., Whelan, J.T., Whitcomb, S.E., White, D.J., Whiting, B.F., Wilkinson, C., Willems, P.A., Williams, L., Williams, R., Willke, B., Winkelmann, L., Winkler, W., Wipf, C.C., Wiseman, A.G., Wittel, H., Woan, G., Wooley, R., Worden, J., Yakushin, I., Yamamoto, H., Yamamoto, K., Yancey, C.C., Yang, H., Yeaton-Massey, D., Yoshida, S., Yu, P., Yvert, M., Zadrozny, A., Zanolin, M., Zendri, J.-P., Zhang, F., Zhang, L., Zhang, W., Zhao, C., Zotov, N., Zucker, M.E., Zweizig, J., Briggs, M.S., Connaughton, V., Hurley, K.C., Jenke, P.A., Von Kienlin, A., Rau, A., Zhang, X.-L.","Search for gravitational waves associated with gamma-ray bursts during Ligo science run 6 and Virgo science runs 2 and 3",2012,"Astrophysical Journal","760","1", 12,"","",,73,10.1088/0004-637X/760/1/12,"https://www.scopus.com/inward/record.uri?eid=2-s2.0-84868221089&doi=10.1088%2f0004-637X%2f760%2f1%2f12&partnerID=40&md5=4b6415f764ce78a0cd1dd224016f8ccf",Article,Scopus,2-s2.0-84868221089
"Abadie, J., Abbott, B.P., Abbott, R., Abernathy, M., Accadia, T., Acernese, F., Adams, C., Adhikari, R., Ajith, P., Allen, B., Allen, G.S., Amador Ceron, E., Amin, R.S., Anderson, S.B., Anderson, W.G., Antonucci, F., Arain, M.A., Araya, M.C., Aronsson, M., Aso, Y., Aston, S.M., Astone, P., Atkinson, D., Aufmuth, P., Aulbert, C., Babak, S., Baker, P., Ballardin, G., Ballinger, T., Ballmer, S., Barker, D., Barnum, S., Barone, F., Barr, B., Barriga, P., Barsotti, L., Barsuglia, M., Barton, M.A., Bartos, I., Bassiri, R., Bastarrika, M., Bauchrowitz, J., Bauer, T.S., Behnke, B., Beker, M.G., Belletoile, A., Benacquista, M., Bertolini, A., Betzwieser, J., Beveridge, N., Beyersdorf, P.T., Bilenko, I.A., Billingsley, G., Birch, J., Birindelli, S., Biswas, R., Bitossi, M., Bizouard, M.A., Black, E., Blackburn, J.K., Blackburn, L., Blair, D., Bland, B., Blom, M., Boccara, C., Bock, O., Bodiya, T.P., Bondarescu, R., Bondu, F., Bonelli, L., Bonnand, R., Bork, R., Born, M., Boschi, V., Bose, S., Bosi, L., Bouhou, B., Boyle, M., Braccini, S., Bradaschia, C., Brady, P.R., Braginsky, V.B., Brau, J.E., Breyer, J., Bridges, D.O., Brillet, A., Brinkmann, M., Brisson, V., Britzger, M., Brooks, A.F., Brown, D.A., Budzyński, R., Bulik, T., Bulten, H.J., Buonanno, A., Burguet-Castell, J., Burmeister, O., Buskulic, D., Buy, C., Byer, R.L., Cadonati, L., Cagnoli, G., Cain, J., Calloni, E., Camp, J.B., Campagna, E., Campsie, P., Cannizzo, J., Cannon, K., Canuel, B., Cao, J., Capano, C., Carbognani, F., Caride, S., Caudill, S., Cavaglià, M., Cavalier, F., Cavalieri, R., Cella, G., Cepeda, C., Cesarini, E., Chaibi, O., Chalermsongsak, T., Chalkley, E., Charlton, P., Chassande-Mottin, E., Chelkowski, S., Chen, Y., Chincarini, A., Christensen, N., Chua, S.S.Y., Chung, C.T.Y., Clark, D., Clark, J., Clayton, J.H., Cleva, F., Coccia, E., Colacino, C.N., Colas, J., Colla, A., Colombini, M., Conte, R., Cook, D., Corbitt, T.R., Cornish, N., Corsi, A., Costa, C.A., Coulon, J.-P., Coward, D.M., Coyne, D.C., Creighton, J.D.E., Creighton, T.D., Cruise, A.M., Culter, R.M., Cumming, A., Cunningham, L., Cuoco, E., Dahl, K., Danilishin, S.L., Dannenberg, R., D'Antonio, S., Danzmann, K., Das, K., Dattilo, V., Daudert, B., Davier, M., Davies, G., Davis, A., Daw, E.J., Day, R., Dayanga, T., De Rosa, R., Debra, D., Debreczeni, G., Degallaix, J., Del Prete, M., Dent, T., Dergachev, V., Derosa, R., Desalvo, R., Devanka, P., Dhurandhar, S., Di Fiore, L., Di Lieto, A., Di Palma, I., Di Paolo Emilio, M., Di Virgilio, A., Díaz, M., Dietz, A., Donovan, F., Dooley, K.L., Doomes, E.E., Dorsher, S., Douglas, E.S.D., Drago, M., Drever, R.W.P., Driggers, J.C., Dueck, J., Dumas, J.-C., Eberle, T., Edgar, M., Edwards, M., Effler, A., Ehrens, P., Ely, G., Engel, R., Etzel, T., Evans, M., Evans, T., Fafone, V., Fairhurst, S., Fan, Y., Farr, B.F., Fazi, D., Fehrmann, H., Feldbaum, D., Ferrante, I., Fidecaro, F., Finn, L.S., Fiori, I., Flaminio, R., Flanigan, M., Flasch, K., Foley, S., Forrest, C., Forsi, E., Forte, L.A., Fotopoulos, N., Fournier, J.-D., Franc, J., Frasca, S., Frasconi, F., Frede, M., Frei, M., Frei, Z., Freise, A., Frey, R., Fricke, T.T., Friedrich, D., Fritschel, P., Frolov, V.V., Fulda, P., Fyffe, M., Galimberti, M., Gammaitoni, L., Garofoli, J.A., Garufi, F., Gáspár, M.E., Gemme, G., Genin, E., Gennai, A., Gholami, I., Ghosh, S., Giaime, J.A., Giampanis, S., Giardina, K.D., Giazotto, A., Gill, C., Goetz, E., Goggin, L.M., González, G., Gorodetsky, M.L., Goßler, S., Gouaty, R., Graef, C., Granata, M., Grant, A., Gras, S., Gray, C., Greenhalgh, R.J.S., Gretarsson, A.M., Greverie, C., Grosso, R., Grote, H., Grunewald, S., Guidi, G.M., Gustafson, E.K., Gustafson, R., Hage, B., Hall, P., Hallam, J.M., Hammer, D., Hammond, G., Hanks, J., Hanna, C., Hanson, J., Harms, J., Harry, G.M., Harry, I.W., Harstad, E.D., Haughian, K., Hayama, K., Hayau, J.-F., Hayler, T., Heefner, J., Heitmann, H., Hello, P., Heng, I.S., Heptonstall, A.W., Hewitson, M., Hild, S., Hirose, E., Hoak, D., Hodge, K.A., Holt, K., Hosken, D.J., Hough, J., Howell, E.J., Hoyland, D., Huet, D., Hughey, B., Husa, S., Huttner, S.H., Huynh-Dinh, T., Ingram, D.R., Inta, R., Isogai, T., Ivanov, A., Jaranowski, P., Johnson, W.W., Jones, D.I., Jones, G., Jones, R., Ju, L., Kalmus, P., Kalogera, V., Kandhasamy, S., Kanner, J.B., Katsavounidis, E., Kawabe, K., Kawamura, S., Kawazoe, F., Kells, W., Keppel, D.G., Khalaidovski, A., Khalili, F.Y., Khazanov, E.A., Kim, H., King, P.J., Kinzel, D.L., Kissel, J.S., Klimenko, S., Kondrashov, V., Kopparapu, R., Koranda, S., Kowalska, I., Kozak, D., Krause, T., Kringel, V., Krishnamurthy, S., Krishnan, B., Królak, A., Kuehn, G., Kullman, J., Kumar, R., Kwee, P., Landry, M., Lang, M., Lantz, B., Lastzka, N., Lazzarini, A., Leaci, P., Leong, J., Leonor, I., Leroy, N., Letendre, N., Li, J., Li, T.G.F., Liguori, N., Lin, H., Lindquist, P.E., Lockerbie, N.A., Lodhia, D., Lorenzini, M., Loriette, V., Lormand, M., Losurdo, G., Lu, P., Luan, J., Lubinski, M., Lucianetti, A., Lück, H., Lundgren, A.D., MacHenschalk, B., MacInnis, M., Mageswaran, M., Mailand, K., Majorana, E., Mak, C., Maksimovic, I., Man, N., Mandel, I., Mandic, V., Mantovani, M., Marchesoni, F., Marion, F., Márka, S., Márka, Z., Maros, E., Marque, J., Martelli, F., Martin, I.W., Martin, R.M., Marx, J.N., Mason, K., Masserot, A., Matichard, F., Matone, L., Matzner, R.A., Mavalvala, N., McCarthy, R., McClelland, D.E., McGuire, S.C., McIntyre, G., McIvor, G., McKechan, D.J.A., Meadors, G., Mehmet, M., Meier, T., Melatos, A., Melissinos, A.C., Mendell, G., Menéndez, D.F., Mercer, R.A., Merill, L., Meshkov, S., Messenger, C., Meyer, M.S., Miao, H., Michel, C., Milano, L., Miller, J., Minenkov, Y., Mino, Y., Mitra, S., Mitrofanov, V.P., Mitselmakher, G., Mittleman, R., Moe, B., Mohan, M., Mohanty, S.D., Mohapatra, S.R.P., Moraru, D., Moreau, J., Moreno, G., Morgado, N., Morgia, A., Morioka, T., Mors, K., Mosca, S., Moscatelli, V., Mossavi, K., Mours, B., Mow-Lowry, C.M., Mueller, G., Mukherjee, S., Mullavey, A., Müller-Ebhardt, H., Munch, J., Murray, P.G., Nash, T., Nawrodt, R., Nelson, J., Neri, I., Newton, G., Nishizawa, A., Nocera, F., Nolting, D., Ochsner, E., O'Dell, J., Ogin, G.H., Oldenburg, R.G., O'Reilly, B., O'Shaughnessy, R., Osthelder, C., Ottaway, D.J., Ottens, R.S., Overmier, H., Owen, B.J., Page, A., Pagliaroli, G., Palladino, L., Palomba, C., Pan, Y., Pankow, C., Paoletti, F., Papa, M.A., Pardi, S., Pareja, M., Parisi, M., Pasqualetti, A., Passaquieti, R., Passuello, D., Patel, P., Pathak, D., Pedraza, M., Pekowsky, L., Penn, S., Peralta, C., Perreca, A., Persichetti, G., Pichot, M., Pickenpack, M., Piergiovanni, F., Pietka, M., Pinard, L., Pinto, I.M., Pitkin, M., Pletsch, H.J., Plissi, M.V., Poggiani, R., Postiglione, F., Prato, M., Predoi, V., Price, L.R., Prijatelj, M., Principe, M., Privitera, S., Prix, R., Prodi, G.A., Prokhorov, L., Puncken, O., Punturo, M., Puppo, P., Quetschke, V., Raab, F.J., Rabeling, D.S., Rácz, I., Radke, T., Radkins, H., Raffai, P., Rakhmanov, M., Rankins, B., Rapagnani, P., Raymond, V., Re, V., Reed, C.M., Reed, T., Regimbau, T., Reid, S., Reitze, D.H., Ricci, F., Riesen, R., Riles, K., Roberts, P., Robertson, N.A., Robinet, F., Robinson, C., Robinson, E.L., Rocchi, A., Roddy, S., Rolland, L., Rollins, J., Romano, J.D., Romano, R., Romie, J.H., Rosińska, D., Röver, C., Rowan, S., Rüdiger, A., Ruggi, P., Ryan, K., Sakata, S., Sakosky, M., Salemi, F., Sammut, L., Sancho De La Jordana, L., Sandberg, V., Sannibale, V., Santamaría, L., Santostasi, G., Saraf, S., Sassolas, B., Sathyaprakash, B.S., Sato, S., Satterthwaite, M., Saulson, P.R., Savage, R., Schilling, R., Schnabel, R., Schofield, R.M.S., Schulz, B., Schutz, B.F., Schwinberg, P., Scott, J., Scott, S.M., Searle, A.C., Seifert, F., Sellers, D., Sengupta, A.S., Sentenac, D., Sergeev, A., Shaddock, D.A., Shapiro, B., Shawhan, P., Shoemaker, D.H., Sibley, A., Siemens, X., Sigg, D., Singer, A., Sintes, A.M., Skelton, G., Slagmolen, B.J.J., Slutsky, J., Smith, J.R., Smith, M.R., Smith, N.D., Somiya, K., Sorazu, B., Speirits, F.C., Sperandio, L., Stein, A.J., Stein, L.C., Steinlechner, S., Steplewski, S., Stochino, A., Stone, R., Strain, K.A., Strigin, S., Stroeer, A.S., Sturani, R., Stuver, A.L., Summerscales, T.Z., Sung, M., Susmithan, S., Sutton, P.J., Swinkels, B., Szokoly, G.P., Tacca, M., Talukder, D., Tanner, D.B., Tarabrin, S.P., Taylor, J.R., Taylor, R., Thomas, P., Thorne, K.A., Thorne, K.S., Thrane, E., Thüring, A., Titsler, C., Tokmakov, K.V., Toncelli, A., Tonelli, M., Torre, O., Torres, C., Torrie, C.I., Tournefier, E., Travasso, F., Traylor, G., Trias, M., Tseng, K., Turner, L., Ugolini, D., Urbanek, K., Vahlbruch, H., Vaishnav, B., Vajente, G., Vallisneri, M., Van Den Brand, J.F.J., Van Den Broeck, C., Van Der Putten, S., Van Der Sluys, M.V., Van Veggel, A.A., Vass, S., Vasuth, M., Vaulin, R., Vavoulidis, M., Vecchio, A., Vedovato, G., Veitch, J., Veitch, P.J., Veltkamp, C., Verkindt, D., Vetrano, F., Viceré, A., Villar, A.E., Vinet, J.-Y., Vocca, H., Vorvick, C., Vyachanin, S.P., Waldman, S.J., Wallace, L., Wanner, A., Ward, R.L., Was, M., Wei, P., Weinert, M., Weinstein, A.J., Weiss, R., Wen, L., Wen, S., Wessels, P., West, M., Westphal, T., Wette, K., Whelan, J.T., Whitcomb, S.E., White, D., Whiting, B.F., Wilkinson, C., Willems, P.A., Williams, L., Willke, B., Winkelmann, L., Winkler, W., Wipf, C.C., Wiseman, A.G., Woan, G., Wooley, R., Worden, J., Yakushin, I., Yamamoto, H., Yamamoto, K., Yeaton-Massey, D., Yoshida, S., Yu, P., Yvert, M., Zanolin, M., Zhang, L., Zhang, Z., Zhao, C., Zotov, N., Zucker, M.E., Zweizig, J.","Erratum: Search for gravitational waves from binary black hole inspiral, merger, and ringdown (Physical Review D - Particles, Fields, Gravitation and Cosmology (2011) 83 (122005))",2012,"Physical Review D - Particles, Fields, Gravitation and Cosmology","86","6", 069903,"","",,6,10.1103/PhysRevD.86.069903,"https://www.scopus.com/inward/record.uri?eid=2-s2.0-84866670968&doi=10.1103%2fPhysRevD.86.069903&partnerID=40&md5=506207ebde4c4ed46d5f4e331ed40b28",Erratum,Scopus,2-s2.0-84866670968
"Abadie, J., Abbott, B.P., Abbott, T.D., Abbott, R., Abernathy, M., Adams, C., Adhikari, R., Affeldt, C., Ajith, P., Allen, B., Allen, G.S., Ceron, E.A., Amariutei, D., Amin, R.S., Anderson, S.B., Anderson, W.G., Arai, K., Arain, M.A., Araya, M.C., Aston, S.M., Atkinson, D., Aufmuth, P., Aulbert, C., Aylott, B.E., Babak, S., Baker, P., Ballmer, S., Barker, D., Barnum, S., Barr, B., Barriga, P., Barsotti, L., Barton, M.A., Bartos, I., Bassiri, R., Bastarrika, M., Bauchrowitz, J., Behnke, B., Bell, A.S., Belopolski, I., Benacquista, M., Bertolini, A., Betzwieser, J., Beveridge, N., Beyersdorf, P.T., Bilenko, I.A., Billingsley, G., Birch, J., Biswas, R., Black, E., Blackburn, J.K., Blackburn, L., Blair, D., Bland, B., Bock, O., Bodiya, T.P., Bogan, C., Bondarescu, R., Bork, R., Born, M., Bose, S., Boyle, M., Brady, P.R., Braginsky, V.B., Brau, J.E., Breyer, J., Bridges, D.O., Brinkmann, M., Britzger, M., Brooks, A.F., Brown, D.A., Brummitt, A., Buonanno, A., Burguet-Castell, J., Burmeister, O., Byer, R.L., Cadonati, L., Camp, J.B., Campsie, P., Cannizzo, J., Cannon, K., Cao, J., Capano, C., Caride, S., Caudill, S., Cavaglia, M., Cepeda, C., Chalermsongsak, T., Chalkley, E., Charlton, P., Chelkowski, S., Chen, Y., Christensen, N., Chua, S.S.Y., Chung, S., Chung, C.T.Y., Clara, F., Clark, D., Clark, J., Clayton, J.H., Conte, R., Cook, D., Corbitt, T.R.C., Cornish, N., Costa, C.A., Coughlin, M., Coward, D.M., Coyne, D.C., Creighton, J.D.E., Creighton, T.D., Cruise, A.M., Cumming, A., Cunningham, L., Culter, R.M., Dahl, K., Danilishin, S.L., Dannenberg, R., Danzmann, K., Das, K., Daudert, B., Daveloza, H., Davies, G., Daw, E.J., Dayanga, T., Debra, D., Degallaix, J., Dent, T., Dergachev, V., Derosa, R., Desalvo, R., Dhurandhar, S., Di Palma, I., Díaz, M., Donovan, F., Dooley, K.L., Dorsher, S., Douglas, E.S.D., Drever, R.W.P., Driggers, J.C., Dumas, J.-C., Dwyer, S., Eberle, T., Edgar, M., Edwards, M., Effler, A., Ehrens, P., Engel, R., Etzel, T., Evans, M., Evans, T., Factourovich, M., Fairhurst, S., Fan, Y., Farr, B.F., Fazi, D., Fehrmann, H., Feldbaum, D., Finn, L.S., Flanigan, M., Foley, S., Forsi, E., Fotopoulos, N., Frede, M., Frei, M., Frei, Z., Freise, A., Frey, R., Fricke, T.T., Friedrich, D., Fritschel, P., Frolov, V.V., Fulda, P., Fyffe, M., Garcia, J., Garofoli, J.A., Gholami, I., Ghosh, S., Giaime, J.A., Giampanis, S., Giardina, K.D., Gill, C., Goetz, E., Goggin, L.M., Gonzlez, G., Gorodetsky, M.L., Goler, S., Graef, C., Grant, A., Gras, S., Gray, C., Greenhalgh, R.J.S., Gretarsson, A.M., Grosso, R., Grote, H., Grunewald, S., Guido, C., Gupta, R., Gustafson, E.K., Gustafson, R., Hage, B., Hallam, J.M., Hammer, D., Hammond, G., Hanks, J., Hanna, C., Hanson, J., Harms, J., Harry, G.M., Harry, I.W., Harstad, E.D., Hartman, M.T., Haughian, K., Hayama, K., Heefner, J., Hendry, M.A., Heng, I.S., Heptonstall, A.W., Herrera, V., Hewitson, M., Hild, S., Hoak, D., Hodge, K.A., Holt, K., Hong, T., Hooper, S., Hosken, D.J., Hough, J., Howell, E.J., Hughey, B., Husa, S., Huttner, S.H., Ingram, D.R., Inta, R., Isogai, T., Ivanov, A., Johnson, W.W., Jones, D.I., Jones, G., Jones, R., Ju, L., Kalmus, P., Kalogera, V., Kandhasamy, S., Kanner, J.B., Katsavounidis, E., Katzman, W., Kawabe, K., Kawamura, S., Kawazoe, F., Kells, W., Kelner, M., Keppel, D.G., Khalaidovski, A., Khalili, F.Y., Khazanov, E.A., Kim, N., Kim, H., King, P.J., Kinzel, D.L., Kissel, J.S., Klimenko, S., Kondrashov, V., Kopparapu, R., Koranda, S., Korth, W.Z., Kozak, D., Kringel, V., Krishnamurthy, S., Krishnan, B., Kuehn, G., Kumar, R., Kwee, P., Landry, M., Lantz, B., Lastzka, N., Lazzarini, A., Leaci, P., Leong, J., Leonor, I., Li, J., Lindquist, P.E., Lockerbie, N.A., Lodhia, D., Lormand, M., Lu, P., Luan, J., Lubinski, M., Lück, H., Lundgren, A.P., MacDonald, E., MacHenschalk, B., MacInnis, M., Mageswaran, M., Mailand, K., Mandel, I., Mandic, V., Marandi, A., Mrka, S., Mrka, Z., Maros, E., Martin, I.W., Martin, R.M., Marx, J.N., Mason, K., Matichard, F., Matone, L., Matzner, R.A., Mavalvala, N., McCarthy, R., McClelland, D.E., McGuire, S.C., McIntyre, G., McIver, J., McKechan, D.J.A., Meadors, G., Mehmet, M., Meier, T., Melatos, A., Melissinos, A.C., Mendell, G., Mercer, R.A., Meshkov, S., Messenger, C., Meyer, M.S., Miao, H., Miller, J., Mino, Y., Mitrofanov, V.P., Mitselmakher, G., Mittleman, R., Miyakawa, O., Moe, B., Moesta, P., Mohanty, S.D., Moraru, D., Moreno, G., Mossavi, K., Mow-Lowry, C.M., Mueller, G., Mukherjee, S., Mullavey, A., Müller-Ebhardt, H., Munch, J., Murphy, D., Murray, P.G., Nash, T., Nawrodt, R., Nelson, J., Newton, G., Nishizawa, A., Nolting, D., Nuttall, L., O'Reilly, B., O'Shaughnessy, R., Ochsner, E., O'Dell, J., Ogin, G.H., Oldenburg, R.G., Osthelder, C., Ott, C.D., Ottaway, D.J., Ottens, R.S., Overmier, H., Owen, B.J., Page, A., Pan, Y., Pankow, C., Papa, M.A., Patel, P., Pedraza, M., Pekowsky, L., Penn, S., Peralta, C., Perreca, A., Phelps, M., Pickenpack, M., Pinto, I.M., Pitkin, M., Pletsch, H.J., Plissi, M.V., Podkaminer, J., Pöld, J., Postiglione, F., Predoi, V., Price, L.R., Prijatelj, M., Principe, M., Privitera, S., Prix, R., Prokhorov, L., Puncken, O., Quetschke, V., Raab, F.J., Radkins, H., Raffai, P., Rakhmanov, M., Ramet, C.R., Rankins, B., Mohapatra, S.R.P., Raymond, V., Redwine, K., Reed, C.M., Reed, T., Reid, S., Reitze, D.H., Riesen, R., Riles, K., Roberts, P., Robertson, N.A., Robinson, C., Robinson, E.L., Roddy, S., Rollins, J., Romano, J.D., Romie, J.H., Röver, C., Rowan, S., Rüdiger, A., Ryan, K., Sakata, S., Sakosky, M., Salemi, F., Salit, M., Sammut, L., Sancho De La Jordana, L., Sandberg, V., Sannibale, V., Santamaría, L., Santiago-Prieto, I., Santostasi, G., Saraf, S., Sathyaprakash, B.S., Sato, S., Saulson, P.R., Savage, R., Schilling, R., Schlamminger, S., Schnabel, R., Schofield, R.M.S., Schulz, B., Schutz, B.F., Schwinberg, P., Scott, J., Scott, S.M., Searle, A.C., Seifert, F., Sellers, D., Sengupta, A.S., Sergeev, A., Shaddock, D.A., Shaltev, M., Shapiro, B., Shawhan, P., Weerathunga, T.S., Shoemaker, D.H., Sibley, A., Siemens, X., Sigg, D., Singer, A., Singer, L., Sintes, A.M., Skelton, G., Slagmolen, B.J.J., Slutsky, J., Smith, R., Smith, J.R., Smith, M.R., Smith, N.D., Somiya, K., Sorazu, B., Soto, J., Speirits, F.C., Stein, A.J., Steinlechner, J., Steinlechner, S., Steplewski, S., Stefszky, M., Stochino, A., Stone, R., Strain, K.A., Strigin, S., Stroeer, A.S., Stuver, A.L., Summerscales, T.Z., Sung, M., Susmithan, S., Sutton, P.J., Szokoly, G.P., Talukder, D., Tanner, D.B., Tarabrin, S.P., Taylor, J.R., Taylor, R., Thomas, P., Thorne, K.A., Thorne, K.S., Thrane, E., Thüring, A., Tokmakov, K.V., Torres, C., Torrie, C.I., Traylor, G., Trias, M., Tseng, K., Ugolini, D., Urbanek, K., Vahlbruch, H., Vaishnav, B., Vallisneri, M., Vandenbroeck, C., Van Der Sluys, M.V., Van Veggel, A.A., Vass, S., Vaulin, R., Vecchio, A., Veitch, J., Veitch, P.J., Veltkamp, C., Villar, A.E., Vorvick, C., Vyachanin, S.P., Waldman, S.J., Wallace, L., Wanner, A., Ward, R.L., Wei, P., Weinert, M., Weinstein, A.J., Weiss, R., Wen, L., Wen, S., Wessels, P., West, M., Westphal, T., Wette, K., Whelan, J.T., Whitcomb, S.E., White, D., Whiting, B.F., Wilkinson, C., Willems, P.A., Williams, H.R., Williams, L., Willke, B., Winkelmann, L., Winkler, W., Wipf, C.C., Wiseman, A.G., Woan, G., Wooley, R., Worden, J., Yablon, J., Yakushin, I., Yamamoto, K., Yamamoto, H., Yang, H., Yeaton-Massey, D., Yoshida, S., Yu, P., Zanolin, M., Zhang, L., Zhang, Z., Zhao, C., Zotov, N., Zucker, M.E., Zweizig, J., Bizouard, M.A., Dietz, A., Guidi, G.M., Was, M.","Implications for the origin of GRB 051103 from LIGO observations",2012,"Astrophysical Journal","755","1", 2 (8pp),"","",,16,10.1088/0004-637X/755/1/2,"https://www.scopus.com/inward/record.uri?eid=2-s2.0-84864468600&doi=10.1088%2f0004-637X%2f755%2f1%2f2&partnerID=40&md5=f528308dcb71253ce41822542e1dbbb9",Article,Scopus,2-s2.0-84864468600
"Aasi, J., Abadie, J., Abbott, B.P., Abbott, R., Abbott, T.D., Abernathy, M., Accadia, T., Acernese, F., Adams, C., Adams, T., Addesso, P., Adhikari, R., Affeldt, C., Agathos, M., Agatsuma, K., Ajith, P., Allen, B., Allocca, A., Ceron, E.A., Amariutei, D., Anderson, S.B., Anderson, W.G., Arai, K., Araya, M.C., Ast, S., Aston, S.M., Astone, P., Atkinson, D., Aufmuth, P., Aulbert, C., Aylott, B.E., Babak, S., Baker, P., Ballardin, G., Ballinger, T., Ballmer, S., Bao, Y., Barayoga, J.C.B., Barker, D., Barone, F., Barr, B., Barsotti, L., Barsuglia, M., Barton, M.A., Bartos, I., Bassiri, R., Bastarrika, M., Basti, A., Batch, J., Bauchrowitz, J., Bauer, Th.S., Bebronne, M., Beck, D., Behnke, B., Bejger, M., Beker, M.G., Bell, A.S., Bell, C., Belopolski, I., Benacquista, M., Berliner, J.M., Bertolini, A., Betzwieser, J., Beveridge, N., Beyersdorf, P.T., Bhadbade, T., Bilenko, I.A., Billingsley, G., Birch, J., Biswas, R., Bitossi, M., Bizouard, M.A., Black, E., Blackburn, J.K., Blackburn, L., Blair, D., Bland, B., Blom, M., Bock, O., Bodiya, T.P., Bogan, C., Bond, C., Bondarescu, R., Bondu, F., Bonelli, L., Bonnand, R., Bork, R., Born, M., Boschi, V., Bose, S., Bosi, L., Bouhou, B., Braccini, S., Bradaschia, C., Brady, P.R., Braginsky, V.B., Branchesi, M., Brau, J.E., Breyer, J., Briant, T., Bridges, D.O., Brillet, A., Brinkmann, M., Brisson, V., Britzger, M., Brooks, A.F., Brown, D.A., Bulik, T., Bulten, H.J., Buonanno, A., Burguetcastell, J., Buskulic, D., Buy, C., Byer, R.L., Cadonati, L., Cagnoli, G., Calloni, E., Camp, J.B., Campsie, P., Cannon, K., Canuel, B., Cao, J., Capano, C.D., Carbognani, F., Carbone, L., Caride, S., Caudill, S., Cavaglià, M., Cavalier, F., Cavalieri, R., Cella, G., Cepeda, C., Cesarini, E., Chalermsongsak, T., Charlton, P., Chassande-Mottin, E., Chen, W., Chen, X., Chen, Y., Chincarini, A., Chiummo, A., Cho, H.S., Chow, J., Christensen, N., Chua, S.S.Y., Chung, C.T.Y., Chung, S., Ciani, G., Clara, F., Clark, D.E., Clark, J.A., Clayton, J.H., Cleva, F., Coccia, E., Cohadon, P.-F., Colacino, C.N., Colla, A., Colombini, M., Conte, A., Conte, R., Cook, D., Corbitt, T.R., Cordier, M., Cornish, N., Corsi, A., Costa, C.A., Coughlin, M., Coulon, J.-P., Couvares, P., Coward, D.M., Cowart, M., Coyne, D.C., Creighton, J.D.E., Creighton, T.D., Cruise, A.M., Cumming, A., Cunningham, L., Cuoco, E., Cutler, R.M., Dahl, K., Damjanic, M., Danilishin, S.L., Dantonio, S., Danzmann, K., Dattilo, V., Daudert, B., Daveloza, H., Davier, M., Daw, E.J., Day, R., Dayanga, T., De Rosa, R., Debra, D., Debreczeni, G., Degallaix, J., Del Pozzo, W., Dent, T., Dergachev, V., Derosa, R., Dhurandhar, S., Di Fiore, L., Di Lieto, A., Di Palma, I., Di Paolo Emilio, M., Di Virgilio, A., Díaz, M., Dietz, A., Donovan, F., Dooley, K.L., Doravari, S., Dorsher, S., Drago, M., Drever, R.W.P., Driggers, J.C., Du, Z., Dumas, J.-C., Dwyer, S., Eberle, T., Edgar, M., Edwards, M., Effler, A., Ehrens, P., Endrczi, G., Engel, R., Etzel, T., Evans, K., Evans, M., Evans, T., Factourovich, M., Fafone, V., Fairhurst, S., Farr, B.F., Favata, M., Fazi, D., Fehrmann, H., Feldbaum, D., Ferrante, I., Ferrini, F., Fidecaro, F., Finn, L.S., Fiori, I., Fisher, R.P., Flaminio, R., Foley, S., Forsi, E., Forte, L.A., Fotopoulos, N., Fournier, J.-D., Franc, J., Franco, S., Frasca, S., Frasconi, F., Frede, M., Frei, M.A., Frei, Z., Freise, A., Frey, R., Fricke, T.T., Friedrich, D., Fritschel, P., Frolov, V.V., Fujimoto, M.-K., Fulda, P.J., Fyffe, M., Gair, J., Galimberti, M., Gammaitoni, L., Garcia, J., Garufi, F., Gáspár, M.E., Gelencser, G., Gemme, G., Genin, E., Gennai, A., Gergely, L.Á., Ghosh, S., Giaime, J.A., Giampanis, S., Giardina, K.D., Giazotto, A., Gil-Casanova, S., Gill, C., Gleason, J., Goetz, E., Gonzlez, G., Gorodetsky, M.L., Goler, S., Gouaty, R., Graef, C., Graff, P.B., Granata, M., Grant, A., Gray, C., Greenhalgh, R.J.S., Gretarsson, A.M., Griffo, C., Grote, H., Grover, K., Grunewald, S., Guidi, G.M., Guido, C., Gupta, R., Gustafson, E.K., Gustafson, R., Hallam, J.M., Hammer, D., Hammond, G., Hanks, J., Hanna, C., Hanson, J., Hardt, A., Harms, J., Harry, G.M., Harry, I.W., Harstad, E.D., Hartman, M.T., Haughian, K., Hayama, K., Hayau, J.-F., Heefner, J., Heidmann, A., Heintze, M.C., Heitmann, H., Hello, P., Hemming, G., Hendry, M.A., Heng, I.S., Heptonstall, A.W., Herrera, V., Heurs, M., Hewitson, M., Hild, S., Hoak, D., Hodge, K.A., Holt, K., Holtrop, M., Hong, T., Hooper, S., Hough, J., Howell, E.J., Hughey, B., Husa, S., Huttner, S.H., Huynh-Dinh, T., Ingram, D.R., Inta, R., Isogai, T., Ivanov, A., Izumi, K., Jacobson, M., James, E., Jang, Y.J., Jaranowski, P., Jesse, E., Johnson, W.W., Jones, D.I., Jones, R., Jonker, R.J.G., Ju, L., Kalmus, P., Kalogera, V., Kandhasamy, S., Kang, G., Kanner, J.B., Kasprzack, M., Kasturi, R., Katsavounidis, E., Katzman, W., Kaufer, H., Kaufman, K., Kawabe, K., Kawamura, S., Kawazoe, F., Keitel, D., Kelley, D., Kells, W., Keppel, D.G., Keresztes, Z., Khalaidovski, A., Khalili, F.Y., Khazanov, E.A., Kim, B.K., Kim, C., Kim, H., Kim, K., Kim, N., Kim, Y.M., King, P.J., Kinzel, D.L., Kissel, J.S., Klimenko, S., Kline, J., Kokeyama, K., Kondrashov, V., Koranda, S., Korth, W.Z., Kowalska, I., Kozak, D., Kringel, V., Krishnan, B., Królak, A., Kuehn, G., Kumar, P., Kumar, R., Kurdyumov, R., Kwee, P., Lam, P.K., Landry, M., Langley, A., Lantz, B., Lastzka, N., Lawrie, C., Lazzarini, A., Le Roux, A., Leaci, P., Lee, C.H., Lee, H.K., Lee, H.M., Leong, J.R., Leonor, I., Leroy, N., Letendre, N., Lhuillier, V., Li, J., Li, T.G.F., Lindquist, P.E., Litvine, V., Liu, Y., Liu, Z., Lockerbie, N.A., Lodhia, D., Logue, J., Lorenzini, M., Loriette, V., Lormand, M., Losurdo, G., Lough, J., Lubinski, M., Lück, H., Lundgren, A.P., MacArthur, J., MacDonald, E., MacHenschalk, B., MacInnis, M., MacLeod, D.M., Mageswaran, M., Mailand, K., Majorana, E., Maksimovic, I., Malvezzi, V., Man, N., Mandel, I., Mandic, V., Mantovani, M., Marchesoni, F., Marion, F., Márka, S., Márka, Z., Markosyan, A., Maros, E., Marque, J., Martelli, F., Martin, I.W., Martin, R.M., Marx, J.N., Mason, K., Masserot, A., Matichard, F., Matone, L., Matzner, R.A., Mavalvala, N., Mazzolo, G., McCarthy, R., McClelland, D.E., McGuire, S.C., McIntyre, G., McIver, J., Meadors, G.D., Mehmet, M., Meier, T., Melatos, A., Melissinos, A.C., Mendell, G., Menéndez, D.F., Mercer, R.A., Meshkov, S., Messenger, C., Meyer, M.S., Miao, H., Michel, C., Milano, L., Miller, J., Minenkov, Y., Mingarelli, C.M.F., Mitrofanov, V.P., Mitselmakher, G., Mittleman, R., Moe, B., Mohan, M., Mohapatra, S.R.P., Moraru, D., Moreno, G., Morgado, N., Morgia, A., Mori, T., Morriss, S.R., Mosca, S., Mossavi, K., Mours, B., Mowlowry, C.M., Mueller, C.L., Mueller, G., Mukherjee, S., Mullavey, A., Müller-Ebhardt, H., Munch, J., Murphy, D., Murray, P.G., Mytidis, A., Nash, T., Naticchioni, L., Necula, V., Nelson, J., Neri, I., Newton, G., Nguyen, T., Nishizawa, A., Nitz, A., Nocera, F., Nolting, D., Normandin, M.E., Nuttall, L., Ochsner, E., Odell, J., Oelker, E., Ogin, G.H., Oh, J.J., Oh, S.H., Oldenberg, R.G., O'Reilly, B., Oshaughnessy, R., Osthelder, C., Ott, C.D., Ottaway, D.J., Ottens, R.S., Overmier, H., Owen, B.J., Page, A., Palladino, L., Palomba, C., Pan, Y., Pankow, C., Paoletti, F., Paoletti, R., Papa, M.A., Parisi, M., Pasqualetti, A., Passaquieti, R., Passuello, D., Pedraza, M., Penn, S., Perreca, A., Persichetti, G., Phelps, M., Pichot, M., Pickenpack, M., Piergiovanni, F., Pierro, V., Pihlaja, M., Pinard, L., Pinto, I.M., Pitkin, M., Pletsch, H.J., Plissi, M.V., Poggiani, R., Pöld, J., Postiglione, F., Poux, C., Prato, M., Predoi, V., Prestegard, T., Price, L.R., Prijatelj, M., Principe, M., Privitera, S., Prix, R., Prodi, G.A., Prokhorov, L.G., Puncken, O., Punturo, M., Puppo, P., Quetschke, V., Quitzow-James, R., Raab, F.J., Rabeling, D.S., Rácz, I., Radkins, H., Raffai, P., Rakhmanov, M., Ramet, C., Rankins, B., Rapagnani, P., Raymond, V., Re, V., Reed, C.M., Reed, T., Regimbau, T., Reid, S., Reitze, D.H., Ricci, F., Riesen, R., Riles, K., Roberts, M., Robertson, N.A., Robinet, F., Robinson, C., Robinson, E.L., Rocchi, A., Roddy, S., Rodriguez, C., Rodruck, M., Rolland, L., Rollins, J.G., Romano, J.D., Romano, R., Romie, J.H., Rosińska, D., Röver, C., Rowan, S., Rüdiger, A., Ruggi, P., Ryan, K., Salemi, F., Sammut, L., Sandberg, V., Sankar, S., Sannibale, V., Santamaría, L., Santiago-Prieto, I., Santostasi, G., Saracco, E., Sassolas, B., Sathyaprakash, B.S., Saulson, P.R., Savage, R.L., Schilling, R., Schnabel, R., Schofield, R.M.S., Schulz, B., Schutz, B.F., Schwinberg, P., Scott, J., Scott, S.M., Seifert, F., Sellers, D., Sentenac, D., Sergeev, A., Shaddock, D.A., Shaltev, M., Shapiro, B., Shawhan, P., Shoemaker, D.H., Sidery, T.L., Siemens, X., Sigg, D., Simakov, D., Singer, A., Singer, L., Sintes, A.M., Skelton, G.R., Slagmolen, B.J.J., Slutsky, J., Smith, J.R., Smith, M.R., Smith, R.J.E., Smith-Lefebvre, N.D., Somiya, K., Sorazu, B., Speirits, F.C., Sperandio, L., Stefszky, M., Steinert, E., Steinlechner, J., Steinlechner, S., Steplewski, S., Stochino, A., Stone, R., Strain, K.A., Strigin, S.E., Stroeer, A.S., Sturani, R., Stuver, A.L., Summerscales, T.Z., Sung, M., Susmithan, S., Sutton, P.J., Swinkels, B., Szeifert, G., Tacca, M., Taffarello, L., Talukder, D., Tanner, D.B., Tarabrin, S.P., Taylor, R., Ter Braack, A.P.M., Thomas, P., Thorne, K.A., Thorne, K.S., Thrane, E., Thüring, A., Titsler, C., Tokmakov, K.V., Tomlinson, C., Toncelli, A., Tonelli, M., Torre, O., Torres, C.V., Torrie, C.I., Tournefier, E., Travasso, F., Traylor, G., Tse, M., Tucker, E., Ugolini, D., Vahlbruch, H., Vajente, G., Van Den Brand, J.F.J., Van Den Broeck, C., Van Der Putten, S., Van Veggel, A.A., Vass, S., Vasuth, M., Vaulin, R., Vavoulidis, M., Vecchio, A., Vedovato, G., Veitch, J., Veitch, P.J., Venkateswara, K., Verkindt, D., Vetrano, F., Viceré, A., Villar, A.E., Vinet, J.-Y., Vitale, S., Vocca, H., Vorvick, C., Vyatchanin, S.P., Wade, A., Wade, L., Wade, M., Waldman, S.J., Wallace, L., Wan, Y., Wang, M., Wang, X., Wanner, A., Ward, R.L., Was, M., Weinert, M., Weinstein, A.J., Weiss, R., Welborn, T., Wen, L., Wessels, P., West, M., Westphal, T., Wette, K., Whelan, J.T., Whitcomb, S.E., White, D.J., Whiting, B.F., Wiesner, K., Wilkinson, C., Willems, P.A., Williams, L., Williams, R., Willke, B., Wimmer, M., Winkelmann, L., Winkler, W., Wipf, C.C., Wiseman, A.G., Wittel, H., Woan, G., Wooley, R., Worden, J., Yablon, J., Yakushin, I., Yamamoto, H., Yamamoto, K., Yancey, C.C., Yang, H., Yeaton-Massey, D., Yoshida, S., Yvert, M., Zadrony, A., Zanolin, M., Zendri, J.-P., Zhang, F., Zhang, L., Zhao, C., Zotov, N., Zucker, M.E., Zweizig, J.","The characterization of Virgo data and its impact on gravitational-wave searches",2012,"Classical and Quantum Gravity","29","15", 155002,"","",,35,10.1088/0264-9381/29/15/155002,"https://www.scopus.com/inward/record.uri?eid=2-s2.0-84863915073&doi=10.1088%2f0264-9381%2f29%2f15%2f155002&partnerID=40&md5=8b1788428cd785dfa9fc4acf51c1ab66",Review,Scopus,2-s2.0-84863915073
"Abadie, J., Abbott, B.P., Abbott, R., Abbott, T.D., Abernathy, M., Accadia, T., Acernese, F., Adams, C., Adhikari, R., Affeldt, C., Agathos, M., Agatsuma, K., Ajith, P., Allen, B., Amador Ceron, E., Amariutei, D., Anderson, S.B., Anderson, W.G., Arai, K., Arain, M.A., Araya, M.C., Aston, S.M., Astone, P., Atkinson, D., Aufmuth, P., Aulbert, C., Aylott, B.E., Babak, S., Baker, P., Ballardin, G., Ballmer, S., Barayoga, J.C.B., Barker, D., Barone, F., Barr, B., Barsotti, L., Barsuglia, M., Barton, M.A., Bartos, I., Bassiri, R., Bastarrika, M., Basti, A., Batch, J., Bauchrowitz, J., Bauer, T.S., Bebronne, M., Beck, D., Behnke, B., Bejger, M., Beker, M.G., Bell, A.S., Belletoile, A., Belopolski, I., Benacquista, M., Berliner, J.M., Bertolini, A., Betzwieser, J., Beveridge, N., Beyersdorf, P.T., Bilenko, I.A., Billingsley, G., Birch, J., Biswas, R., Bitossi, M., Bizouard, M.A., Black, E., Blackburn, J.K., Blackburn, L., Blair, D., Bland, B., Blom, M., Bock, O., Bodiya, T.P., Bogan, C., Bondarescu, R., Bondu, F., Bonelli, L., Bonnand, R., Bork, R., Born, M., Boschi, V., Bose, S., Bosi, L., Bouhou, B., Braccini, S., Bradaschia, C., Brady, P.R., Braginsky, V.B., Branchesi, M., Brau, J.E., Breyer, J., Briant, T., Bridges, D.O., Brillet, A., Brinkmann, M., Brisson, V., Britzger, M., Brooks, A.F., Brown, D.A., Bulik, T., Bulten, H.J., Buonanno, A., Burguet-Castell, J., Buskulic, D., Buy, C., Byer, R.L., Cadonati, L., Cagnoli, G., Calloni, E., Camp, J.B., Campsie, P., Cannizzo, J., Cannon, K., Canuel, B., Cao, J., Capano, C.D., Carbognani, F., Carbone, L., Caride, S., Caudill, S., Cavaglià, M., Cavalier, F., Cavalieri, R., Cella, G., Cepeda, C., Cesarini, E., Chaibi, O., Chalermsongsak, T., Charlton, P., Chassande-Mottin, E., Chelkowski, S., Chen, W., Chen, X., Chen, Y., Chincarini, A., Chiummo, A., Cho, H.S., Chow, J., Christensen, N., Chua, S.S.Y., Chung, C.T.Y., Chung, S., Ciani, G., Clara, F., Clark, D.E., Clark, J., Clayton, J.H., Cleva, F., Coccia, E., Cohadon, P.-F., Colacino, C.N., Colas, J., Colla, A., Colombini, M., Conte, A., Conte, R., Cook, D., Corbitt, T.R., Cordier, M., Cornish, N., Corsi, A., Costa, C.A., Coughlin, M., Coulon, J.-P., Couvares, P., Coward, D.M., Cowart, M., Coyne, D.C., Creighton, J.D.E., Creighton, T.D., Cruise, A.M., Cumming, A., Cunningham, L., Cuoco, E., Cutler, R.M., Dahl, K., Danilishin, S.L., Dannenberg, R., D'Antonio, S., Danzmann, K., Dattilo, V., Daudert, B., Daveloza, H., Davier, M., Daw, E.J., Day, R., Dayanga, T., De Rosa, R., Debra, D., Debreczeni, G., Del Pozzo, W., Del Prete, M., Dent, T., Dergachev, V., Derosa, R., Desalvo, R., Dhurandhar, S., Di Fiore, L., Di Lieto, A., Di Palma, I., Di Paolo Emilio, M., Di Virgilio, A., Díaz, M., Dietz, A., Donovan, F., Dooley, K.L., Drago, M., Drever, R.W.P., Driggers, J.C., Du, Z., Dumas, J.-C., Dwyer, S., Eberle, T., Edgar, M., Edwards, M., Effler, A., Ehrens, P., Endroczi, G., Engel, R., Etzel, T., Evans, K., Evans, M., Evans, T., Factourovich, M., Fafone, V., Fairhurst, S., Fan, Y., Farr, B.F., Fazi, D., Fehrmann, H., Feldbaum, D., Feroz, F., Ferrante, I., Fidecaro, F., Finn, L.S., Fiori, I., Fisher, R.P., Flaminio, R., Flanigan, M., Foley, S., Forsi, E., Forte, L.A., Fotopoulos, N., Fournier, J.-D., Franc, J., Frasca, S., Frasconi, F., Frede, M., Frei, M., Frei, Z., Freise, A., Frey, R., Fricke, T.T., Friedrich, D., Fritschel, P., Frolov, V.V., Fujimoto, M.-K., Fulda, P.J., Fyffe, M., Gair, J., Galimberti, M., Gammaitoni, L., Garcia, J., Garufi, F., Gáspár, M.E., Gemme, G., Geng, R., Genin, E., Gennai, A., Gergely, L.A., Ghosh, S., Giaime, J.A., Giampanis, S., Giardina, K.D., Giazotto, A., Gil-Casanova, S., Gill, C., Gleason, J., Goetz, E., Goggin, L.M., González, G., Gorodetsky, M.L., Goßler, S., Gouaty, R., Graef, C., Graff, P.B., Granata, M., Grant, A., Gras, S., Gray, C., Gray, N., Greenhalgh, R.J.S., Gretarsson, A.M., Greverie, C., Grosso, R., Grote, H., Grunewald, S., Guidi, G.M., Guido, C., Gupta, R., Gustafson, E.K., Gustafson, R., Ha, T., Hallam, J.M., Hammer, D., Hammond, G., Hanks, J., Hanna, C., Hanson, J., Harms, J., Hardt, A., Harry, G.M., Harry, I.W., Harstad, E.D., Hartman, M.T., Haughian, K., Hayama, K., Hayau, J.-F., Heefner, J., Heidmann, A., Heintze, M.C., Heitmann, H., Hello, P., Hendry, M.A., Heng, I.S., Heptonstall, A.W., Herrera, V., Hewitson, M., Hild, S., Hoak, D., Hodge, K.A., Holt, K., Holtrop, M., Hong, T., Hooper, S., Hosken, D.J., Hough, J., Howell, E.J., Hughey, B., Husa, S., Huttner, S.H., Huynh-Dinh, T., Ingram, D.R., Inta, R., Isogai, T., Ivanov, A., Izumi, K., Jacobson, M., James, E., Jang, Y.J., Jaranowski, P., Jesse, E., Johnson, W.W., Jones, D.I., Jones, G., Jones, R., Ju, L., Kalmus, P., Kalogera, V., Kandhasamy, S., Kang, G., Kanner, J.B., Kasturi, R., Katsavounidis, E., Katzman, W., Kaufer, H., Kawabe, K., Kawamura, S., Kawazoe, F., Kelley, D., Kells, W., Keppel, D.G., Keresztes, Z., Khalaidovski, A., Khalili, F.Y., Khazanov, E.A., Kim, B.K., Kim, C., Kim, H., Kim, K., Kim, N., Kim, Y.M., King, P.J., Kinzel, D.L., Kissel, J.S., Klimenko, S., Kokeyama, K., Kondrashov, V., Koranda, S., Korth, W.Z., Kowalska, I., Kozak, D., Kranz, O., Kringel, V., Krishnamurthy, S., Krishnan, B., Królak, A., Kuehn, G., Kumar, R., Kwee, P., Lam, P.K., Landry, M., Lantz, B., Lastzka, N., Lawrie, C., Lazzarini, A., Leaci, P., Lee, C.H., Lee, H.K., Lee, H.M., Leong, J.R., Leonor, I., Leroy, N., Letendre, N., Li, J., Li, T.G.F., Liguori, N., Lindquist, P.E., Liu, Y., Liu, Z., Lockerbie, N.A., Lodhia, D., Lorenzini, M., Loriette, V., Lormand, M., Losurdo, G., Lough, J., Luan, J., Lubinski, M., Lück, H., Lundgren, A.P., MacDonald, E., MacHenschalk, B., MacInnis, M., MacLeod, D.M., Mageswaran, M., Mailand, K., Majorana, E., Maksimovic, I., Man, N., Mandel, I., Mandic, V., Mantovani, M., Marandi, A., Marchesoni, F., Marion, F., Márka, S., Márka, Z., Markosyan, A., Maros, E., Marque, J., Martelli, F., Martin, I.W., Martin, R.M., Marx, J.N., Mason, K., Masserot, A., Matichard, F., Matone, L., Matzner, R.A., Mavalvala, N., Mazzolo, G., McCarthy, R., McClelland, D.E., McGuire, S.C., McIntyre, G., McIver, J., McKechan, D.J.A., McWilliams, S., Meadors, G.D., Mehmet, M., Meier, T., Melatos, A., Melissinos, A.C., Mendell, G., Mercer, R.A., Meshkov, S., Messenger, C., Meyer, M.S., Miao, H., Michel, C., Milano, L., Miller, J., Minenkov, Y., Mitrofanov, V.P., Mitselmakher, G., Mittleman, R., Miyakawa, O., Moe, B., Mohan, M., Mohanty, S.D., Mohapatra, S.R.P., Moraru, D., Moreno, G., Morgado, N., Morgia, A., Mori, T., Morriss, S.R., Mosca, S., Mossavi, K., Mours, B., Mow-Lowry, C.M., Mueller, C.L., Mueller, G., Mukherjee, S., Mullavey, A., Müller-Ebhardt, H., Munch, J., Murphy, D., Murray, P.G., Mytidis, A., Nash, T., Naticchioni, L., Necula, V., Nelson, J., Neri, I., Newton, G., Nguyen, T., Nishizawa, A., Nitz, A., Nocera, F., Nolting, D., Normandin, M.E., Nuttall, L., Ochsner, E., O'Dell, J., Oelker, E., Ogin, G.H., Oh, J.J., Oh, S.H., O'Reilly, B., O'Shaughnessy, R., Osthelder, C., Ott, C.D., Ottaway, D.J., Ottens, R.S., Overmier, H., Owen, B.J., Page, A., Pagliaroli, G., Palladino, L., Palomba, C., Pan, Y., Pankow, C., Paoletti, F., Papa, M.A., Parisi, M., Pasqualetti, A., Passaquieti, R., Passuello, D., Patel, P., Pedraza, M., Peiris, P., Pekowsky, L., Penn, S., Perreca, A., Persichetti, G., Phelps, M., Pichot, M., Pickenpack, M., Piergiovanni, F., Pietka, M., Pinard, L., Pinto, I.M., Pitkin, M., Pletsch, H.J., Plissi, M.V., Poggiani, R., Pöld, J., Postiglione, F., Prato, M., Predoi, V., Prestegard, T., Price, L.R., Prijatelj, M., Principe, M., Privitera, S., Prix, R., Prodi, G.A., Prokhorov, L.G., Puncken, O., Punturo, M., Puppo, P., Quetschke, V., Quitzow-James, R., Raab, F.J., Rabeling, D.S., Rácz, I., Radkins, H., Raffai, P., Rakhmanov, M., Rankins, B., Rapagnani, P., Raymond, V., Re, V., Redwine, K., Reed, C.M., Reed, T., Regimbau, T., Reid, S., Reitze, D.H., Ricci, F., Riesen, R., Riles, K., Robertson, N.A., Robinet, F., Robinson, C., Robinson, E.L., Rocchi, A., Roddy, S., Rodriguez, C., Rodruck, M., Rolland, L., Rollins, J.G., Romano, J.D., Romano, R., Romie, J.H., Rosińska, D., Röver, C., Rowan, S., Rüdiger, A., Ruggi, P., Ryan, K., Sainathan, P., Salemi, F., Sammut, L., Sandberg, V., Sannibale, V., Santamaría, L., Santiago-Prieto, I., Santostasi, G., Sassolas, B., Sathyaprakash, B.S., Sato, S., Saulson, P.R., Savage, R.L., Schilling, R., Schnabel, R., Schofield, R.M.S., Schreiber, E., Schulz, B., Schutz, B.F., Schwinberg, P., Scott, J., Scott, S.M., Seifert, F., Sellers, D., Sentenac, D., Sergeev, A., Shaddock, D.A., Shaltev, M., Shapiro, B., Shawhan, P., Shoemaker, D.H., Sibley, A., Siemens, X., Sigg, D., Singer, A., Singer, L., Sintes, A.M., Skelton, G.R., Slagmolen, B.J.J., Slutsky, J., Smith, J.R., Smith, M.R., Smith, R.J.E., Smith-Lefebvre, N.D., Somiya, K., Sorazu, B., Soto, J., Speirits, F.C., Sperandio, L., Stefszky, M., Stein, A.J., Stein, L.C., Steinert, E., Steinlechner, J., Steinlechner, S., Steplewski, S., Stochino, A., Stone, R., Strain, K.A., Strigin, S.E., Stroeer, A.S., Sturani, R., Stuver, A.L., Summerscales, T.Z., Sung, M., Susmithan, S., Sutton, P.J., Swinkels, B., Tacca, M., Taffarello, L., Talukder, D., Tanner, D.B., Tarabrin, S.P., Taylor, J.R., Taylor, R., Thomas, P., Thorne, K.A., Thorne, K.S., Thrane, E., Thüring, A., Tokmakov, K.V., Tomlinson, C., Toncelli, A., Tonelli, M., Torre, O., Torres, C., Torrie, C.I., Tournefier, E., Travasso, F., Traylor, G., Tseng, K., Tucker, E., Ugolini, D., Vahlbruch, H., Vajente, G., Van Den Brand, J.F.J., Van Den Broeck, C., Van Der Putten, S., Van Veggel, A.A., Vass, S., Vasuth, M., Vaulin, R., Vavoulidis, M., Vecchio, A., Vedovato, G., Veitch, J., Veitch, P.J., Veltkamp, C., Verkindt, D., Vetrano, F., Viceré, A., Villar, A.E., Vinet, J.-Y., Vitale, S., Vocca, H., Vorvick, C., Vyatchanin, S.P., Wade, A., Wade, L., Wade, M., Waldman, S.J., Wallace, L., Wan, Y., Wang, M., Wang, X., Wang, Z., Wanner, A., Ward, R.L., Was, M., Weinert, M., Weinstein, A.J., Weiss, R., Wen, L., Wessels, P., West, M., Westphal, T., Wette, K., Whelan, J.T., Whitcomb, S.E., White, D.J., Whiting, B.F., Wilkinson, C., Willems, P.A., Williams, L., Williams, R., Willke, B., Winkelmann, L., Winkler, W., Wipf, C.C., Wiseman, A.G., Wittel, H., Woan, G., Wooley, R., Worden, J., Yakushin, I., Yamamoto, H., Yamamoto, K., Yancey, C.C., Yang, H., Yeaton-Massey, D., Yoshida, S., Yu, P., Yvert, M., Zadrony, A., Zanolin, M., Zendri, J.-P., Zhang, F., Zhang, L., Zhang, W., Zhao, C., Zotov, N., Zucker, M.E., Zweizig, J.","All-sky search for gravitational-wave bursts in the second joint LIGO-Virgo run",2012,"Physical Review D - Particles, Fields, Gravitation and Cosmology","85","12", 122007,"","",,68,10.1103/PhysRevD.85.122007,"https://www.scopus.com/inward/record.uri?eid=2-s2.0-84862868291&doi=10.1103%2fPhysRevD.85.122007&partnerID=40&md5=33e109c28f449f58af3c487088ab245a",Article,Scopus,2-s2.0-84862868291
"Abadie, J., Abbott, B.P., Abbott, R., Abbott, T.D., Abernathy, M., Accadia, T., Acernese, F., Adams, C., Adhikari, R., Affeldt, C., Agathos, M., Agatsuma, K., Ajith, P., Allen, B., Amador Ceron, E., Amariutei, D., Anderson, S.B., Anderson, W.G., Arai, K., Arain, M.A., Araya, M.C., Aston, S.M., Astone, P., Atkinson, D., Aufmuth, P., Aulbert, C., Aylott, B.E., Babak, S., Baker, P., Ballardin, G., Ballmer, S., Barayoga, J.C.B., Barker, D., Barone, F., Barr, B., Barsotti, L., Barsuglia, M., Barton, M.A., Bartos, I., Bassiri, R., Bastarrika, M., Basti, A., Batch, J., Bauchrowitz, J., Bauer, T.S., Bebronne, M., Beck, D., Behnke, B., Bejger, M., Beker, M.G., Bell, A.S., Belletoile, A., Belopolski, I., Benacquista, M., Berliner, J.M., Bertolini, A., Betzwieser, J., Beveridge, N., Beyersdorf, P.T., Bilenko, I.A., Billingsley, G., Birch, J., Biswas, R., Bitossi, M., Bizouard, M.A., Black, E., Blackburn, J.K., Blackburn, L., Blair, D., Bland, B., Blom, M., Bock, O., Bodiya, T.P., Bogan, C., Bondarescu, R., Bondu, F., Bonelli, L., Bonnand, R., Bork, R., Born, M., Boschi, V., Bose, S., Bosi, L., Bouhou, B., Braccini, S., Bradaschia, C., Brady, P.R., Braginsky, V.B., Branchesi, M., Brau, J.E., Breyer, J., Briant, T., Bridges, D.O., Brillet, A., Brinkmann, M., Brisson, V., Britzger, M., Brooks, A.F., Brown, D.A., Bulik, T., Bulten, H.J., Buonanno, A., Burguet-Castell, J., Buskulic, D., Buy, C., Byer, R.L., Cadonati, L., Cagnoli, G., Calloni, E., Camp, J.B., Campsie, P., Cannizzo, J., Cannon, K., Canuel, B., Cao, J., Capano, C.D., Carbognani, F., Carbone, L., Caride, S., Caudill, S., Cavaglià, M., Cavalier, F., Cavalieri, R., Cella, G., Cepeda, C., Cesarini, E., Chaibi, O., Chalermsongsak, T., Charlton, P., Chassande-Mottin, E., Chelkowski, S., Chen, W., Chen, X., Chen, Y., Chincarini, A., Chiummo, A., Cho, H.S., Chow, J., Christensen, N., Chua, S.S.Y., Chung, C.T.Y., Chung, S., Ciani, G., Clara, F., Clark, D.E., Clark, J., Clayton, J.H., Cleva, F., Coccia, E., Cohadon, P.-F., Colacino, C.N., Colas, J., Colla, A., Colombini, M., Conte, A., Conte, R., Cook, D., Corbitt, T.R., Cordier, M., Cornish, N., Corsi, A., Costa, C.A., Coughlin, M., Coulon, J.-P., Couvares, P., Coward, D.M., Cowart, M., Coyne, D.C., Creighton, J.D.E., Creighton, T.D., Cruise, A.M., Cumming, A., Cunningham, L., Cuoco, E., Cutler, R.M., Dahl, K., Danilishin, S.L., Dannenberg, R., D'Antonio, S., Danzmann, K., Dattilo, V., Daudert, B., Daveloza, H., Davier, M., Daw, E.J., Day, R., Dayanga, T., De Rosa, R., Debra, D., Debreczeni, G., Del Pozzo, W., Del Prete, M., Dent, T., Dergachev, V., Derosa, R., Desalvo, R., Dhurandhar, S., Di Fiore, L., Di Lieto, A., Di Palma, I., Di Paolo Emilio, M., Di Virgilio, A., Díaz, M., Dietz, A., Donovan, F., Dooley, K.L., Drago, M., Drever, R.W.P., Driggers, J.C., Du, Z., Dumas, J.-C., Dwyer, S., Eberle, T., Edgar, M., Edwards, M., Effler, A., Ehrens, P., Endroczi, G., Engel, R., Etzel, T., Evans, K., Evans, M., Evans, T., Factourovich, M., Fafone, V., Fairhurst, S., Fan, Y., Farr, B.F., Fazi, D., Fehrmann, H., Feldbaum, D., Feroz, F., Ferrante, I., Fidecaro, F., Finn, L.S., Fiori, I., Fisher, R.P., Flaminio, R., Flanigan, M., Foley, S., Forsi, E., Forte, L.A., Fotopoulos, N., Fournier, J.-D., Franc, J., Frasca, S., Frasconi, F., Frede, M., Frei, M., Frei, Z., Freise, A., Frey, R., Fricke, T.T., Friedrich, D., Fritschel, P., Frolov, V.V., Fujimoto, M.-K., Fulda, P.J., Fyffe, M., Gair, J., Galimberti, M., Gammaitoni, L., Garcia, J., Garufi, F., Gáspár, M.E., Gemme, G., Geng, R., Genin, E., Gennai, A., Gergely, L.A., Ghosh, S., Giaime, J.A., Giampanis, S., Giardina, K.D., Giazotto, A., Gil-Casanova, S., Gill, C., Gleason, J., Goetz, E., Goggin, L.M., González, G., Gorodetsky, M.L., Goßler, S., Gouaty, R., Graef, C., Graff, P.B., Granata, M., Grant, A., Gras, S., Gray, C., Gray, N., Greenhalgh, R.J.S., Gretarsson, A.M., Greverie, C., Grosso, R., Grote, H., Grunewald, S., Guidi, G.M., Guido, C., Gupta, R., Gustafson, E.K., Gustafson, R., Ha, T., Hallam, J.M., Hammer, D., Hammond, G., Hanks, J., Hanna, C., Hanson, J., Harms, J., Harry, G.M., Harry, I.W., Harstad, E.D., Hartman, M.T., Haughian, K., Hayama, K., Hayau, J.-F., Heefner, J., Heidmann, A., Heintze, M.C., Heitmann, H., Hello, P., Hendry, M.A., Heng, I.S., Heptonstall, A.W., Herrera, V., Hewitson, M., Hild, S., Hoak, D., Hodge, K.A., Holt, K., Holtrop, M., Hong, T., Hooper, S., Hosken, D.J., Hough, J., Howell, E.J., Hughey, B., Husa, S., Huttner, S.H., Huynh-Dinh, T., Ingram, D.R., Inta, R., Isogai, T., Ivanov, A., Izumi, K., Jacobson, M., James, E., Jang, Y.J., Jaranowski, P., Jesse, E., Johnson, W.W., Jones, D.I., Jones, G., Jones, R., Ju, L., Kalmus, P., Kalogera, V., Kandhasamy, S., Kang, G., Kanner, J.B., Kasturi, R., Katsavounidis, E., Katzman, W., Kaufer, H., Kawabe, K., Kawamura, S., Kawazoe, F., Kelley, D., Kells, W., Keppel, D.G., Keresztes, Z., Khalaidovski, A., Khalili, F.Y., Khazanov, E.A., Kim, B.K., Kim, C., Kim, H., Kim, K., Kim, N., Kim, Y.M., King, P.J., Kinzel, D.L., Kissel, J.S., Klimenko, S., Kokeyama, K., Kondrashov, V., Koranda, S., Korth, W.Z., Kowalska, I., Kozak, D., Kranz, O., Kringel, V., Krishnamurthy, S., Krishnan, B., Królak, A., Kuehn, G., Kumar, R., Kwee, P., Lam, P.K., Landry, M., Lantz, B., Lastzka, N., Lawrie, C., Lazzarini, A., Leaci, P., Lee, C.H., Lee, H.K., Lee, H.M., Leong, J.R., Leonor, I., Leroy, N., Letendre, N., Li, J., Li, T.G.F., Liguori, N., Lindquist, P.E., Liu, Y., Liu, Z., Lockerbie, N.A., Lodhia, D., Lorenzini, M., Loriette, V., Lormand, M., Losurdo, G., Lough, J., Luan, J., Lubinski, M., Lück, H., Lundgren, A.P., MacDonald, E., MacHenschalk, B., MacInnis, M., MacLeod, D.M., Mageswaran, M., Mailand, K., Majorana, E., Maksimovic, I., Man, N., Mandel, I., Mandic, V., Mantovani, M., Marandi, A., Marchesoni, F., Marion, F., Márka, S., Márka, Z., Markosyan, A., Maros, E., Marque, J., Martelli, F., Martin, I.W., Martin, R.M., Marx, J.N., Mason, K., Masserot, A., Matichard, F., Matone, L., Matzner, R.A., Mavalvala, N., Mazzolo, G., McCarthy, R., McClelland, D.E., McGuire, S.C., McIntyre, G., McIver, J., McKechan, D.J.A., McWilliams, S., Meadors, G.D., Mehmet, M., Meier, T., Melatos, A., Melissinos, A.C., Mendell, G., Mercer, R.A., Meshkov, S., Messenger, C., Meyer, M.S., Miao, H., Michel, C., Milano, L., Miller, J., Minenkov, Y., Mitrofanov, V.P., Mitselmakher, G., Mittleman, R., Miyakawa, O., Moe, B., Mohan, M., Mohanty, S.D., Mohapatra, S.R.P., Moraru, D., Moreno, G., Morgado, N., Morgia, A., Mori, T., Morriss, S.R., Mosca, S., Mossavi, K., Mours, B., Mow-Lowry, C.M., Mueller, C.L., Mueller, G., Mukherjee, S., Mullavey, A., Müller-Ebhardt, H., Munch, J., Murphy, D., Murray, P.G., Mytidis, A., Nash, T., Naticchioni, L., Necula, V., Nelson, J., Neri, I., Newton, G., Nguyen, T., Nishizawa, A., Nitz, A., Nocera, F., Nolting, D., Normandin, M.E., Nuttall, L., Ochsner, E., O'Dell, J., Oelker, E., Ogin, G.H., Oh, J.J., Oh, S.H., O'Reilly, B., O'Shaughnessy, R., Osthelder, C., Ott, C.D., Ottaway, D.J., Ottens, R.S., Overmier, H., Owen, B.J., Page, A., Pagliaroli, G., Palladino, L., Palomba, C., Pan, Y., Pankow, C., Paoletti, F., Papa, M.A., Parisi, M., Pasqualetti, A., Passaquieti, R., Passuello, D., Patel, P., Pedraza, M., Peiris, P., Pekowsky, L., Penn, S., Perreca, A., Persichetti, G., Phelps, M., Pichot, M., Pickenpack, M., Piergiovanni, F., Pietka, M., Pinard, L., Pinto, I.M., Pitkin, M., Pletsch, H.J., Plissi, M.V., Poggiani, R., Pöld, J., Postiglione, F., Prato, M., Predoi, V., Prestegard, T., Price, L.R., Prijatelj, M., Principe, M., Privitera, S., Prix, R., Prodi, G.A., Prokhorov, L.G., Puncken, O., Punturo, M., Puppo, P., Quetschke, V., Quitzow-James, R., Raab, F.J., Rabeling, D.S., Rácz, I., Radkins, H., Raffai, P., Rakhmanov, M., Rankins, B., Rapagnani, P., Raymond, V., Re, V., Redwine, K., Reed, C.M., Reed, T., Regimbau, T., Reid, S., Reitze, D.H., Ricci, F., Riesen, R., Riles, K., Robertson, N.A., Robinet, F., Robinson, C., Robinson, E.L., Rocchi, A., Roddy, S., Rodriguez, C., Rodruck, M., Rolland, L., Rollins, J.G., Romano, J.D., Romano, R., Romie, J.H., Rosińska, D., Röver, C., Rowan, S., Rüdiger, A., Ruggi, P., Ryan, K., Sainathan, P., Salemi, F., Sammut, L., Sandberg, V., Sannibale, V., Santamaría, L., Santiago-Prieto, I., Santostasi, G., Sassolas, B., Sathyaprakash, B.S., Sato, S., Saulson, P.R., Savage, R.L., Schilling, R., Schnabel, R., Schofield, R.M.S., Schreiber, E., Schulz, B., Schutz, B.F., Schwinberg, P., Scott, J., Scott, S.M., Seifert, F., Sellers, D., Sentenac, D., Sergeev, A., Shaddock, D.A., Shaltev, M., Shapiro, B., Shawhan, P., Shoemaker, D.H., Sibley, A., Siemens, X., Sigg, D., Singer, A., Singer, L., Sintes, A.M., Skelton, G.R., Slagmolen, B.J.J., Slutsky, J., Smith, J.R., Smith, M.R., Smith, R.J.E., Smith-Lefebvre, N.D., Somiya, K., Sorazu, B., Soto, J., Speirits, F.C., Sperandio, L., Stefszky, M., Stein, A.J., Stein, L.C., Steinert, E., Steinlechner, J., Steinlechner, S., Steplewski, S., Stochino, A., Stone, R., Strain, K.A., Strigin, S.E., Stroeer, A.S., Sturani, R., Stuver, A.L., Summerscales, T.Z., Sung, M., Susmithan, S., Sutton, P.J., Swinkels, B., Tacca, M., Taffarello, L., Talukder, D., Tanner, D.B., Tarabrin, S.P., Taylor, J.R., Taylor, R., Thomas, P., Thorne, K.A., Thorne, K.S., Thrane, E., Thüring, A., Tokmakov, K.V., Tomlinson, C., Toncelli, A., Tonelli, M., Torre, O., Torres, C., Torrie, C.I., Tournefier, E., Travasso, F., Traylor, G., Tseng, K., Ugolini, D., Vahlbruch, H., Vajente, G., Van Den Brand, J.F.J., Van Den Broeck, C., Van Der Putten, S., Van Veggel, A.A., Vass, S., Vasuth, M., Vaulin, R., Vavoulidis, M., Vecchio, A., Vedovato, G., Veitch, J., Veitch, P.J., Veltkamp, C., Verkindt, D., Vetrano, F., Viceré, A., Villar, A.E., Vinet, J.-Y., Vitale, S., Vocca, H., Vorvick, C., Vyatchanin, S.P., Wade, A., Wade, L., Wade, M., Waldman, S.J., Wallace, L., Wan, Y., Wang, M., Wang, X., Wang, Z., Wanner, A., Ward, R.L., Was, M., Weinert, M., Weinstein, A.J., Weiss, R., Wen, L., Wessels, P., West, M., Westphal, T., Wette, K., Whelan, J.T., Whitcomb, S.E., White, D.J., Whiting, B.F., Wilkinson, C., Willems, P.A., Williams, L., Williams, R., Willke, B., Winkelmann, L., Winkler, W., Wipf, C.C., Wiseman, A.G., Wittel, H., Woan, G., Wooley, R., Worden, J., Yakushin, I., Yamamoto, H., Yamamoto, K., Yancey, C.C., Yang, H., Yeaton-Massey, D., Yoshida, S., Yu, P., Yvert, M., Zadrony, A., Zanolin, M., Zendri, J.-P., Zhang, F., Zhang, L., Zhang, W., Zhao, C., Zotov, N., Zucker, M.E., Zweizig, J.","Upper limits on a stochastic gravitational-wave background using LIGO and Virgo interferometers at 600-1000 Hz",2012,"Physical Review D - Particles, Fields, Gravitation and Cosmology","85","12", 122001,"","",,32,10.1103/PhysRevD.85.122001,"https://www.scopus.com/inward/record.uri?eid=2-s2.0-84862286006&doi=10.1103%2fPhysRevD.85.122001&partnerID=40&md5=18018bb41a697b7c534bd6bd704566e8",Article,Scopus,2-s2.0-84862286006
"Abadie, J., Abbott, B.P., Abbott, R., Abbott, T.D., Abernathy, M., Accadia, T., Acernese, F., Adams, C., Adhikari, R., Affeldt, C., Agathos, M., Agatsuma, K., Ajith, P., Allen, B., Amador Ceron, E., Amariutei, D., Anderson, S.B., Anderson, W.G., Arai, K., Arain, M.A., Araya, M.C., Aston, S.M., Astone, P., Atkinson, D., Aufmuth, P., Aulbert, C., Aylott, B.E., Babak, S., Baker, P., Ballardin, G., Ballmer, S., Barayoga, J.C.B., Barker, D., Barone, F., Barr, B., Barsotti, L., Barsuglia, M., Barton, M.A., Bartos, I., Bassiri, R., Bastarrika, M., Basti, A., Batch, J., Bauchrowitz, J., Bauer, T.S., Bebronne, M., Beck, D., Behnke, B., Bejger, M., Beker, M.G., Bell, A.S., Belletoile, A., Belopolski, I., Benacquista, M., Berliner, J.M., Bertolini, A., Betzwieser, J., Beveridge, N., Beyersdorf, P.T., Bilenko, I.A., Billingsley, G., Birch, J., Biswas, R., Bitossi, M., Bizouard, M.A., Black, E., Blackburn, J.K., Blackburn, L., Blair, D., Bland, B., Blom, M., Bock, O., Bodiya, T.P., Bogan, C., Bondarescu, R., Bondu, F., Bonelli, L., Bonnand, R., Bork, R., Born, M., Boschi, V., Bose, S., Bosi, L., Bouhou, B., Braccini, S., Bradaschia, C., Brady, P.R., Braginsky, V.B., Branchesi, M., Brau, J.E., Breyer, J., Briant, T., Bridges, D.O., Brillet, A., Brinkmann, M., Brisson, V., Britzger, M., Brooks, A.F., Brown, D.A., Bulik, T., Bulten, H.J., Buonanno, A., Burguet-Castell, J., Buskulic, D., Buy, C., Byer, R.L., Cadonati, L., Cagnoli, G., Calloni, E., Camp, J.B., Campsie, P., Cannizzo, J., Cannon, K., Canuel, B., Cao, J., Capano, C.D., Carbognani, F., Carbone, L., Caride, S., Caudill, S., Cavaglià, M., Cavalier, F., Cavalieri, R., Cella, G., Cepeda, C., Cesarini, E., Chaibi, O., Chalermsongsak, T., Charlton, P., Chassande-Mottin, E., Chelkowski, S., Chen, W., Chen, X., Chen, Y., Chincarini, A., Chiummo, A., Cho, H.S., Chow, J., Christensen, N., Chua, S.S.Y., Chung, C.T.Y., Chung, S., Ciani, G., Clara, F., Clark, D.E., Clark, J., Clayton, J.H., Cleva, F., Coccia, E., Cohadon, P.-F., Colacino, C.N., Colas, J., Colla, A., Colombini, M., Conte, A., Conte, R., Cook, D., Corbitt, T.R., Cordier, M., Cornish, N., Corsi, A., Costa, C.A., Coughlin, M., Coulon, J.-P., Couvares, P., Coward, D.M., Cowart, M., Coyne, D.C., Creighton, J.D.E., Creighton, T.D., Cruise, A.M., Cumming, A., Cunningham, L., Cuoco, E., Cutler, R.M., Dahl, K., Danilishin, S.L., Dannenberg, R., D'Antonio, S., Danzmann, K., Dattilo, V., Daudert, B., Daveloza, H., Davier, M., Daw, E.J., Day, R., Dayanga, T., De Rosa, R., Debra, D., Debreczeni, G., Del Pozzo, W., Del Prete, M., Dent, T., Dergachev, V., Derosa, R., Desalvo, R., Dhurandhar, S., Di Fiore, L., Di Lieto, A., Di Palma, I., Di Paolo Emilio, M., Di Virgilio, A., Díaz, M., Dietz, A., Donovan, F., Dooley, K.L., Drago, M., Drever, R.W.P., Driggers, J.C., Du, Z., Dumas, J.-C., Dwyer, S., Eberle, T., Edgar, M., Edwards, M., Effler, A., Ehrens, P., Endroczi, G., Engel, R., Etzel, T., Evans, K., Evans, M., Evans, T., Factourovich, M., Fafone, V., Fairhurst, S., Fan, Y., Farr, B.F., Fazi, D., Fehrmann, H., Feldbaum, D., Feroz, F., Ferrante, I., Fidecaro, F., Finn, L.S., Fiori, I., Fisher, R.P., Flaminio, R., Flanigan, M., Foley, S., Forsi, E., Forte, L.A., Fotopoulos, N., Fournier, J.-D., Franc, J., Frasca, S., Frasconi, F., Frede, M., Frei, M., Frei, Z., Freise, A., Frey, R., Fricke, T.T., Friedrich, D., Fritschel, P., Frolov, V.V., Fujimoto, M.-K., Fulda, P.J., Fyffe, M., Gair, J., Galimberti, M., Gammaitoni, L., Garcia, J., Garufi, F., Gáspár, M.E., Gemme, G., Geng, R., Genin, E., Gennai, A., Gergely, L.Á., Ghosh, S., Giaime, J.A., Giampanis, S., Giardina, K.D., Giazotto, A., Gil-Casanova, S., Gill, C., Gleason, J., Goetz, E., Goggin, L.M., González, G., Gorodetsky, M.L., Goßler, S., Gouaty, R., Graef, C., Graff, P.B., Granata, M., Grant, A., Gras, S., Gray, C., Gray, N., Greenhalgh, R.J.S., Gretarsson, A.M., Greverie, C., Grosso, R., Grote, H., Grunewald, S., Guidi, G.M., Guido, C., Gupta, R., Gustafson, E.K., Gustafson, R., Ha, T., Hallam, J.M., Hammer, D., Hammond, G., Hanks, J., Hanna, C., Hanson, J., Harms, J., Harry, G.M., Harry, I.W., Harstad, E.D., Hartman, M.T., Haughian, K., Hayama, K., Hayau, J.-F., Heefner, J., Heidmann, A., Heintze, M.C., Heitmann, H., Hello, P., Hendry, M.A., Heng, I.S., Heptonstall, A.W., Herrera, V., Hewitson, M., Hild, S., Hoak, D., Hodge, K.A., Holt, K., Holtrop, M., Hong, T., Hooper, S., Hosken, D.J., Hough, J., Howell, E.J., Hughey, B., Husa, S., Huttner, S.H., Huynh-Dinh, T., Ingram, D.R., Inta, R., Isogai, T., Ivanov, A., Izumi, K., Jacobson, M., James, E., Jang, Y.J., Jaranowski, P., Jesse, E., Johnson, W.W., Jones, D.I., Jones, G., Jones, R., Ju, L., Kalmus, P., Kalogera, V., Kandhasamy, S., Kang, G., Kanner, J.B., Kasturi, R., Katsavounidis, E., Katzman, W., Kaufer, H., Kawabe, K., Kawamura, S., Kawazoe, F., Kelley, D., Kells, W., Keppel, D.G., Keresztes, Z., Khalaidovski, A., Khalili, F.Y., Khazanov, E.A., K Kim, B., Kim, C., Kim, H., Kim, K., Kim, N., Kim, Y.M., King, P.J., Kinzel, D.L., Kissel, J.S., Klimenko, S., Kokeyama, K., Kondrashov, V., Koranda, S., Korth, W.Z., Kowalska, I., Kozak, D., Kranz, O., Kringel, V., Krishnamurthy, S., Krishnan, B., Królak, A., Kuehn, G., Kumar, R., Kwee, P., Lam, P.K., Landry, M., Lantz, B., Lastzka, N., Lawrie, C., Lazzarini, A., Leaci, P., Lee, C.H., Lee, H.K., Lee, H.M., Leong, J.R., Leonor, I., Leroy, N., Letendre, N., Li, J., Li, T.G.F., Liguori, N., Lindquist, P.E., Liu, Y., Liu, Z., Lockerbie, N.A., Lodhia, D., Lorenzini, M., Loriette, V., Lormand, M., Losurdo, G., Lough, J., Luan, J., Lubinski, M., Lück, H., Lundgren, A.P., MacDonald, E., MacHenschalk, B., MacInnis, M., MacLeod, D.M., Mageswaran, M., Mailand, K., Majorana, E., Maksimovic, I., Man, N., Mandel, I., Mandic, V., Mantovani, M., Marandi, A., Marchesoni, F., Marion, F., Márka, S., Márka, Z., Markosyan, A., Maros, E., Marque, J., Martelli, F., Martin, I.W., Martin, R.M., Marx, J.N., Mason, K., Masserot, A., Matichard, F., Matone, L., Matzner, R.A., Mavalvala, N., Mazzolo, G., McCarthy, R., McClelland, D.E., McGuire, S.C., McIntyre, G., McIver, J., McKechan, D.J.A., McWilliams, S., Meadors, G.D., Mehmet, M., Meier, T., Melatos, A., Melissinos, A.C., Mendell, G., Mercer, R.A., Meshkov, S., Messenger, C., Meyer, M.S., Miao, H., Michel, C., Milano, L., Miller, J., Minenkov, Y., Mitrofanov, V.P., Mitselmakher, G., Mittleman, R., Miyakawa, O., Moe, B., Mohan, M., Mohanty, S.D., Mohapatra, S.R.P., Moraru, D., Moreno, G., Morgado, N., Morgia, A., Mori, T., Morriss, S.R., Mosca, S., Mossavi, K., Mours, B., Mow-Lowry, C.M., Mueller, C.L., Mueller, G., Mukherjee, S., Mullavey, A., Müller-Ebhardt, H., Munch, J., Murphy, D., Murray, P.G., Mytidis, A., Nash, T., Naticchioni, L., Necula, V., Nelson, J., Neri, I., Newton, G., Nguyen, T., Nishizawa, A., Nitz, A., Nocera, F., Nolting, D., Normandin, M.E., Nuttall, L., Ochsner, E., O'Dell, J., Oelker, E., Ogin, G.H., Oh, J.J., Oh, S.H., O'Reilly, B., O'Shaughnessy, R., Osthelder, C., Ott, C.D., Ottaway, D.J., Ottens, R.S., Overmier, H., Owen, B.J., Page, A., Pagliaroli, G., Palladino, L., Palomba, C., Pan, Y., Pankow, C., Paoletti, F., Papa, M.A., Parisi, M., Pasqualetti, A., Passaquieti, R., Passuello, D., Patel, P., Pedraza, M., Peiris, P., Pekowsky, L., Penn, S., Perreca, A., Persichetti, G., Phelps, M., Pichot, M., Pickenpack, M., Piergiovanni, F., Pietka, M., Pinard, L., Pinto, I.M., Pitkin, M., Pletsch, H.J., Plissi, M.V., Poggiani, R., Pöld, J., Postiglione, F., Prato, M., Predoi, V., Prestegard, T., Price, L.R., Prijatelj, M., Principe, M., Privitera, S., Prix, R., Prodi, G.A., Prokhorov, L.G., Puncken, O., Punturo, M., Puppo, P., Quetschke, V., Quitzow-James, R., Raab, F.J., Rabeling, D.S., Rácz, I., Radkins, H., Raffai, P., Rakhmanov, M., Rankins, B., Rapagnani, P., Raymond, V., Re, V., Redwine, K., Reed, C.M., Reed, T., Regimbau, T., Reid, S., Reitze, D.H., Ricci, F., Riesen, R., Riles, K., Robertson, N.A., Robinet, F., Robinson, C., Robinson, E.L., Rocchi, A., Roddy, S., Rodriguez, C., Rodruck, M., Rolland, L., Rollins, J.G., Romano, J.D., Romano, R., Romie, J.H., Rosińska, D., Röver, C., Rowan, S., Rüdiger, A., Ruggi, P., Ryan, K., Sainathan, P., Salemi, F., Sammut, L., Sandberg, V., Sannibale, V., Santamaría, L., Santiago-Prieto, I., Santostasi, G., Sassolas, B., Sathyaprakash, B.S., Sato, S., Saulson, P.R., Savage, R.L., Schilling, R., Schnabel, R., Schofield, R.M.S., Schreiber, E., Schulz, B., Schutz, B.F., Schwinberg, P., Scott, J., Scott, S.M., Seifert, F., Sellers, D., Sentenac, D., Sergeev, A., Shaddock, D.A., Shaltev, M., Shapiro, B., Shawhan, P., Shoemaker, D.H., Sibley, A., Siemens, X., Sigg, D., Singer, A., Singer, L., Sintes, A.M., Skelton, G.R., Slagmolen, B.J.J., Slutsky, J., Smith, J.R., Smith, M.R., Smith, R.J.E., Smith-Lefebvre, N.D., Somiya, K., Sorazu, B., Soto, J., Speirits, F.C., Sperandio, L., Stefszky, M., Stein, A.J., Stein, L.C., Steinert, E., Steinlechner, J., Steinlechner, S., Steplewski, S., Stochino, A., Stone, R., Strain, K.A., Strigin, S.E., Stroeer, A.S., Sturani, R., Stuver, A.L., Summerscales, T.Z., Sung, M., Susmithan, S., Sutton, P.J., Swinkels, B., Tacca, M., Taffarello, L., Talukder, D., Tanner, D.B., Tarabrin, S.P., Taylor, J.R., Taylor, R., Thomas, P., Thorne, K.A., Thorne, K.S., Thrane, E., Thüring, A., Tokmakov, K.V., Tomlinson, C., Toncelli, A., Tonelli, M., Torre, O., Torres, C., Torrie, C.I., Tournefier, E., Travasso, F., Traylor, G., Tseng, K., Ugolini, D., Vahlbruch, H., Vajente, G., Van Den Brand, J.F.J., Van Den Broeck, C., Van Der Putten, S., Van Veggel, A.A., Vass, S., Vasuth, M., Vaulin, R., Vavoulidis, M., Vecchio, A., Vedovato, G., Veitch, J., Veitch, P.J., Veltkamp, C., Verkindt, D., Vetrano, F., Viceré, A., Villar, A.E., Vinet, J.-Y., Vitale, S., Vocca, H., Vorvick, C., Vyatchanin, S.P., Wade, A., Wade, L., Wade, M., Waldman, S.J., Wallace, L., Wan, Y., Wang, M., Wang, X., Wang, Z., Wanner, A., Ward, R.L., Was, M., Weinert, M., Weinstein, A.J., Weiss, R., Wen, L., Wessels, P., West, M., Westphal, T., Wette, K., Whelan, J.T., Whitcomb, S.E., White, D.J., Whiting, B.F., Wilkinson, C., Willems, P.A., Williams, L., Williams, R., Willke, B., Winkelmann, L., Winkler, W., Wipf, C.C., Wiseman, A.G., Wittel, H., Woan, G., Wooley, R., Worden, J., Yakushin, I., Yamamoto, H., Yamamoto, K., Yancey, C.C., Yang, H., Yeaton-Massey, D., Yoshida, S., Yu, P., Yvert, M., Zadrozy, A., Zanolin, M., Zendri, J.-P., Zhang, F., Zhang, L., Zhang, W., Zhao, C., Zotov, N., Zucker, M.E., Zweizig, J.","First low-latency LIGO+Virgo search for binary inspirals and their electromagnetic counterparts",2012,"Astronomy and Astrophysics","541",, A155,"","",,53,10.1051/0004-6361/201218860,"https://www.scopus.com/inward/record.uri?eid=2-s2.0-84861349726&doi=10.1051%2f0004-6361%2f201218860&partnerID=40&md5=1be2ad9aec3d54bb1867bb8cf6b30dc9",Article,Scopus,2-s2.0-84861349726
"Abadie, J., Abbott, B.P., Abbott, R., Abbott, T.D., Abernathy, M., Accadia, T., Acernese, F., Adams, C., Adhikari, R., Affeldt, C., Agathos, M., Agatsuma, K., Ajith, P., Allen, B., Amador Ceron, E., Amariutei, D., Anderson, S.B., Anderson, W.G., Arai, K., Arain, M.A., Araya, M.C., Aston, S.M., Astone, P., Atkinson, D., Aufmuth, P., Aulbert, C., Aylott, B.E., Babak, S., Baker, P., Ballardin, G., Ballmer, S., Barayoga, J.C.B., Barker, D., Barone, F., Barr, B., Barsotti, L., Barsuglia, M., Barton, M.A., Bartos, I., Bassiri, R., Bastarrika, M., Basti, A., Batch, J., Bauchrowitz, J., Bauer, T.S., Bebronne, M., Beck, D., Behnke, B., Bejger, M., Beker, M.G., Bell, A.S., Belletoile, A., Belopolski, I., Benacquista, M., Berliner, J.M., Bertolini, A., Betzwieser, J., Beveridge, N., Beyersdorf, P.T., Bilenko, I.A., Billingsley, G., Birch, J., Biswas, R., Bitossi, M., Bizouard, M.A., Black, E., Blackburn, J.K., Blackburn, L., Blair, D., Bland, B., Blom, M., Bock, O., Bodiya, T.P., Bogan, C., Bondarescu, R., Bondu, F., Bonelli, L., Bonnand, R., Bork, R., Born, M., Boschi, V., Bose, S., Bosi, L., Bouhou, B., Braccini, S., Bradaschia, C., Brady, P.R., Braginsky, V.B., Branchesi, M., Brau, J.E., Breyer, J., Briant, T., Bridges, D.O., Brillet, A., Brinkmann, M., Brisson, V., Britzger, M., Brooks, A.F., Brown, D.A., Bulik, T., Bulten, H.J., Buonanno, A., Burguet-Castell, J., Buskulic, D., Buy, C., Byer, R.L., Cadonati, L., Cagnoli, G., Calloni, E., Camp, J.B., Campsie, P., Cannizzo, J., Cannon, K., Canuel, B., Cao, J., Capano, C.D., Carbognani, F., Carbone, L., Caride, S., Caudill, S., Cavaglià, M., Cavalier, F., Cavalieri, R., Cella, G., Cepeda, C., Cesarini, E., Chaibi, O., Chalermsongsak, T., Charlton, P., Chassande-Mottin, E., Chelkowski, S., Chen, W., Chen, X., Chen, Y., Chincarini, A., Chiummo, A., Cho, H., Chow, J., Christensen, N., Chua, S.S.Y., Chung, C.T.Y., Chung, S., Ciani, G., Clara, F., Clark, D.E., Clark, J., Clayton, J.H., Cleva, F., Coccia, E., Cohadon, P.-F., Colacino, C.N., Colas, J., Colla, A., Colombini, M., Conte, A., Conte, R., Cook, D., Corbitt, T.R., Cordier, M., Cornish, N., Corsi, A., Costa, C.A., Coughlin, M., Coulon, J.-P., Couvares, P., Coward, D.M., Cowart, M., Coyne, D.C., Creighton, J.D.E., Creighton, T.D., Cruise, A.M., Cumming, A., Cunningham, L., Cuoco, E., Cutler, R.M., Dahl, K., Danilishin, S.L., Dannenberg, R., D'Antonio, S., Danzmann, K., Dattilo, V., Daudert, B., Daveloza, H., Davier, M., Daw, E.J., Day, R., Dayanga, T., De Rosa, R., Debra, D., Debreczeni, G., Del Pozzo, W., Del Prete, M., Dent, T., Dergachev, V., Derosa, R., Desalvo, R., Dhurandhar, S., Di Fiore, L., Di Lieto, A., Di Palma, I., Di Paolo Emilio, M., Di Virgilio, A., Díaz, M., Dietz, A., Donovan, F., Dooley, K.L., Drago, M., Drever, R.W.P., Driggers, J.C., Du, Z., Dumas, J.-C., Dwyer, S., Eberle, T., Edgar, M., Edwards, M., Effler, A., Ehrens, P., Endroczi, G., Engel, R., Etzel, T., Evans, K., Evans, M., Evans, T., Factourovich, M., Fafone, V., Fairhurst, S., Fan, Y., Farr, B.F., Fazi, D., Fehrmann, H., Feldbaum, D., Feroz, F., Ferrante, I., Fidecaro, F., Finn, L.S., Fiori, I., Fisher, R.P., Flaminio, R., Flanigan, M., Foley, S., Forsi, E., Forte, L.A., Fotopoulos, N., Fournier, J.-D., Franc, J., Frasca, S., Frasconi, F., Frede, M., Frei, M., Frei, Z., Freise, A., Frey, R., Fricke, T.T., Friedrich, D., Fritschel, P., Frolov, V.V., Fujimoto, M.-K., Fulda, P.J., Fyffe, M., Gair, J., Galimberti, M., Gammaitoni, L., Garcia, J., Garufi, F., Gáspár, M.E., Gemme, G., Geng, R., Genin, E., Gennai, A., Gergely, L.A., Ghosh, S., Giaime, J.A., Giampanis, S., Giardina, K.D., Giazotto, A., Gil, S., Gill, C., Gleason, J., Goetz, E., Goggin, L.M., González, G., Gorodetsky, M.L., Goßler, S., Gouaty, R., Graef, C., Graff, P.B., Granata, M., Grant, A., Gras, S., Gray, C., Gray, N., Greenhalgh, R.J.S., Gretarsson, A.M., Greverie, C., Grosso, R., Grote, H., Grunewald, S., Guidi, G.M., Guido, C., Gupta, R., Gustafson, E.K., Gustafson, R., Ha, T., Hallam, J.M., Hammer, D., Hammond, G., Hanks, J., Hanna, C., Hanson, J., Harms, J., Harry, G.M., Harry, I.W., Harstad, E.D., Hartman, M.T., Haughian, K., Hayama, K., Hayau, J.-F., Heefner, J., Heidmann, A., Heintze, M.C., Heitmann, H., Hello, P., Hendry, M.A., Heng, I.S., Heptonstall, A.W., Herrera, V., Hewitson, M., Hild, S., Hoak, D., Hodge, K.A., Holt, K., Holtrop, M., Hong, T., Hooper, S., Hosken, D.J., Hough, J., Howell, E.J., Hughey, B., Husa, S., Huttner, S.H., Huynh-Dinh, T., Ingram, D.R., Inta, R., Isogai, T., Ivanov, A., Izumi, K., Jacobson, M., James, E., Jang, Y.J., Jaranowski, P., Jesse, E., Johnson, W.W., Jones, D.I., Jones, G., Jones, R., Ju, L., Kalmus, P., Kalogera, V., Kandhasamy, S., Kang, G., Kanner, J.B., Kasturi, R., Katsavounidis, E., Katzman, W., Kaufer, H., Kawabe, K., Kawamura, S., Kawazoe, F., Kelley, D., Kells, W., Keppel, D.G., Keresztes, Z., Khalaidovski, A., Khalili, F.Y., Khazanov, E.A., Kim, B., Kim, C., Kim, H., Kim, K., Kim, N., Kim, Y.-M., King, P.J., Kinzel, D.L., Kissel, J.S., Klimenko, S., Kokeyama, K., Kondrashov, V., Koranda, S., Korth, W.Z., Kowalska, I., Kozak, D., Kranz, O., Kringel, V., Krishnamurthy, S., Krishnan, B., Królak, A., Kuehn, G., Kumar, R., Kwee, P., Lam, P.K., Landry, M., Lantz, B., Lastzka, N., Lawrie, C., Lazzarini, A., Leaci, P., Lee, C.H., Lee, H.K., Lee, H.M., Leong, J.R., Leonor, I., Leroy, N., Letendre, N., Li, J., Li, T.G.F., Liguori, N., Lindquist, P.E., Liu, Y., Liu, Z., Lockerbie, N.A., Lodhia, D., Lorenzini, M., Loriette, V., Lormand, M., Losurdo, G., Lough, J., Luan, J., Lubinski, M., Lück, H., Lundgren, A.P., MacDonald, E., MacHenschalk, B., MacInnis, M., MacLeod, D.M., Mageswaran, M., Mailand, K., Majorana, E., Maksimovic, I., Man, N., Mandel, I., Mandic, V., Mantovani, M., Marandi, A., Marchesoni, F., Marion, F., Márka, S., Márka, Z., Markosyan, A., Maros, E., Marque, J., Martelli, F., Martin, I.W., Martin, R.M., Marx, J.N., Mason, K., Masserot, A., Matichard, F., Matone, L., Matzner, R.A., Mavalvala, N., Mazzolo, G., McCarthy, R., McClelland, D.E., McGuire, S.C., McIntyre, G., McIver, J., McKechan, D.J.A., McWilliams, S., Meadors, G.D., Mehmet, M., Meier, T., Melatos, A., Melissinos, A.C., Mendell, G., Mercer, R.A., Meshkov, S., Messenger, C., Meyer, M.S., Miao, H., Michel, C., Milano, L., Miller, J., Minenkov, Y., Mitrofanov, V.P., Mitselmakher, G., Mittleman, R., Miyakawa, O., Moe, B., Mohan, M., Mohanty, S.D., Mohapatra, S.R.P., Moraru, D., Moreno, G., Morgado, N., Morgia, A., Mori, T., Morriss, S.R., Mosca, S., Mossavi, K., Mours, B., Mow-Lowry, C.M., Mueller, C.L., Mueller, G., Mukherjee, S., Mullavey, A., Müller-Ebhardt, H., Munch, J., Murphy, D., Murray, P.G., Mytidis, A., Nash, T., Naticchioni, L., Necula, V., Nelson, J., Newton, G., Nguyen, T., Nishizawa, A., Nitz, A., Nocera, F., Nolting, D., Normandin, M.E., Nuttall, L., Ochsner, E., O'Dell, J., Oelker, E., Ogin, G.H., Oh, J.J., Oh, S.H., O'Reilly, B., O'Shaughnessy, R., Osthelder, C., Ott, C.D., Ottaway, D.J., Ottens, R.S., Overmier, H., Owen, B.J., Page, A., Pagliaroli, G., Palladino, L., Palomba, C., Pan, Y., Pankow, C., Paoletti, F., Papa, M.A., Parisi, M., Pasqualetti, A., Passaquieti, R., Passuello, D., Patel, P., Pedraza, M., Peiris, P., Pekowsky, L., Penn, S., Perreca, A., Persichetti, G., Phelps, M., Pickenpack, M., Piergiovanni, F., Pietka, M., Pinard, L., Pinto, I.M., Pitkin, M., Pletsch, H.J., Plissi, M.V., Poggiani, R., Pöld, J., Postiglione, F., Prato, M., Predoi, V., Prestegard, T., Price, L.R., Prijatelj, M., Principe, M., Privitera, S., Prix, R., Prodi, G.A., Prokhorov, L.G., Puncken, O., Punturo, M., Puppo, P., Quetschke, V., Quitzow-James, R., Raab, F.J., Rabeling, D.S., Rácz, I., Radkins, H., Raffai, P., Rakhmanov, M., Rankins, B., Rapagnani, P., Raymond, V., Re, V., Redwine, K., Reed, C.M., Reed, T., Regimbau, T., Reid, S., Reitze, D.H., Ricci, F., Riesen, R., Riles, K., Robertson, N.A., Robinet, F., Robinson, C., Robinson, E.L., Rocchi, A., Roddy, S., Rodriguez, C., Rodruck, M., Rolland, L., Rollins, J.G., Romano, J.D., Romano, R., Romie, J.H., Rosińska, D., Röver, C., Rowan, S., Rüdiger, A., Ruggi, P., Ryan, K., Sainathan, P., Salemi, F., Sammut, L., Sandberg, V., Sannibale, V., Santamaría, L., Santiago-Prieto, I., Santostasi, G., Sassolas, B., Sathyaprakash, B.S., Sato, S., Saulson, P.R., Savage, R.L., Schilling, R., Schnabel, R., Schofield, R.M.S., Schreiber, E., Schulz, B., Schutz, B.F., Schwinberg, P., Scott, J., Scott, S.M., Seifert, F., Sellers, D., Sentenac, D., Sergeev, A., Shaddock, D.A., Shaltev, M., Shapiro, B., Shawhan, P., Shoemaker, D.H., Sibley, A., Siemens, X., Sigg, D., Singer, A., Singer, L., Sintes, A.M., Skelton, G.R., Slagmolen, B.J.J., Slutsky, J., Smith, J.R., Smith, M.R., Smith, R.J.E., Smith-Lefebvre, N.D., Somiya, K., Sorazu, B., Soto, J., Speirits, F.C., Sperandio, L., Stefszky, M., Stein, A.J., Stein, L.C., Steinert, E., Steinlechner, J., Steinlechner, S., Steplewski, S., Stochino, A., Stone, R., Strain, K.A., Strigin, S.E., Stroeer, A.S., Sturani, R., Stuver, A.L., Summerscales, T.Z., Sung, M., Susmithan, S., Sutton, P.J., Swinkels, B., Tacca, M., Taffarello, L., Talukder, D., Tanner, D.B., Tarabrin, S.P., Taylor, J.R., Taylor, R., Thomas, P., Thorne, K.A., Thorne, K.S., Thrane, E., Thüring, A., Tokmakov, K.V., Tomlinson, C., Toncelli, A., Tonelli, M., Torre, O., Torres, C., Torrie, C.I., Tournefier, E., Travasso, F., Traylor, G., Tseng, K., Ugolini, D., Vahlbruch, H., Vajente, G., Van Den Brand, J.F.J., Van Den Broeck, C., Van Der Putten, S., Van Veggel, A.A., Vass, S., Vasuth, M., Vaulin, R., Vavoulidis, M., Vecchio, A., Vedovato, G., Veitch, J., Veitch, P.J., Veltkamp, C., Verkindt, D., Vetrano, F., Viceré, A., Villar, A.E., Vinet, J.-Y., Vitale, S., Vitale, S., Vocca, H., Vorvick, C., Vyatchanin, S.P., Wade, A., Wade, L., Wade, M., Waldman, S.J., Wallace, L., Wan, Y., Wang, M., Wang, X., Wang, Z., Wanner, A., Ward, R.L., Was, M., Weinert, M., Weinstein, A.J., Weiss, R., Wen, L., Wessels, P., West, M., Westphal, T., Wette, K., Whelan, J.T., Whitcomb, S.E., White, D.J., Whiting, B.F., Wilkinson, C., Willems, P.A., Williams, L., Williams, R., Willke, B., Winkelmann, L., Winkler, W., Wipf, C.C., Wiseman, A.G., Wittel, H., Woan, G., Wooley, R., Worden, J., Yakushin, I., Yamamoto, H., Yamamoto, K., Yancey, C.C., Yang, H., Yeaton-Massey, D., Yoshida, S., Yu, P., Yvert, M., Zadrony, A., Zanolin, M., Zendri, J.-P., Zhang, F., Zhang, L., Zhang, W., Zhao, C., Zotov, N., Zucker, M.E., Zweizig, J.","Search for gravitational waves from intermediate mass binary black holes",2012,"Physical Review D - Particles, Fields, Gravitation and Cosmology","85","10", 102004,"","",,28,10.1103/PhysRevD.85.102004,"https://www.scopus.com/inward/record.uri?eid=2-s2.0-84861668597&doi=10.1103%2fPhysRevD.85.102004&partnerID=40&md5=5c509153b201ea688df1aa62bb214411",Article,Scopus,2-s2.0-84861668597
"Abadie, J., Abbott, B.P., Abbott, R., Accadia, T., Acernese, F., Adhikari, R., Ajith, P., Allen, B., Allen, G., Amador Ceron, E., Amin, R.S., Anderson, S.B., Anderson, W.G., Antonucci, F., Arain, M.A., Araya, M., Arun, K.G., Aso, Y., Aston, S., Astone, P., Aufmuth, P., Aulbert, C., Babak, S., Baker, P., Ballardin, G., Ballmer, S., Barker, D., Barone, F., Barr, B., Barriga, P., Barsotti, L., Barsuglia, M., Barton, M.A., Bartos, I., Bassiri, R., Bastarrika, M., Bauer, Th.S., Behnke, B., Beker, M.G., Belletoile, A., Benacquista, M., Betzwieser, J., Beyersdorf, P.T., Bigotta, S., Bilenko, I.A., Billingsley, G., Birindelli, S., Biswas, R., Bizouard, M.A., Black, E., Blackburn, J.K., Blackburn, L., Blair, D., Bland, B., Blom, M., Boccara, C., Bock, O., Bodiya, T.P., Bondarescu, R., Bondu, F., Bonelli, L., Bonnand, R., Bork, R., Born, M., Bose, S., Bosi, L., Bouhou, B., Braccini, S., Bradaschia, C., Brady, P.R., Braginsky, V.B., Brau, J.E., Breyer, J., Bridges, D.O., Brillet, A., Brinkmann, M., Brisson, V., Britzger, M., Brooks, A.F., Brown, D.A., Budzyński, R., Bulik, T., Bullington, A., Bulten, H.J., Buonanno, A., Burmeister, O., Buskulic, D., Buy, C., Byer, R.L., Cadonati, L., Cagnoli, G., Cain, J., Calloni, E., Camp, J.B., Campagna, E., Cannizzo, J., Cannon, K.C., Canuel, B., Cao, J., Capano, C.D., Carbognani, F., Cardenas, L., Caudill, S., Cavaglià, M., Cavalier, F., Cavalieri, R., Cella, G., Cepeda, C., Cesarini, E., Chalermsongsak, T., Chalkley, E., Charlton, P., Chassande-Mottin, E., Chatterji, S., Chelkowski, S., Chen, Y., Chincarini, A., Christensen, N., Chua, S.S.Y., Chung, C.T.Y., Clark, D., Clark, J., Clayton, J.H., Cleva, F., Coccia, E., Colacino, C.N., Colas, J., Colla, A., Colombini, M., Conte, R., Cook, D., Corbitt, T.R.C., Cornish, N., Corsi, A., Coulon, J.-P., Coward, D., Coyne, D.C., Creighton, J.D.E., Creighton, T.D., Cruise, A.M., Culter, R.M., Cumming, A., Cunningham, L., Cuoco, E., Dahl, K., Danilishin, S.L., D'Antonio, S., Danzmann, K., Dattilo, V., Daudert, B., Davier, M., Davies, G., Daw, E.J., Day, R., Dayanga, T., De Rosa, R., Debra, D., Degallaix, J., Del Prete, M., Dergachev, V., Desalvo, R., Dhurandhar, S., Di Fiore, L., Di Lieto, A., Di Paolo Emilio, M., Di Virgilio, A., Díaz, M., Dietz, A., Donovan, F., Dooley, K.L., Doomes, E.E., Drago, M., Drever, R.W.P., Driggers, J., Dueck, J., Duke, I., Dumas, J.-C., Dwyer, S., Edgar, M., Edwards, M., Effler, A., Ehrens, P., Etzel, T., Evans, M., Evans, T., Fafone, V., Fairhurst, S., Faltas, Y., Fan, Y., Fazi, D., Fehrmann, H., Ferrante, I., Fidecaro, F., Finn, L.S., Fiori, I., Flaminio, R., Flasch, K., Foley, S., Forrest, C., Fotopoulos, N., Fournier, J.-D., Franc, J., Frasca, S., Frasconi, F., Frede, M., Frei, M., Frei, Z., Freise, A., Frey, R., Fricke, T.T., Friedrich, D., Fritschel, P., Frolov, V.V., Fulda, P., Fyffe, M., Galimberti, M., Gammaitoni, L., Garofoli, J.A., Garufi, F., Gemme, G., Genin, E., Gennai, A., Ghosh, S., Giaime, J.A., Giampanis, S., Giardina, K.D., Giazotto, A., Goetz, E., Goggin, L.M., González, G., Goßler, S., Gouaty, R., Granata, M., Grant, A., Gras, S., Gray, C., Greenhalgh, R.J.S., Gretarsson, A.M., Greverie, C., Grosso, R., Grote, H., Grunewald, S., Guidi, G.M., Gustafson, E.K., Gustafson, R., Hage, B., Hallam, J.M., Hammer, D., Hammond, G.D., Hanna, C., Hanson, J., Harms, J., Harry, G.M., Harry, I.W., Harstad, E.D., Haughian, K., Hayama, K., Hayau, J.-F., Hayler, T., Heefner, J., Heitmann, H., Hello, P., Heng, I.S., Heptonstall, A., Hewitson, M., Hild, S., Hirose, E., Hoak, D., Hodge, K.A., Holt, K., Hosken, D.J., Hough, J., Howell, E., Hoyland, D., Huet, D., Hughey, B., Husa, S., Huttner, S.H., Ingram, D.R., Isogai, T., Ivanov, A., Jaranowski, P., Johnson, W.W., Jones, D.I., Jones, G., Jones, R., Ju, L., Kalmus, P., Kalogera, V., Kandhasamy, S., Kanner, J., Katsavounidis, E., Kawabe, K., Kawamura, S., Kawazoe, F., Kells, W., Keppel, D.G., Khalaidovski, A., Khalili, F.Y., Khan, R., Khazanov, E., Kim, H., King, P.J., Kissel, J.S., Klimenko, S., Kokeyama, K., Kondrashov, V., Kopparapu, R., Koranda, S., Kowalska, I., Kozak, D., Kringel, V., Krishnan, B., Królak, A., Kuehn, G., Kullman, J., Kumar, R., Kwee, P., Lam, P.K., Landry, M., Lang, M., Lantz, B., Lastzka, N., Lazzarini, A., Leaci, P., Lei, M., Leindecker, N., Leonor, I., Leroy, N., Letendre, N., Li, T.G.F., Lin, H., Lindquist, P.E., Littenberg, T.B., Lockerbie, N.A., Lodhia, D., Lorenzini, M., Loriette, V., Lormand, M., Losurdo, G., Lu, P., Lubinski, M., Lucianetti, A., Lück, H., Lundgren, A., MacHenschalk, B., MacInnis, M., Mageswaran, M., Mailand, K., Majorana, E., Mak, C., Maksimovic, I., Man, N., Mandel, I., Mandic, V., Mantovani, M., Marchesoni, F., Marion, F., Márka, S., Márka, Z., Markosyan, A., Markowitz, J., Maros, E., Marque, J., Martelli, F., Martin, I.W., Martin, R.M., Marx, J.N., Mason, K., Masserot, A., Matichard, F., Matone, L., Matzner, R.A., Mavalvala, N., McCarthy, R., McClelland, D.E., McGuire, S.C., McIntyre, G., McKechan, D.J.A., Mehmet, M., Melatos, A., Melissinos, A.C., Mendell, G., Menéndez, D.F., Mercer, R.A., Merill, L., Meshkov, S., Messenger, C., Meyer, M.S., Miao, H., Michel, C., Milano, L., Miller, J., Minenkov, Y., Mino, Y., Mitra, S., Mitrofanov, V.P., Mitselmakher, G., Mittleman, R., Miyakawa, O., Moe, B., Mohan, M., Mohanty, S.D., Mohapatra, S.R.P., Moreau, J., Moreno, G., Morgado, N., Morgia, A., Mors, K., Mosca, S., Moscatelli, V., Mossavi, K., Mours, B., Mowlowry, C., Mueller, G., Mukherjee, S., Mullavey, A., Müller-Ebhardt, H., Munch, J., Murray, P.G., Nash, T., Nawrodt, R., Nelson, J., Neri, I., Newton, G., Nishida, E., Nishizawa, A., Nocera, F., Ochsner, E., O'Dell, J., Ogin, G.H., Oldenburg, R., O'Reilly, B., O'Shaughnessy, R., Ottaway, D.J., Ottens, R.S., Overmier, H., Owen, B.J., Page, A., Pagliaroli, G., Palladino, L., Palomba, C., Pan, Y., Pankow, C., Paoletti, F., Papa, M.A., Pardi, S., Parisi, M., Pasqualetti, A., Passaquieti, R., Passuello, D., Patel, P., Pathak, D., Pedraza, M., Pekowsky, L., Penn, S., Peralta, C., Perreca, A., Persichetti, G., Pichot, M., Pickenpack, M., Piergiovanni, F., Pietka, M., Pinard, L., Pinto, I.M., Pitkin, M., Pletsch, H.J., Plissi, M.V., Poggiani, R., Postiglione, F., Prato, M., Principe, M., Prix, R., Prodi, G.A., Prokhorov, L., Puncken, O., Punturo, M., Puppo, P., Quetschke, V., Raab, F.J., Rabeling, D.S., Rabeling, D.S., Radkins, H., Raffai, P., Raics, Z., Rakhmanov, M., Rapagnani, P., Raymond, V., Re, V., Reed, C.M., Reed, T., Regimbau, T., Rehbein, H., Reid, S., Reitze, D.H., Ricci, F., Riesen, R., Riles, K., Roberts, P., Robertson, N.A., Robinet, F., Robinson, C., Robinson, E.L., Rocchi, A., Roddy, S., Röver, C., Rolland, L., Rollins, J., Romano, J.D., Romano, R., Romie, J.H., Rosińska, D., Rowan, S., Rüdiger, A., Ruggi, P., Ryan, K., Sakata, S., Salemi, F., Sammut, L., Sancho De La Jordana, L., Sandberg, V., Sannibale, V., Santamaría, L., Santostasi, G., Saraf, S., Sarin, P., Sassolas, B., Sathyaprakash, B.S., Sato, S., Satterthwaite, M., Saulson, P.R., Savage, R., Schilling, R., Schnabel, R., Schofield, R., Schulz, B., Schutz, B.F., Schwinberg, P., Scott, J., Scott, S.M., Searle, A.C., Seifert, F., Sellers, D., Sengupta, A.S., Sentenac, D., Sergeev, A., Shapiro, B., Shawhan, P., Shoemaker, D.H., Sibley, A., Siemens, X., Sigg, D., Sintes, A.M., Skelton, G., Slagmolen, B.J.J., Slutsky, J., Smith, J.R., Smith, M.R., Smith, N.D., Somiya, K., Sorazu, B., Sperandio, L., Stein, A.J., Stein, L.C., Steplewski, S., Stochino, A., Stone, R., Strain, K.A., Strigin, S., Stroeer, A., Sturani, R., Stuver, A.L., Summerscales, T.Z., Sung, M., Susmithan, S., Sutton, P.J., Swinkels, B., Szokoly, G.P., Talukder, D., Tanner, D.B., Tarabrin, S.P., Taylor, J.R., Taylor, R., Thorne, K.A., Thorne, K.S., Thüring, A., Titsler, C., Tokmakov, K.V., Toncelli, A., Tonelli, M., Torres, C., Torrie, C.I., Tournefier, E., Travasso, F., Traylor, G., Trias, M., Trummer, J., Turner, L., Ugolini, D., Urbanek, K., Vahlbruch, H., Vajente, G., Vallisneri, M., Van Den Brand, J.F.J., Van Den Broeck, C., Van Der Putten, S., Van Der Sluys, M.V., Vass, S., Vaulin, R., Vavoulidis, M., Vecchio, A., Vedovato, G., Van Veggel, A.A., Veitch, J., Veitch, P.J., Veltkamp, C., Verkindt, D., Vetrano, F., Viceré, A., Villar, A., Vinet, J.-Y., Vocca, H., Vorvick, C., Vyachanin, S.P., Waldman, S.J., Wallace, L., Wanner, A., Ward, R.L., Was, M., Wei, P., Weinert, M., Weinstein, A.J., Weiss, R., Wen, L., Wen, S., Wessels, P., West, M., Westphal, T., Wette, K., Whelan, J.T., Whitcomb, S.E., Whiting, B.F., Wilkinson, C., Willems, P.A., Williams, H.R., Williams, L., Willke, B., Wilmut, I., Winkelmann, L., Winkler, W., Wipf, C.C., Wiseman, A.G., Woan, G., Wooley, R., Worden, J., Yakushin, I., Yamamoto, H., Yamamoto, K., Yeaton-Massey, D., Yoshida, S., Yvert, M., Zanolin, M., Zhang, L., Zhang, Z., Zhao, C., Zotov, N., Zucker, M.E., Zweizig, J.","Erratum: All-sky search for gravitational-wave bursts in the first joint LIGO-GEO-Virgo run (Physical Review D - Particles, Fields, Gravitation and Cosmology (2010) 81 (102001))",2012,"Physical Review D - Particles, Fields, Gravitation and Cosmology","85","8", 089905,"","",,,10.1103/PhysRevD.85.089905,"https://www.scopus.com/inward/record.uri?eid=2-s2.0-84860173550&doi=10.1103%2fPhysRevD.85.089905&partnerID=40&md5=ff226ab4208b94080d7b767699661924",Erratum,Scopus,2-s2.0-84860173550
"Abadie, J., Abbott, B.P., Abbott, R., Abbott, T.D., Abernathy, M., Accadia, T., Acernese, F., Adams, C., Adhikari, R., Affeldt, C., Agathos, M., Ajith, P., Allen, B., Allen, G.S., Amador Ceron, E., Amariutei, D., Amin, R.S., Anderson, S.B., Anderson, W.G., Arai, K., Arain, M.A., Araya, M.C., Aston, S.M., Astone, P., Atkinson, D., Aufmuth, P., Aulbert, C., Aylott, B.E., Babak, S., Baker, P., Ballardin, G., Ballmer, S., Barker, D., Barone, F., Barr, B., Barriga, P., Barsotti, L., Barsuglia, M., Barton, M.A., Bartos, I., Bassiri, R., Bastarrika, M., Basti, A., Batch, J., Bauchrowitz, J., Bauer, T.S., Bebronne, M., Behnke, B., Beker, M.G., Bell, A.S., Belletoile, A., Belopolski, I., Benacquista, M., Berliner, J.M., Bertolini, A., Betzwieser, J., Beveridge, N., Beyersdorf, P.T., Bilenko, I.A., Billingsley, G., Birch, J., Biswas, R., Bitossi, M., Bizouard, M.A., Black, E., Blackburn, J.K., Blackburn, L., Blair, D., Bland, B., Blom, M., Bock, O., Bodiya, T.P., Bogan, C., Bondarescu, R., Bondu, F., Bonelli, L., Bonnand, R., Bork, R., Born, M., Boschi, V., Bose, S., Bosi, L., Bouhou, B., Braccini, S., Bradaschia, C., Brady, P.R., Braginsky, V.B., Branchesi, M., Brau, J.E., Breyer, J., Briant, T., Bridges, D.O., Brillet, A., Brinkmann, M., Brisson, V., Britzger, M., Brooks, A.F., Brown, D.A., Brummit, A., Bulik, T., Bulten, H.J., Buonanno, A., Burguet-castell, J., Burmeister, O., Buskulic, D., Buy, C., Byer, R.L., Cadonati, L., Cagnoli, G., Calloni, E., Camp, J.B., Campsie, P., Cannizzo, J., Cannon, K., Canuel, B., Cao, J., Capano, C.D., Carbognani, F., Caride, S., Caudill, S., Cavaglià, M., Cavalier, F., Cavalieri, R., Cella, G., Cepeda, C., Cesarini, E., Chaibi, O., Chalermsongsak, T., Chalkley, E., Charlton, P., Chassande-Mottin, E., Chelkowski, S., Chen, Y., Chincarini, A., Chiummo, A., Cho, H., Christensen, N., Chua, S.S.Y., Chung, C.T.Y., Chung, S., Ciani, G., Clara, F., Clark, D.E., Clark, J., Clayton, J.H., Cleva, F., Coccia, E., Cohadon, P.-F., Colacino, C.N., Colas, J., Colla, A., Colombini, M., Conte, A., Conte, R., Cook, D., Corbitt, T.R., Cordier, M., Cornish, N., Corsi, A., Costa, C.A., Coughlin, M., Coulon, J.-P., Couvares, P., Coward, D.M., Coyne, D.C., Creighton, J.D.E., Creighton, T.D., Cruise, A.M., Cumming, A., Cunningham, L., Cuoco, E., Cutler, R.M., Dahl, K., Danilishin, S.L., Dannenberg, R., D'antonio, S., Danzmann, K., Dattilo, V., Daudert, B., Daveloza, H., Davier, M., Davies, G., Daw, E.J., Day, R., Dayanga, T., De Rosa, R., Debra, D., Debreczeni, G., Degallaix, J., Del Pozzo, W., Del Prete, M., Dent, T., Dergachev, V., Derosa, R., Desalvo, R., Dhurandhar, S., Di Fiore, L., Di Lieto, A., Di Palma, I., Di Paolo Emilio, M., Di Virgilio, A., Díaz, M., Dietz, A., Diguglielmo, J., Donovan, F., Dooley, K.L., Dorsher, S., Drago, M., Drever, R.W.P., Driggers, J.C., Du, Z., Dumas, J.-C., Dwyer, S., Eberle, T., Edgar, M., Edwards, M., Effler, A., Ehrens, P., Endroczi, G., Engel, R., Etzel, T., Evans, K., Evans, M., Evans, T., Factourovich, M., Fafone, V., Fairhurst, S., Fan, Y., Farr, B.F., Farr, W., Fazi, D., Fehrmann, H., Feldbaum, D., Ferrante, I., Fidecaro, F., Finn, L.S., Fiori, I., Fisher, R.P., Flaminio, R., Flanigan, M., Foley, S., Forsi, E., Forte, L.A., Fotopoulos, N., Fournier, J.-D., Franc, J., Frasca, S., Frasconi, F., Frede, M., Frei, M., Frei, Z., Freise, A., Frey, R., Fricke, T.T., Friedrich, D., Fritschel, P., Frolov, V.V., Fulda, P.J., Fyffe, M., Galimberti, M., Gammaitoni, L., Ganija, M.R., Garcia, J., Garofoli, J.A., Garufi, F., Gáspár, M.E., Gemme, G., Geng, R., Genin, E., Gennai, A., Gergely, L., Ghosh, S., Giaime, J.A., Giampanis, S., Giardina, K.D., Giazotto, A., Gill, C., Goetz, E., Goggin, L.M., González, G., Gorodetsky, M.L., Goßler, S., Gouaty, R., Graef, C., Granata, M., Grant, A., Gras, S., Gray, C., Gray, N., Greenhalgh, R.J.S., Gretarsson, A.M., Greverie, C., Grosso, R., Grote, H., Grunewald, S., Guidi, G.M., Guido, C., Gupta, R., Gustafson, E.K., Gustafson, R., Ha, T., Hage, B., Hallam, J.M., Hammer, D., Hammond, G., Hanks, J., Hanna, C., Hanson, J., Hardt, A., Harms, J., Harry, G.M., Harry, I.W., Harstad, E.D., Hartman, M.T., Haughian, K., Hayama, K., Hayau, J.-F., Heefner, J., Heidmann, A., Heintze, M.C., Heitmann, H., Hello, P., Hendry, M.A., Heng, I.S., Heptonstall, A.W., Herrera, V., Hewitson, M., Hild, S., Hoak, D., Hodge, K.A., Holt, K., Hong, T., Hooper, S., Hosken, D.J., Hough, J., Howell, E.J., Hughey, B., Husa, S., Huttner, S.H., Huynh-Dinh, T., Ingram, D.R., Inta, R., Isogai, T., Ivanov, A., Izumi, K., Jacobson, M., Jang, H., Jaranowski, P., Johnson, W.W., Jones, D.I., Jones, G., Jones, R., Ju, L., Kalmus, P., Kalogera, V., Kamaretsos, I., Kandhasamy, S., Kang, G., Kanner, J.B., Katsavounidis, E., Katzman, W., Kaufer, H., Kawabe, K., Kawamura, S., Kawazoe, F., Kells, W., Keppel, D.G., Keresztes, Z., Khalaidovski, A., Khalili, F.Y., Khazanov, E.A., Kim, B., Kim, C., Kim, D., Kim, H., Kim, K., Kim, N., Kim, Y.-M., King, P.J., Kinsey, M., Kinzel, D.L., Kissel, J.S., Klimenko, S., Kokeyama, K., Kondrashov, V., Kopparapu, R., Koranda, S., Korth, W.Z., Kowalska, I., Kozak, D., Kringel, V., Krishnamurthy, S., Krishnan, B., Królak, A., Kuehn, G., Kumar, R., Kwee, P., Lam, P.K., Landry, M., Lang, M., Lantz, B., Lastzka, N., Lawrie, C., Lazzarini, A., Leaci, P., Lee, C.H., Lee, H.M., Leindecker, N., Leong, J.R., Leonor, I., Leroy, N., Letendre, N., Li, J., Li, T.G.F., Liguori, N., Lindquist, P.E., Lockerbie, N.A., Lodhia, D., Lorenzini, M., Loriette, V., Lormand, M., Losurdo, G., Luan, J., Lubinski, M., Lück, H., Lundgren, A.P., Macdonald, E., Machenschalk, B., Macinnis, M., Macleod, D.M., Mageswaran, M., Mailand, K., Majorana, E., Maksimovic, I., Man, N., Mandel, I., Mandic, V., Mantovani, M., Marandi, A., Marchesoni, F., Marion, F., Márka, S., Márka, Z., Markosyan, A., Maros, E., Marque, J., Martelli, F., Martin, I.W., Martin, R.M., Marx, J.N., Mason, K., Masserot, A., Matichard, F., Matone, L., Matzner, R.A., Mavalvala, N., Mazzolo, G., Mccarthy, R., Mcclelland, D.E., Mcguire, S.C., Mcintyre, G., Mciver, J., Mckechan, D.J.A., Meadors, G.D., Mehmet, M., Meier, T., Melatos, A., Melissinos, A.C., Mendell, G., Menendez, D., Mercer, R.A., Meshkov, S., Messenger, C., Meyer, M.S., Miao, H., Michel, C., Milano, L., Miller, J., Minenkov, Y., Mitrofanov, V.P., Mitselmakher, G., Mittleman, R., Miyakawa, O., Moe, B., Moesta, P., Mohan, M., Mohanty, S.D., Mohapatra, S.R.P., Moraru, D., Moreno, G., Morgado, N., Morgia, A., Mori, T., Mosca, S., Mossavi, K., Mours, B., Mow-Lowry, C.M., Mueller, C.L., Mueller, G., Mukherjee, S., Mullavey, A., Müller-Ebhardt, H., Munch, J., Murphy, D., Murray, P.G., Mytidis, A., Nash, T., Naticchioni, L., Nawrodt, R., Necula, V., Nelson, J., Newton, G., Nishizawa, A., Nocera, F., Nolting, D., Nuttall, L., Ochsner, E., O'dell, J., Oelker, E., Ogin, G.H., Oh, J.J., Oh, S.H., Oldenburg, R.G., O'reilly, B., O'shaughnessy, R., Osthelder, C., Ott, C.D., Ottaway, D.J., Ottens, R.S., Overmier, H., Owen, B.J., Page, A., Pagliaroli, G., Palladino, L., Palomba, C., Pan, Y., Pankow, C., Paoletti, F., Papa, M.A., Parisi, M., Pasqualetti, A., Passaquieti, R., Passuello, D., Patel, P., Pedraza, M., Peiris, P., Pekowsky, L., Penn, S., Peralta, C., Perreca, A., Persichetti, G., Phelps, M., Pickenpack, M., Piergiovanni, F., Pietka, M., Pinard, L., Pinto, I.M., Pitkin, M., Pletsch, H.J., Plissi, M.V., Poggiani, R., Pöld, J., Postiglione, F., Prato, M., Predoi, V., Price, L.R., Prijatelj, M., Principe, M., Privitera, S., Prix, R., Prodi, G.A., Prokhorov, L., Puncken, O., Punturo, M., Puppo, P., Quetschke, V., Raab, F.J., Rabeling, D.S., Rácz, I., Radkins, H., Raffai, P., Rakhmanov, M., Ramet, C.R., Rankins, B., Rapagnani, P., Raymond, V., Re, V., Redwine, K., Reed, C.M., Reed, T., Regimbau, T., Reid, S., Reitze, D.H., Ricci, F., Riesen, R., Riles, K., Robertson, N.A., Robinet, F., Robinson, C., Robinson, E.L., Rocchi, A., Roddy, S., Rodriguez, C., Rodruck, M., Rolland, L., Rollins, J., Romano, J.D., Romano, R., Romie, J.H., Rosińska, D., Röver, C., Rowan, S., Rüdiger, A., Ruggi, P., Ryan, K., Ryll, H., Sainathan, P., Sakosky, M., Salemi, F., Samblowski, A., Sammut, L., Sancho De La Jordana, L., Sandberg, V., Sankar, S., Sannibale, V., Santamaría, L., Santiago-Prieto, I., Santostasi, G., Sassolas, B., Sathyaprakash, B.S., Sato, S., Saulson, P.R., Savage, R.L., Schilling, R., Schlamminger, S., Schnabel, R., Schofield, R.M.S., Schulz, B., Schutz, B.F., Schwinberg, P., Scott, J., Scott, S.M., Searle, A.C., Seifert, F., Sellers, D., Sengupta, A.S., Sentenac, D., Sergeev, A., Shaddock, D.A., Shaltev, M., Shapiro, B., Shawhan, P., Shoemaker, D.H., Sibley, A., Siemens, X., Sigg, D., Singer, A., Singer, L., Sintes, A.M., Skelton, G., Slagmolen, B.J.J., Slutsky, J., Smith, J.R., Smith, M.R., Smith, N.D., Smith, R.J.E., Somiya, K., Sorazu, B., Soto, J., Speirits, F.C., Sperandio, L., Stefszky, M., Stein, A.J., Steinert, E., Steinlechner, J., Steinlechner, S., Steplewski, S., Stochino, A., Stone, R., Strain, K.A., Strigin, S., Stroeer, A.S., Sturani, R., Stuver, A.L., Summerscales, T.Z., Sung, M., Susmithan, S., Sutton, P.J., Swinkels, B., Tacca, M., Taffarello, L., Talukder, D., Tanner, D.B., Tarabrin, S.P., Taylor, J.R., Taylor, R., Thomas, P., Thorne, K.A., Thorne, K.S., Thrane, E., Thüring, A., Titsler, C., Tokmakov, K.V., Toncelli, A., Tonelli, M., Torre, O., Torres, C., Torrie, C.I., Tournefier, E., Travasso, F., Traylor, G., Trias, M., Tseng, K., Tucker, E., Ugolini, D., Urbanek, K., Vahlbruch, H., Vajente, G., Vallisneri, M., Van Den Brand, J.F.J., Van Den Broeck, C., Van Der Putten, S., Van Veggel, A.A., Vass, S., Vasuth, M., Vaulin, R., Vavoulidis, M., Vecchio, A., Vedovato, G., Veitch, J., Veitch, P.J., Veltkamp, C., Verkindt, D., Vetrano, F., Viceré, A., Villar, A.E., Vinet, J.-Y., Vitale, S., Vitale, S., Vocca, H., Vorvick, C., Vyatchanin, S.P., Wade, A., Waldman, S.J., Wallace, L., Wan, Y., Wang, X., Wang, Z., Wanner, A., Ward, R.L., Was, M., Wei, P., Weinert, M., Weinstein, A.J., Weiss, R., Wen, L., Wen, S., Wessels, P., West, M., Westphal, T., Wette, K., Whelan, J.T., Whitcomb, S.E., White, D., Whiting, B.F., Wilkinson, C., Willems, P.A., Williams, H.R., Williams, L., Willke, B., Winkelmann, L., Winkler, W., Wipf, C.C., Wiseman, A.G., Wittel, H., Woan, G., Wooley, R., Worden, J., Yablon, J., Yakushin, I., Yamamoto, H., Yamamoto, K., Yang, H., Yeaton-Massey, D., Yoshida, S., Yu, P., Yvert, M., Zadroźny, A., Zanolin, M., Zendri, J.-P., Zhang, F., Zhang, L., Zhang, W., Zhang, Z., Zhao, C., Zotov, N., Zucker, M.E., Zweizig, J.","Search for gravitational waves from low mass compact binary coalescence in LIGO's sixth science run and Virgo's science runs 2 and 3",2012,"Physical Review D - Particles, Fields, Gravitation and Cosmology","85","8", 082002,"","",,132,10.1103/PhysRevD.85.082002,"https://www.scopus.com/inward/record.uri?eid=2-s2.0-84860134772&doi=10.1103%2fPhysRevD.85.082002&partnerID=40&md5=40b0f81d764620fdb572acb43962211e",Article,Scopus,2-s2.0-84860134772
"Abadie, J., Abbott, B.P., Abbott, R., Adhikari, R., Ajith, P., Allen, B., Allen, G., Amador Ceron, E., Amin, R.S., Anderson, S.B., Anderson, W.G., Arain, M.A., Araya, M., Aso, Y., Aston, S., Aufmuth, P., Aulbert, C., Babak, S., Baker, P., Ballmer, S., Barker, D., Barr, B., Barriga, P., Barsotti, L., Barton, M.A., Bartos, I., Bassiri, R., Bastarrika, M., Behnke, B., Benacquista, M., Bennett, M.F., Betzwieser, J., Beyersdorf, P.T., Bilenko, I.A., Billingsley, G., Biswas, R., Black, E., Blackburn, J.K., Blackburn, L., Blair, D., Bland, B., Bock, O., Bodiya, T.P., Bondarescu, R., Bork, R., Born, M., Bose, S., Brady, P.R., Braginsky, V.B., Brau, J.E., Breyer, J., Bridges, D.O., Brinkmann, M., Britzger, M., Brooks, A.F., Brown, D.A., Bullington, A., Buonanno, A., Burmeister, O., Byer, R.L., Cadonati, L., Cain, J., Camp, J.B., Cannizzo, J., Cannon, K.C., Cao, J., Capano, C., Cardenas, L., Caudill, S., Cavaglià, M., Cepeda, C., Chalermsongsak, T., Chalkley, E., Charlton, P., Chatterji, S., Chelkowski, S., Chen, Y., Christensen, N., Chua, S.S.Y., Chung, C.T.Y., Clark, D., Clark, J., Clayton, J.H., Conte, R., Cook, D., Corbitt, T.R.C., Cornish, N., Coward, D., Coyne, D.C., Creighton, J.D.E., Creighton, T.D., Cruise, A.M., Culter, R.M., Cumming, A., Cunningham, L., Dahl, K., Danilishin, S.L., Danzmann, K., Daudert, B., Davies, G., Daw, E.J., Dayanga, T., Debra, D., Degallaix, J., Dergachev, V., Desalvo, R., Dhurandhar, S., Díaz, M., Donovan, F., Dooley, K.L., Doomes, E.E., Drever, R.W.P., Driggers, J., Dueck, J., Duke, I., Dumas, J.-C., Dwyer, S., Edgar, M., Edwards, M., Effler, A., Ehrens, P., Etzel, T., Evans, M., Evans, T., Fairhurst, S., Faltas, Y., Fan, Y., Fazi, D., Fehrmann, H., Finn, L.S., Flasch, K., Foley, S., Forrest, C., Fotopoulos, N., Frede, M., Frei, M., Frei, Z., Freise, A., Frey, R., Fricke, T.T., Friedrich, D., Fritschel, P., Frolov, V.V., Fulda, P., Fyffe, M., Garofoli, J.A., Ghosh, S., Giaime, J.A., Giampanis, S., Giardina, K.D., Goetz, E., Goggin, L.M., González, G., Goßler, S., Grant, A., Gras, S., Gray, C., Greenhalgh, R.J.S., Gretarsson, A.M., Grosso, R., Grote, H., Grunewald, S., Gustafson, E.K., Gustafson, R., Hage, B., Hallam, J.M., Hammer, D., Hammond, G.D., Hanna, C., Hanson, J., Harms, J., Harry, G.M., Harry, I.W., Harstad, E.D., Haughian, K., Hayama, K., Hayler, T., Heefner, J., Heng, I.S., Heptonstall, A., Hewitson, M., Hild, S., Hirose, E., Hoak, D., Hodge, K.A., Holt, K., Hosken, D.J., Hough, J., Howell, E., Hoyland, D., Hughey, B., Husa, S., Huttner, S.H., Ingram, D.R., Isogai, T., Ivanov, A., Johnson, W.W., Jones, D.I., Jones, G., Jones, R., Ju, L., Kalmus, P., Kalogera, V., Kandhasamy, S., Kanner, J., Katsavounidis, E., Kawabe, K., Kawamura, S., Kawazoe, F., Kells, W., Keppel, D.G., Khalaidovski, A., Khalili, F.Y., Khan, R., Khazanov, E., Kim, H., King, P.J., Kissel, J.S., Klimenko, S., Kokeyama, K., Kondrashov, V., Kopparapu, R., Koranda, S., Kozak, D., Kringel, V., Krishnan, B., Kuehn, G., Kullman, J., Kumar, R., Kwee, P., Lam, P.K., Landry, M., Lang, M., Lantz, B., Lastzka, N., Lazzarini, A., Leaci, P., Lei, M., Leindecker, N., Leonor, I., Lin, H., Lindquist, P.E., Littenberg, T.B., Lockerbie, N.A., Lodhia, D., Lormand, M., Lu, P., Lubinski, M., Lucianetti, A., Lück, H., Lundgren, A., MacHenschalk, B., MacInnis, M., Mageswaran, M., Mailand, K., Mak, C., Mandel, I., Mandic, V., Márka, S., Márka, Z., Markosyan, A., Markowitz, J., Maros, E., Martin, I.W., Martin, R.M., Marx, J.N., Mason, K., Matichard, F., Matone, L., Matzner, R.A., Mavalvala, N., McCarthy, R., McClelland, D.E., McGuire, S.C., McIntyre, G., McKechan, D.J.A., Mehmet, M., Melatos, A., Melissinos, A.C., Mendell, G., Menéndez, D.F., Mercer, R.A., Merrill, L., Meshkov, S., Messenger, C., Meyer, M.S., Miao, H., Miller, J., Mino, Y., Mitra, S., Mitrofanov, V.P., Mitselmakher, G., Mittleman, R., Miyakawa, O., Moe, B., Mohanty, S.D., Mohapatra, S.R.P., Moreno, G., Mors, K., Mossavi, K., Mowlowry, C., Mueller, G., Müller-Ebhardt, H., Mukherjee, S., Mullavey, A., Munch, J., Murray, P.G., Nash, T., Nawrodt, R., Nelson, J., Newton, G., Nishida, E., Nishizawa, A., O'Dell, J., O'Reilly, B., O'Shaughnessy, R., Ochsner, E., Ogin, G.H., Oldenburg, R., Ottaway, D.J., Ottens, R.S., Overmier, H., Owen, B.J., Page, A., Pan, Y., Pankow, C., Papa, M.A., Patel, P., Pathak, D., Pedraza, M., Pekowsky, L., Penn, S., Peralta, C., Perreca, A., Pickenpack, M., Pinto, I.M., Pitkin, M., Pletsch, H.J., Plissi, M.V., Postiglione, F., Principe, M., Prix, R., Prokhorov, L., Puncken, O., Quetschke, V., Raab, F.J., Rabeling, D.S., Radkins, H., Raffai, P., Raics, Z., Rakhmanov, M., Raymond, V., Reed, C.M., Reed, T., Rehbein, H., Reid, S., Reitze, D.H., Riesen, R., Riles, K., Roberts, P., Robertson, N.A., Robinson, C., Robinson, E.L., Roddy, S., Röver, C., Rollins, J., Romano, J.D., Romie, J.H., Rowan, S., Rüdiger, A., Ryan, K., Sakata, S., Sammut, L., Sancho De La Jordana, L., Sandberg, V., Sannibale, V., Santamaría, L., Santostasi, G., Saraf, S., Sarin, P., Sathyaprakash, B.S., Sato, S., Satterthwaite, M., Saulson, P.R., Savage, R., Schilling, R., Schnabel, R., Schofield, R., Schulz, B., Schutz, B.F., Schwinberg, P., Scott, J., Scott, S.M., Searle, A.C., Seifert, F., Sellers, D., Sengupta, A.S., Sergeev, A., Shapiro, B., Shawhan, P., Shoemaker, D.H., Sibley, A., Siemens, X., Sigg, D., Sintes, A.M., Skelton, G., Slagmolen, B.J.J., Slutsky, J., Smith, J.R., Smith, M.R., Smith, N.D., Somiya, K., Sorazu, B., Speirits, F., Stein, A.J., Stein, L.C., Steplewski, S., Stochino, A., Stone, R., Strain, K.A., Strigin, S., Stroeer, A., Stuver, A.L., Summerscales, T.Z., Sung, M., Susmithan, S., Sutton, P.J., Szokoly, G.P., Talukder, D., Tanner, D.B., Tarabrin, S.P., Taylor, J.R., Taylor, R., Thorne, K.A., Thorne, K.S., Thüring, A., Titsler, C., Tokmakov, K.V., Torres, C., Torrie, C.I., Traylor, G., Trias, M., Turner, L., Ugolini, D., Urbanek, K., Vahlbruch, H., Vallisneri, M., Van Den Broeck, C., Van Der Sluys, M.V., Van Veggel, A.A., Vass, S., Vaulin, R., Vecchio, A., Veitch, J., Veitch, P.J., Veltkamp, C., Villar, A., Vorvick, C., Vyachanin, S.P., Waldman, S.J., Wallace, L., Wanner, A., Ward, R.L., Wei, P., Weinert, M., Weinstein, A.J., Weiss, R., Wen, L., Wen, S., Wessels, P., West, M., Westphal, T., Wette, K., Whelan, J.T., Whitcomb, S.E., Whiting, B.F., Wilkinson, C., Willems, P.A., Williams, H.R., Williams, L., Willke, B., Wilmut, I., Winkelmann, L., Winkler, W., Wipf, C.C., Wiseman, A.G., Woan, G., Wooley, R., Worden, J., Yakushin, I., Yamamoto, H., Yamamoto, K., Yeaton-Massey, D., Yoshida, S., Zanolin, M., Zhang, L., Zhang, Z., Zhao, C., Zotov, N., Zucker, M.E., Zweizig, J., Buchner, S.","Erratum: Search for gravitational waves associated with the August 2006 timing glitch of the Vela pulsar (Physical Review D - Particles, Fields, Gravitation and Cosmology)",2012,"Physical Review D - Particles, Fields, Gravitation and Cosmology","85","8", 089902,"","",,2,10.1103/PhysRevD.85.089902,"https://www.scopus.com/inward/record.uri?eid=2-s2.0-84860125577&doi=10.1103%2fPhysRevD.85.089902&partnerID=40&md5=7930096a5b2c0a3db5c38428da79e80c",Erratum,Scopus,2-s2.0-84860125577
"Abadie, J., Abbott, B.P., Abbott, R., Abernathy, M., Accadia, T., Acernese, F., Adams, C., Adhikari, R., Ajith, P., Allen, B., Allen, G., Amador Ceron, E., Amin, R.S., Anderson, S.B., Anderson, W.G., Antonucci, F., Arain, M.A., Araya, M., Aronsson, M., Arun, K.G., Aso, Y., Aston, S., Astone, P., Atkinson, D.E., Aufmuth, P., Aulbert, C., Babak, S., Baker, P., Ballardin, G., Ballinger, T., Ballmer, S., Barker, D., Barnum, S., Barone, F., Barr, B., Barriga, P., Barsotti, L., Barsuglia, M., Barton, M.A., Bartos, I., Bassiri, R., Bastarrika, M., Bauchrowitz, J., Bauer, T.S., Behnke, B., Beker, M.G., Belletoile, A., Benacquista, M., Bertolini, A., Betzwieser, J., Beveridge, N., Beyersdorf, P.T., Bigotta, S., Bilenko, I.A., Billingsley, G., Birch, J., Birindelli, S., Biswas, R., Bitossi, M., Bizouard, M.A., Black, E., Blackburn, J.K., Blackburn, L., Blair, D., Bland, B., Blom, M., Boccara, C., Bock, O., Bodiya, T.P., Bondarescu, R., Bondu, F., Bonelli, L., Bonnand, R., Bork, R., Born, M., Bose, S., Bosi, L., Bouhou, B., Boyle, M., Braccini, S., Bradaschia, C., Brady, P.R., Braginsky, V.B., Brau, J.E., Breyer, J., Bridges, D.O., Brillet, A., Brinkmann, M., Brisson, V., Britzger, M., Brooks, A.F., Brown, D.A., Budzyński, R., Bulik, T., Bulten, H.J., Buonanno, A., Burguet-Castell, J., Burmeister, O., Buskulic, D., Buy, C., Byer, R.L., Cadonati, L., Cagnoli, G., Cain, J., Calloni, E., Camp, J.B., Campagna, E., Campsie, P., Cannizzo, J., Cannon, K.C., Canuel, B., Cao, J., Capano, C., Carbognani, F., Caudill, S., Cavaglià, M., Cavalier, F., Cavalieri, R., Cella, G., Cepeda, C., Cesarini, E., Chalermsongsak, T., Chalkley, E., Charlton, P., Chassande-Mottin, E., Chelkowski, S., Chen, Y., Chincarini, A., Christensen, N., Chua, S.S.Y., Chung, C.T.Y., Clark, D., Clark, J., Clayton, J.H., Cleva, F., Coccia, E., Colacino, C.N., Colas, J., Colla, A., Colombini, M., Conte, R., Cook, D., Corbitt, T.R., Cornish, N., Corsi, A., Costa, C.A., Coulon, J.-P., Coward, D., Coyne, D.C., Creighton, J.D.E., Creighton, T.D., Cruise, A.M., Culter, R.M., Cumming, A., Cunningham, L., Cuoco, E., Dahl, K., Danilishin, S.L., Dannenberg, R., D'Antonio, S., Danzmann, K., Das, K., Dattilo, V., Daudert, B., Davier, M., Davies, G., Davis, A., Daw, E.J., Day, R., Dayanga, T., De Rosa, R., Debra, D., Degallaix, J., Del Prete, M., Dergachev, V., Derosa, R., Desalvo, R., Devanka, P., Dhurandhar, S., Di Fiore, L., Di Lieto, A., Di Palma, I., Di Paolo Emilio, M., Di Virgilio, A., Díaz, M., Dietz, A., Donovan, F., Dooley, K.L., Doomes, E.E., Dorsher, S., Douglas, E.S.D., Drago, M., Drever, R.W.P., Driggers, J.C., Dueck, J., Dumas, J.-C., Dwyer, S., Eberle, T., Edgar, M., Edwards, M., Effler, A., Ehrens, P., Ely, G., Engel, R., Etzel, T., Evans, M., Evans, T., Fafone, V., Fairhurst, S., Fan, Y., Farr, B.F., Fazi, D., Fehrmann, H., Feldbaum, D., Ferrante, I., Fidecaro, F., Finn, L.S., Fiori, I., Flaminio, R., Flanigan, M., Flasch, K., Foley, S., Forrest, C., Forsi, E., Fotopoulos, N., Fournier, J.-D., Franc, J., Frasca, S., Frasconi, F., Frede, M., Frei, M., Frei, Z., Freise, A., Frey, R., Fricke, T.T., Friedrich, D., Fritschel, P., Frolov, V.V., Fulda, P., Fyffe, M., Galimberti, M., Gammaitoni, L., Garofoli, J.A., Garufi, F., Gemme, G., Genin, E., Gennai, A., Ghosh, S., Giaime, J.A., Giampanis, S., Giardina, K.D., Giazotto, A., Gill, C., Goetz, E., Goggin, L.M., González, G., Goßler, S., Gouaty, R., Graef, C., Granata, M., Grant, A., Gras, S., Gray, C., Greenhalgh, R.J.S., Gretarsson, A.M., Greverie, C., Grosso, R., Grote, H., Grunewald, S., Guidi, G.M., Gustafson, E.K., Gustafson, R., Hage, B., Hall, P., Hallam, J.M., Hammer, D., Hammond, G., Hanks, J., Hanna, C., Hanson, J., Harms, J., Harry, G.M., Harry, I.W., Harstad, E.D., Haughian, K., Hayama, K., Hayau, J.-F., Hayler, T., Heefner, J., Heitmann, H., Hello, P., Heng, I.S., Heptonstall, A., Hewitson, M., Hild, S., Hirose, E., Hoak, D., Hodge, K.A., Holt, K., Hosken, D.J., Hough, J., Howell, E., Hoyland, D., Huet, D., Hughey, B., Husa, S., Huttner, S.H., Huynh-Dinh, T., Ingram, D.R., Inta, R., Isogai, T., Ivanov, A., Jaranowski, P., Johnson, W.W., Jones, D.I., Jones, G., Jones, R., Ju, L., Kalmus, P., Kalogera, V., Kandhasamy, S., Kanner, J., Katsavounidis, E., Kawabe, K., Kawamura, S., Kawazoe, F., Kells, W., Keppel, D.G., Khalaidovski, A., Khalili, F.Y., Khazanov, E.A., Kim, H., King, P.J., Kinzel, D.L., Kissel, J.S., Klimenko, S., Kondrashov, V., Kopparapu, R., Koranda, S., Kowalska, I., Kozak, D., Krause, T., Kringel, V., Krishnamurthy, S., Krishnan, B., Królak, A., Kuehn, G., Kullman, J., Kumar, R., Kwee, P., Landry, M., Lang, M., Lantz, B., Lastzka, N., Lazzarini, A., Leaci, P., Leong, J., Leonor, I., Leroy, N., Letendre, N., Li, J., Li, T.G.F., Lin, H., Lindquist, P.E., Lockerbie, N.A., Lodhia, D., Lorenzini, M., Loriette, V., Lormand, M., Losurdo, G., Lu, P., Luan, J., Lubinski, M., Lucianetti, A., Lück, H., Lundgren, A., MacHenschalk, B., MacInnis, M., Mageswaran, M., Mailand, K., Majorana, E., Mak, C., Maksimovic, I., Man, N., Mandel, I., Mandic, V., Mantovani, M., Marchesoni, F., Marion, F., Márka, S., Márka, Z., Maros, E., Marque, J., Martelli, F., Martin, I.W., Martin, R.M., Marx, J.N., Mason, K., Masserot, A., Matichard, F., Matone, L., Matzner, R.A., Mavalvala, N., McCarthy, R., McClelland, D.E., McGuire, S.C., McIntyre, G., McIvor, G., McKechan, D.J.A., Meadors, G., Mehmet, M., Meier, T., Melatos, A., Melissinos, A.C., Mendell, G., Menéndez, D.F., Mercer, R.A., Merill, L., Meshkov, S., Messenger, C., Meyer, M.S., Miao, H., Michel, C., Milano, L., Miller, J., Minenkov, Y., Mino, Y., Mitra, S., Mitrofanov, V.P., Mitselmakher, G., Mittleman, R., Moe, B., Mohan, M., Mohanty, S.D., Mohapatra, S.R.P., Moraru, D., Moreau, J., Moreno, G., Morgado, N., Morgia, A., Mors, K., Mosca, S., Moscatelli, V., Mossavi, K., Mours, B., Mowlowry, C., Mueller, G., Mukherjee, S., Mullavey, A., Müller-Ebhardt, H., Munch, J., Murray, P.G., Nash, T., Nawrodt, R., Nelson, J., Neri, I., Newton, G., Nishida, E., Nishizawa, A., Nocera, F., Nolting, D., Ochsner, E., O'Dell, J., Ogin, G.H., Oldenburg, R.G., O'Reilly, B., O'Shaughnessy, R., Osthelder, C., Ottaway, D.J., Ottens, R.S., Overmier, H., Owen, B.J., Page, A., Pagliaroli, G., Palladino, L., Palomba, C., Pan, Y., Pankow, C., Paoletti, F., Papa, M.A., Pardi, S., Pareja, M., Parisi, M., Pasqualetti, A., Passaquieti, R., Passuello, D., Patel, P., Pathak, D., Pedraza, M., Pekowsky, L., Penn, S., Peralta, C., Perreca, A., Persichetti, G., Pichot, M., Pickenpack, M., Piergiovanni, F., Pietka, M., Pinard, L., Pinto, I.M., Pitkin, M., Pletsch, H.J., Plissi, M.V., Poggiani, R., Postiglione, F., Prato, M., Predoi, V., Price, L.R., Prijatelj, M., Principe, M., Prix, R., Prodi, G.A., Prokhorov, L., Puncken, O., Punturo, M., Puppo, P., Quetschke, V., Raab, F.J., Rabeling, D.S., Radke, T., Radkins, H., Raffai, P., Rakhmanov, M., Rankins, B., Rapagnani, P., Raymond, V., Re, V., Reed, C.M., Reed, T., Regimbau, T., Reid, S., Reitze, D.H., Ricci, F., Riesen, R., Riles, K., Roberts, P., Robertson, N.A., Robinet, F., Robinson, C., Robinson, E.L., Rocchi, A., Roddy, S., Röver, C., Rolland, L., Rollins, J., Romano, J.D., Romano, R., Romie, J.H., Rosińska, D., Rowan, S., Rüdiger, A., Ruggi, P., Ryan, K., Sakata, S., Sakosky, M., Salemi, F., Sammut, L., Sancho De La Jordana, L., Sandberg, V., Sannibale, V., Santamaría, L., Santostasi, G., Saraf, S., Sassolas, B., Sathyaprakash, B.S., Sato, S., Satterthwaite, M., Saulson, P.R., Savage, R., Schilling, R., Schnabel, R., Schofield, R., Schulz, B., Schutz, B.F., Schwinberg, P., Scott, J., Scott, S.M., Searle, A.C., Seifert, F., Sellers, D., Sengupta, A.S., Sentenac, D., Sergeev, A., Shaddock, D., Shapiro, B., Shawhan, P., Shoemaker, D.H., Sibley, A., Siemens, X., Sigg, D., Singer, A., Sintes, A.M., Skelton, G., Slagmolen, B.J.J., Slutsky, J., Smith, J.R., Smith, M.R., Smith, N.D., Somiya, K., Sorazu, B., Speirits, F.C., Sperandio, L., Stein, A.J., Stein, L.C., Steinlechner, S., Steplewski, S., Stochino, A., Stone, R., Strain, K.A., Strigin, S., Stroeer, A., Sturani, R., Stuver, A.L., Summerscales, T.Z., Sung, M., Susmithan, S., Sutton, P.J., Swinkels, B., Talukder, D., Tanner, D.B., Tarabrin, S.P., Taylor, J.R., Taylor, R., Thomas, P., Thorne, K.A., Thorne, K.S., Thrane, E., Thüring, A., Titsler, C., Tokmakov, K.V., Toncelli, A., Tonelli, M., Torre, O., Torres, C., Torrie, C.I., Tournefier, E., Travasso, F., Traylor, G., Trias, M., Trummer, J., Tseng, K., Turner, L., Ugolini, D., Urbanek, K., Vahlbruch, H., Vaishnav, B., Vajente, G., Vallisneri, M., Van Den Brand, J.F.J., Van Den Broeck, C., Van Der Putten, S., Van Der Sluys, M.V., Van Veggel, A.A., Vass, S., Vaulin, R., Vavoulidis, M., Vecchio, A., Vedovato, G., Veitch, J., Veitch, P.J., Veltkamp, C., Verkindt, D., Vetrano, F., Viceré, A., Villar, A., Vinet, J.-Y., Vocca, H., Vorvick, C., Vyachanin, S.P., Waldman, S.J., Wallace, L., Wanner, A., Ward, R.L., Was, M., Wei, P., Weinert, M., Weinstein, A.J., Weiss, R., Wen, L., Wen, S., Wessels, P., West, M., Westphal, T., Wette, K., Whelan, J.T., Whitcomb, S.E., White, D.J., Whiting, B.F., Wilkinson, C., Willems, P.A., Williams, L., Willke, B., Winkelmann, L., Winkler, W., Wipf, C.C., Wiseman, A.G., Woan, G., Wooley, R., Worden, J., Yakushin, I., Yamamoto, H., Yamamoto, K., Yeaton-Massey, D., Yoshida, S., Yu, P.P., Yvert, M., Zanolin, M., Zhang, L., Zhang, Z., Zhao, C., Zotov, N., Zucker, M.E., Zweizig, J.","Erratum: Search for gravitational waves from compact binary coalescence in LIGO and Virgo data from S5 and VSR1 (Physical Review D - Particles, Fields, Gravitation and Cosmology)",2012,"Physical Review D - Particles, Fields, Gravitation and Cosmology","85","8", 089903,"","",,1,10.1103/PhysRevD.85.089903,"https://www.scopus.com/inward/record.uri?eid=2-s2.0-84860138305&doi=10.1103%2fPhysRevD.85.089903&partnerID=40&md5=8839dd0a02e0c3439b6f768f226058f8",Erratum,Scopus,2-s2.0-84860138305
"Abadie, J., Abbott, B.P., Abbott, R., Abernathy, M., Accadia, T., Acernese, F., Adams, C., Adhikari, R., Ajith, P., Allen, B., Allen, G.S., Amadorceron, E., Amin, R.S., Anderson, S.B., Anderson, W.G., Antonucci, F., Arain, M.A., Araya, M.C., Aronsson, M., Aso, Y., Aston, S.M., Astone, P., Atkinson, D., Aufmuth, P., Aulbert, C., Babak, S., Baker, P., Ballardin, G., Ballinger, T., Ballmer, S., Barker, D., Barnum, S., Barone, F., Barr, B., Barriga, P., Barsotti, L., Barsuglia, M., Barton, M.A., Bartos, I., Bassiri, R., Bastarrika, M., Bauchrowitz, J., Bauer, T.S., Behnke, B., Beker, M.G., Belletoile, A., Benacquista, M., Bertolini, A., Betzwieser, J., Beveridge, N., Beyersdorf, P.T., Bilenko, I.A., Billingsley, G., Birch, J., Birindelli, S., Biswas, R., Bitossi, M., Bizouard, M.A., Black, E., Blackburn, J.K., Blackburn, L., Blair, D., Bland, B., Blom, M., Boccara, C., Bock, O., Bodiya, T.P., Bondarescu, R., Bondu, F., Bonelli, L., Bonnand, R., Bork, R., Born, M., Boschi, V., Bose, S., Bosi, L., Bouhou, B., Boyle, M., Braccini, S., Bradaschia, C., Brady, P.R., Braginsky, V.B., Brau, J.E., Breyer, J., Bridges, D.O., Brillet, A., Brinkmann, M., Brisson, V., Britzger, M., Brooks, A.F., Brown, D.A., Budzyński, R., Bulik, T., Bulten, H.J., Buonanno, A., Burguet-Castell, J., Burmeister, O., Buskulic, D., Buy, C., Byer, R.L., Cadonati, L., Cagnoli, G., Cain, J., Calloni, E., Camp, J.B., Campagna, E., Campsie, P., Cannizzo, J., Cannon, K., Canuel, B., Cao, J., Capano, C., Carbognani, F., Caride, S., Caudill, S., Cavagliá, M., Cavalier, F., Cavalieri, R., Cella, G., Cepeda, C., Cesarini, E., Chaibi, O., Chalermsongsak, T., Chalkley, E., Charlton, P., Chassande-Mottin, E., Chelkowski, S., Chen, Y., Chincarini, A., Christensen, N., Chua, S.S.Y., Chung, C.T.Y., Clark, D., Clark, J., Clayton, J.H., Cleva, F., Coccia, E., Colacino, C.N., Colas, J., Colla, A., Colombini, M., Conte, R., Cook, D., Corbitt, T.R., Cornish, N., Corsi, A., Costa, C.A., Coulon, J.-P., Coward, D.M., Coyne, D.C., Creighton, J.D.E., Creighton, T.D., Cruise, A.M., Culter, R.M., Cumming, A., Cunningham, L., Cuoco, E., Dahl, K., Danilishin, S.L., Dannenberg, R., D'Antonio, S., Danzmann, K., Das, K., Dattilo, V., Daudert, B., Davier, M., Davies, G., Davis, A., Daw, E.J., Day, R., Dayanga, T., De Rosa, R., Debra, D., Debreczeni, G., Degallaix, J., Del Prete, M., Dergachev, V., Derosa, R., Desalvo, R., Devanka, P., Dhurandhar, S., Di Fiore, L., Di Lieto, A., Di Palma, I., Di Paolo Emilio, M., Di Virgilio, A., Díaz, M., Dietz, A., Donovan, F., Dooley, K.L., Doomes, E.E., Dorsher, S., Douglas, E.S.D., Drago, M., Drever, R.W.P., Driggers, J.C., Dueck, J., Dumas, J.-C., Dwyer, S., Eberle, T., Edgar, M., Edwards, M., Effler, A., Ehrens, P., Ely, G., Engel, R., Etzel, T., Evans, M., Evans, T., Fafone, V., Fairhurst, S., Fan, Y., Farr, B.F., Fazi, D., Fehrmann, H., Feldbaum, D., Ferrante, I., Fidecaro, F., Finn, L.S., Fiori, I., Flaminio, R., Flanigan, M., Flasch, K., Foley, S., Forrest, C., Forsi, E., Forte, L.A., Fotopoulos, N., Fournier, J.-D., Franc, J., Frasca, S., Frasconi, F., Frede, M., Frei, M., Frei, Z., Freise, A., Frey, R., Fricke, T.T., Friedrich, D., Fritschel, P., Frolov, V.V., Fulda, P., Fyffe, M., Galimberti, M., Gammaitoni, L., Garofoli, J.A., Garufi, F., Gáspár, M.E., Gemme, G., Genin, E., Gennai, A., Gholami, I., Ghosh, S., Giaime, J.A., Giampanis, S., Giardina, K.D., Giazotto, A., Gill, C., Goetz, E., Goggin, L.M., González, G., Gorodetsky, M.L., Goßler, S., Gouaty, R., Graef, C., Granata, M., Grant, A., Gras, S., Gray, C., Greenhalgh, R.J.S., Gretarsson, A.M., Greverie, C., Grosso, R., Grote, H., Grunewald, S., Guidi, G.M., Gustafson, E.K., Gustafson, R., Hage, B., Hall, P., Hallam, J.M., Hammer, D., Hammond, G., Hanks, J., Hanna, C., Hanson, J., Harms, J., Harry, G.M., Harry, I.W., Harstad, E.D., Haughian, K., Hayama, K., Hayau, J.-F., Hayler, T., Heefner, J., Heitmann, H., Hello, P., Heng, I.S., Heptonstall, A.W., Hewitson, M., Hild, S., Hirose, E., Hoak, D., Hodge, K.A., Holt, K., Hosken, D.J., Hough, J., Howell, E.J., Hoyland, D., Huet, D., Hughey, B., Husa, S., Huttner, S.H., Huynh-Dinh, T., Ingram, D.R., Inta, R., Isogai, T., Ivanov, A., Jaranowski, P., Johnson, W.W., Jones, D.I., Jones, G., Jones, R., Ju, L., Kalmus, P., Kalogera, V., Kandhasamy, S., Kanner, J.B., Katsavounidis, E., Kawabe, K., Kawamura, S., Kawazoe, F., Kells, W., Keppel, D.G., Khalaidovski, A., Khalili, F.Y., Khazanov, E.A., Kim, H., King, P.J., Kinzel, D.L., Kissel, J.S., Klimenko, S., Kondrashov, V., Kopparapu, R., Koranda, S., Kowalska, I., Kozak, D., Krause, T., Kringel, V., Krishnamurthy, S., Krishnan, B., Królak, A., Kuehn, G., Kullman, J., Kumar, R., Kwee, P., Landry, M., Lang, M., Lantz, B., Lastzka, N., Lazzarini, A., Leaci, P., Leong, J., Leonor, I., Leroy, N., Letendre, N., Li, J., Li, T.G.F., Liguori, N., Lin, H., Lindquist, P.E., Lockerbie, N.A., Lodhia, D., Lorenzini, M., Loriette, V., Lormand, M., Losurdo, G., Lu, P., Luan, J., Lubinski, M., Lucianetti, A., Lück, H., Lundgren, A.D., MacHenschalk, B., MacInnis, M., Mageswaran, M., Mailand, K., Majorana, E., Mak, C., Maksimovic, I., Man, N., Mandel, I., Mandic, V., Mantovani, M., Marchesoni, F., Marion, F., Márka, S., Márka, Z., Maros, E., Marque, J., Martelli, F., Martin, I.W., Martin, R.M., Marx, J.N., Mason, K., Masserot, A., Matichard, F., Matone, L., Matzner, R.A., Mavalvala, N., McCarthy, R., McClelland, D.E., McGuire, S.C., McIntyre, G., McIvor, G., McKechan, D.J.A., Meadors, G., Mehmet, M., Meier, T., Melatos, A., Melissinos, A.C., Mendell, G., Menéndez, D.F., Mercer, R.A., Merill, L., Meshkov, S., Messenger, C., Meyer, M.S., Miao, H., Michel, C., Milano, L., Miller, J., Minenkov, Y., Mino, Y., Mitra, S., Mitrofanov, V.P., Mitselmakher, G., Mittleman, R., Moe, B., Mohan, M., Mohanty, S.D., Mohapatra, S.R.P., Moraru, D., Moreau, J., Moreno, G., Morgado, N., Morgia, A., Morioka, T., Mors, K., Mosca, S., Moscatelli, V., Mossavi, K., Mours, B., Mow-Lowry, C.M., Mueller, G., Mukherjee, S., Mullavey, A., Müller-Ebhardt, H., Munch, J., Murray, P.G., Nash, T., Nawrodt, R., Nelson, J., Neri, I., Newton, G., Nishizawa, A., Nocera, F., Nolting, D., Ochsner, E., O'Dell, J., Ogin, G.H., Oldenburg, R.G., O'Reilly, B., O'Shaughnessy, R., Osthelder, C., Ottaway, D.J., Ottens, R.S., Overmier, H., Owen, B.J., Page, A., Pagliaroli, G., Palladino, L., Palomba, C., Pan, Y., Pankow, C., Paoletti, F., Papa, M.A., Pardi, S., Pareja, M., Parisi, M., Pasqualetti, A., Passaquieti, R., Passuello, D., Patel, P., Pathak, D., Pedraza, M., Pekowsky, L., Penn, S., Peralta, C., Perreca, A., Persichetti, G., Pichot, M., Pickenpack, M., Piergiovanni, F., Pietka, M., Pinard, L., Pinto, I.M., Pitkin, M., Pletsch, H.J., Plissi, M.V., Poggiani, R., Postiglione, F., Prato, M., Predoi, V., Price, L.R., Prijatelj, M., Principe, M., Prix, R., Prodi, G.A., Prokhorov, L., Puncken, O., Punturo, M., Puppo, P., Quetschke, V., Raab, F.J., Rabeling, D.S., Rácz, I., Radke, T., Radkins, H., Raffai, P., Rakhmanov, M., Rankins, B., Rapagnani, P., Raymond, V., Re, V., Reed, C.M., Reed, T., Regimbau, T., Reid, S., Reitze, D.H., Ricci, F., Riesen, R., Riles, K., Roberts, P., Robertson, N.A., Robinet, F., Robinson, C., Robinson, E.L., Rocchi, A., Roddy, S., Rolland, L., Rollins, J., Romano, J.D., Romano, R., Romie, J.H., Rosińska, D., Röver, C., Rowan, S., Rüdiger, A., Ruggi, P., Ryan, K., Sakata, S., Sakosky, M., Salemi, F., Sammut, L., Sancho De La Jordana, L., Sandberg, V., Sannibale, V., Santamaría, L., Santostasi, G., Saraf, S., Sassolas, B., Sathyaprakash, B.S., Sato, S., Satterthwaite, M., Saulson, P.R., Savage, R., Schilling, R., Schnabel, R., Schofield, R.M.S., Schulz, B., Schutz, B.F., Schwinberg, P., Scott, J., Scott, S.M., Searle, A.C., Seifert, F., Sellers, D., Sengupta, A.S., Sentenac, D., Sergeev, A., Shaddock, D.A., Shapiro, B., Shawhan, P., Shoemaker, D.H., Sibley, A., Siemens, X., Sigg, D., Singer, A., Sintes, A.M., Skelton, G., Slagmolen, B.J.J., Slutsky, J., Smith, J.R., Smith, M.R., Smith, N.D., Somiya, K., Sorazu, B., Speirits, F.C., Sperandio, L., Stein, A.J., Stein, L.C., Steinlechner, S., Steplewski, S., Stochino, A., Stone, R., Strain, K.A., Strigin, S., Stroeer, A.S., Sturani, R., Stuver, A.L., Summerscales, T.Z., Sung, M., Susmithan, S., Sutton, P.J., Swinkels, B., Szokoly, G.P., Tacca, M., Talukder, D., Tanner, D.B., Tarabrin, S.P., Taylor, J.R., Taylor, R., Thomas, P., Thorne, K.A., Thorne, K.S., Thrane, E., Thüring, A., Titsler, C., Tokmakov, K.V., Toncelli, A., Tonelli, M., Torre, O., Torres, C., Torrie, C.I., Tournefier, E., Travasso, F., Traylor, G., Trias, M., Tseng, K., Turner, L., Ugolini, D., Urbanek, K., Vahlbruch, H., Vaishnav, B., Vajente, G., Vallisneri, M., Van Den Brand, J.F.J., Van Den Broeck, C., Van Der Putten, S., Van Der Sluys, M.V., Van Veggel, A.A., Vass, S., Vasuth, M., Vaulin, R., Vavoulidis, M., Vecchio, A., Vedovato, G., Veitch, J., Veitch, P.J., Veltkamp, C., Verkindt, D., Vetrano, F., Viceré, A., Villar, A.E., Vinet, J.-Y., Vocca, H., Vorvick, C., Vyachanin, S.P., Waldman, S.J., Wallace, L., Wanner, A., Ward, R.L., Was, M., Wei, P., Weinert, M., Weinstein, A.J., Weiss, R., Wen, L., Wen, S., Wessels, P., West, M., Westphal, T., Wette, K., Whelan, J.T., Whitcomb, S.E., White, D., Whiting, B.F., Wilkinson, C., Willems, P.A., Williams, L., Willke, B., Winkelmann, L., Winkler, W., Wipf, C.C., Wiseman, A.G., Woan, G., Wooley, R., Worden, J., Yakushin, I., Yamamoto, H., Yamamoto, K., Yeaton-Massey, D., Yoshida, S., Yu, P., Yvert, M., Zanolin, M., Zhang, L., Zhang, Z., Zhao, C., Zotov, N., Zucker, M.E., Zweizig, J.","Erratum: Search for gravitational waves from binary black hole inspiral, merger, and ringdown (Physical Review D - Particles, Fields, Gravitation and Cosmology)",2012,"Physical Review D - Particles, Fields, Gravitation and Cosmology","85","8", 089904,"","",,,10.1103/PhysRevD.85.089904,"https://www.scopus.com/inward/record.uri?eid=2-s2.0-84860147492&doi=10.1103%2fPhysRevD.85.089904&partnerID=40&md5=ba973153d6c783eb2910ca998acf5540",Erratum,Scopus,2-s2.0-84860147492
"Abadie, J., Abbott, B.P., Abbott, R., Abbott, T.D., Abernathy, M., Accadia, T., Acernese, F., Adams, C., Adhikari, R., Affeldt, C., Agathos, M., Ajith, P., Allen, B., Allen, G.S., Amador Ceron, E., Amariutei, D., Amin, R.S., Anderson, S.B., Anderson, W.G., Arai, K., Arain, M.A., Araya, M.C., Aston, S.M., Astone, P., Atkinson, D., Aufmuth, P., Aulbert, C., Aylott, B.E., Babak, S., Baker, P., Ballardin, G., Ballmer, S., Barker, D., Barone, F., Barr, B., Barriga, P., Barsotti, L., Barsuglia, M., Barton, M.A., Bartos, I., Bassiri, R., Bastarrika, M., Basti, A., Batch, J., Bauchrowitz, J., Bauer, Th.S., Bebronne, M., Behnke, B., Beker, M.G., Bell, A.S., Belletoile, A., Belopolski, I., Benacquista, M., Berliner, J.M., Bertolini, A., Betzwieser, J., Beveridge, N., Beyersdorf, P.T., Bilenko, I.A., Billingsley, G., Birch, J., Biswas, R., Bitossi, M., Bizouard, M.A., Black, E., Blackburn, J.K., Blackburn, L., Blair, D., Bland, B., Blom, M., Bock, O., Bodiya, T.P., Bogan, C., Bondarescu, R., Bondu, F., Bonelli, L., Bonnand, R., Bork, R., Born, M., Boschi, V., Bose, S., Bosi, L., Bouhou, B., Braccini, S., Bradaschia, C., Brady, P.R., Braginsky, V.B., Branchesi, M., Brau, J.E., Breyer, J., Briant, T., Bridges, D.O., Brillet, A., Brinkmann, M., Brisson, V., Britzger, M., Brooks, A.F., Brown, D.A., Brummit, A., Bulik, T., Bulten, H.J., Buonanno, A., Burguet-Castell, J., Burmeister, O., Buskulic, D., Buy, C., Byer, R.L., Cadonati, L., Cagnoli, G., Calloni, E., Camp, J.B., Campsie, P., Cannizzo, J., Cannon, K., Canuel, B., Cao, J., Capano, C.D., Carbognani, F., Caride, S., Caudill, S., Cavaglià, M., Cavalier, F., Cavalieri, R., Cella, G., Cepeda, C., Cesarini, E., Chaibi, O., Chalermsongsak, T., Chalkley, E., Charlton, P., Chassande-Mottin, E., Chelkowski, S., Chen, Y., Chincarini, A., Chiummo, A., Cho, H.S., Christensen, N., Chua, S.S.Y., Chung, C.T.Y., Chung, S., Ciani, G., Clara, F., Clark, D.E., Clark, J., Clayton, J.H., Cleva, F., Coccia, E., Cohadon, P.-F., Colacino, C.N., Colas, J., Colla, A., Colombini, M., Conte, A., Conte, R., Cook, D., Corbitt, T.R., Cordier, M., Cornish, N., Corsi, A., Costa, C.A., Coughlin, M., Coulon, J.-P., Couvares, P., Coward, D.M., Coyne, D.C., Creighton, J.D.E., Creighton, T.D., Cruise, A.M., Cumming, A., Cunningham, L., Cuoco, E., Cutler, R.M., Dahl, K., Danilishin, S.L., Dannenberg, R., D'Antonio, S., Danzmann, K., Dattilo, V., Daudert, B., Daveloza, H., Davier, M., Davies, G., Daw, E.J., Day, R., Dayanga, T., De Rosa, R., Debra, D., Debreczeni, G., Degallaix, J., Del Pozzo, W., Del Prete, M., Dent, T., Dergachev, V., Derosa, R., Desalvo, R., Dhurandhar, S., Di Fiore, L., Di Lieto, A., Di Palma, I., Di Paolo Emilio, M., Di Virgilio, A., Díaz, M., Dietz, A., Diguglielmo, J., Donovan, F., Dooley, K.L., Dorsher, S., Drago, M., Drever, R.W.P., Driggers, J.C., Du, Z., Dumas, J.-C., Dwyer, S., Eberle, T., Edgar, M., Edwards, M., Effler, A., Ehrens, P., Endroczi, G., Engel, R., Etzel, T., Evans, K., Evans, M., Evans, T., Factourovich, M., Fafone, V., Fairhurst, S., Fan, Y., Farr, B.F., Farr, W., Fazi, D., Fehrmann, H., Feldbaum, D., Ferrante, I., Fidecaro, F., Finn, L.S., Fiori, I., Fisher, R.P., Flaminio, R., Flanigan, M., Foley, S., Forsi, E., Forte, L.A., Fotopoulos, N., Fournier, J.-D., Franc, J., Frasca, S., Frasconi, F., Frede, M., Frei, M., Frei, Z., Freise, A., Frey, R., Fricke, T.T., Friedrich, D., Fritschel, P., Frolov, V.V., Fulda, P.J., Fyffe, M., Galimberti, M., Gammaitoni, L., Ganija, M.R., Garcia, J., Garofoli, J.A., Garufi, F., Gáspár, M.E., Gemme, G., Geng, R., Genin, E., Gennai, A., Gergely, L.A., Ghosh, S., Giaime, J.A., Giampanis, S., Giardina, K.D., Giazotto, A., Gill, C., Goetz, E., Goggin, L.M., González, G., Gorodetsky, M.L., Goßler, S., Gouaty, R., Graef, C., Granata, M., Grant, A., Gras, S., Gray, C., Gray, N., Greenhalgh, R.J.S., Gretarsson, A.M., Greverie, C., Grosso, R., Grote, H., Grunewald, S., Guidi, G.M., Guido, C., Gupta, R., Gustafson, E.K., Gustafson, R., Ha, T., Hage, B., Hallam, J.M., Hammer, D., Hammond, G., Hanks, J., Hanna, C., Hanson, J., Harms, J., Harry, G.M., Harry, I.W., Harstad, E.D., Hartman, M.T., Haughian, K., Hayama, K., Hayau, J.-F., Heefner, J., Heidmann, A., Heintze, M.C., Heitmann, H., Hello, P., Hendry, M.A., Heng, I.S., Heptonstall, A.W., Herrera, V., Hewitson, M., Hild, S., Hoak, D., Hodge, K.A., Holt, K., Hong, T., Hooper, S., Hosken, D.J., Hough, J., Howell, E.J., Hughey, B., Husa, S., Huttner, S.H., Huynh-Dinh, T., Ingram, D.R., Inta, R., Isogai, T., Ivanov, A., Izumi, K., Jacobson, M., Jang, H., Jaranowski, P., Johnson, W.W., Jones, D.I., Jones, G., Jones, R., Ju, L., Kalmus, P., Kalogera, V., Kamaretsos, I., Kandhasamy, S., Kang, G., Kanner, J.B., Katsavounidis, E., Katzman, W., Kaufer, H., Kawabe, K., Kawamura, S., Kawazoe, F., Kells, W., Keppel, D.G., Keresztes, Z., Khalaidovski, A., Khalili, F.Y., Khazanov, E.A., Kim, B.K., Kim, C., Kim, D., Kim, H., Kim, K., Kim, N., Kim, Y.M., King, P.J., Kinsey, M., Kinzel, D.L., Kissel, J.S., Klimenko, S., Kokeyama, K., Kondrashov, V., Kopparapu, R., Koranda, S., Korth, W.Z., Kowalska, I., Kozak, D., Kringel, V., Krishnamurthy, S., Krishnan, B., Królak, A., Kuehn, G., Kumar, R., Kwee, P., Lam, P.K., Landry, M., Lang, M., Lantz, B., Lastzka, N., Lawrie, C., Lazzarini, A., Leaci, P., Lee, C.H., Lee, H.M., Leindecker, N., Leong, J.R., Leonor, I., Leroy, N., Letendre, N., Li, J., Li, T.G.F., Liguori, N., Lindquist, P.E., Lockerbie, N.A., Lodhia, D., Lorenzini, M., Loriette, V., Lormand, M., Losurdo, G., Luan, J., Lubinski, M., Lück, H., Lundgren, A.P., MacDonald, E., MacHenschalk, B., MacInnis, M., MacLeod, D.M., Mageswaran, M., Mailand, K., Majorana, E., Maksimovic, I., Man, N., Mandel, I., Mandic, V., Mantovani, M., Marandi, A., Marchesoni, F., Marion, F., Márka, S., Márka, Z., Markosyan, A., Maros, E., Marque, J., Martelli, F., Martin, I.W., Martin, R.M., Marx, J.N., Mason, K., Masserot, A., Matichard, F., Matone, L., Matzner, R.A., Mavalvala, N., Mazzolo, G., McCarthy, R., McClelland, D.E., McGuire, S.C., McIntyre, G., McIver, J., McKechan, D.J.A., Meadors, G.D., Mehmet, M., Meier, T., Melatos, A., Melissinos, A.C., Mendell, G., Menendez, D., Mercer, R.A., Meshkov, S., Messenger, C., Meyer, M.S., Miao, H., Michel, C., Milano, L., Miller, J., Minenkov, Y., Mitrofanov, V.P., Mitselmakher, G., Mittleman, R., Miyakawa, O., Moe, B., Moesta, P., Mohan, M., Mohanty, S.D., Mohapatra, S.R.P., Moraru, D., Moreno, G., Morgado, N., Morgia, A., Mori, T., Mosca, S., Mossavi, K., Mours, B., Mow-Lowry, C.M., Mueller, C.L., Mueller, G., Mukherjee, S., Mullavey, A., Müller-Ebhardt, H., Munch, J., Murphy, D., Murray, P.G., Mytidis, A., Nash, T., Naticchioni, L., Nawrodt, R., Necula, V., Nelson, J., Neri, I., Newton, G., Nishizawa, A., Nocera, F., Nolting, D., Nuttall, L., Ochsner, E., O'Dell, J., Oelker, E., Ogin, G.H., Oh, J.J., Oh, S.H., Oldenburg, R.G., O'Reilly, B., O'Shaughnessy, R., Osthelder, C., Ott, C.D., Ottaway, D.J., Ottens, R.S., Overmier, H., Owen, B.J., Page, A., Pagliaroli, G., Palladino, L., Palomba, C., Pan, Y., Pankow, C., Paoletti, F., Papa, M.A., Parisi, M., Pasqualetti, A., Passaquieti, R., Passuello, D., Patel, P., Pedraza, M., Peiris, P., Pekowsky, L., Penn, S., Peralta, C., Perreca, A., Persichetti, G., Phelps, M., Pichot, M., Pickenpack, M., Piergiovanni, F., Pietka, M., Pinard, L., Pinto, I.M., Pitkin, M., Pletsch, H.J., Plissi, M.V., Poggiani, R., Pöld, J., Postiglione, F., Prato, M., Predoi, V., Price, L.R., Prijatelj, M., Principe, M., Privitera, S., Prix, R., Prodi, G.A., Prokhorov, L.G., Puncken, O., Punturo, M., Puppo, P., Quetschke, V., Raab, F.J., Rabeling, D.S., Rácz, I., Radkins, H., Raffai, P., Rakhmanov, M., Ramet, C.R., Rankins, B., Rapagnani, P., Raymond, V., Re, V., Redwine, K., Reed, C.M., Reed, T., Regimbau, T., Reid, S., Reitze, D.H., Ricci, F., Riesen, R., Riles, K., Robertson, N.A., Robinet, F., Robinson, C., Robinson, E.L., Rocchi, A., Roddy, S., Rodriguez, C., Rodruck, M., Rolland, L., Rollins, J., Romano, J.D., Romano, R., Romie, J.H., Rosińska, D., Röver, C., Rowan, S., Rüdiger, A., Ruggi, P., Ryan, K., Ryll, H., Sainathan, P., Sakosky, M., Salemi, F., Samblowski, A., Sammut, L., Sancho De La Jordana, L., Sandberg, V., Sankar, S., Sannibale, V., Santamaría, L., Santiago-Prieto, I., Santostasi, G., Sassolas, B., Sathyaprakash, B.S., Sato, S., Saulson, P.R., Savage, R.L., Schilling, R., Schlamminger, S., Schnabel, R., Schofield, R.M.S., Schulz, B., Schutz, B.F., Schwinberg, P., Scott, J., Scott, S.M., Searle, A.C., Seifert, F., Sellers, D., Sengupta, A.S., Sentenac, D., Sergeev, A., Shaddock, D.A., Shaltev, M., Shapiro, B., Shawhan, P., Shoemaker, D.H., Sibley, A., Siemens, X., Sigg, D., Singer, A., Singer, L., Sintes, A.M., Skelton, G.R., Slagmolen, B.J.J., Slutsky, J., Smith, J.R., Smith, M.R., Smith, N.D., Smith, R.J.E., Somiya, K., Sorazu, B., Soto, J., Speirits, F.C., Sperandio, L., Stefszky, M., Stein, A.J., Steinert, E., Steinlechner, J., Steinlechner, S., Steplewski, S., Stochino, A., Stone, R., Strain, K.A., Strigin, S.E., Stroeer, A.S., Sturani, R., Stuver, A.L., Summerscales, T.Z., Sung, M., Susmithan, S., Sutton, P.J., Swinkels, B., Tacca, M., Taffarello, L., Talukder, D., Tanner, D.B., Tarabrin, S.P., Taylor, J.R., Taylor, R., Thomas, P., Thorne, K.A., Thorne, K.S., Thrane, E., Thüring, A., Titsler, C., Tokmakov, K.V., Toncelli, A., Tonelli, M., Torre, O., Torres, C., Torrie, C.I., Tournefier, E., Travasso, F., Traylor, G., Trias, M., Tseng, K., Ugolini, D., Urbanek, K., Vahlbruch, H., Vajente, G., Vallisneri, M., Van Den Brand, J.F.J., Van Den Broeck, C., Van Der Putten, S., Van Veggel, A.A., Vass, S., Vasuth, M., Vaulin, R., Vavoulidis, M., Vecchio, A., Vedovato, G., Veitch, J., Veitch, P.J., Veltkamp, C., Verkindt, D., Vetrano, F., Viceré, A., Villar, A.E., Vinet, J.-Y., Vitale, S., Vitale, S., Vocca, H., Vorvick, C., Vyatchanin, S.P., Wade, A., Waldman, S.J., Wallace, L., Wan, Y., Wang, X., Wang, Z., Wanner, A., Ward, R.L., Was, M., Wei, P., Weinert, M., Weinstein, A.J., Weiss, R., Wen, L., Wen, S., Wessels, P., West, M., Westphal, T., Wette, K., Whelan, J.T., Whitcomb, S.E., White, D.J., Whiting, B.F., Wilkinson, C., Willems, P.A., Williams, H.R., Williams, L., Willke, B., Winkelmann, L., Winkler, W., Wipf, C.C., Wiseman, A.G., Wittel, H., Woan, G., Wooley, R., Worden, J., Yablon, J., Yakushin, I., Yamamoto, H., Yamamoto, K., Yang, H., Yeaton-Massey, D., Yoshida, S., Yu, P., Yvert, M., Zadrozny, A., Zanolin, M., Zendri, J.-P., Zhang, F., Zhang, L., Zhang, W., Zhang, Z., Zhao, C., Zotov, N., Zucker, M.E., Zweizig, J., Akerlof, C., Boer, M., Fender, R., Gehrels, N., Klotz, A., Ofek, E.O., Smith, M., Sokolowski, M., Stappers, B.W., Steele, I., Swinbank, J., Wijers, R.A.M.J., Zheng, W.","Implementation and testing of the first prompt search for gravitational wave transients with electromagnetic counterparts",2012,"Astronomy and Astrophysics","539",, A124,"","",,35,10.1051/0004-6361/201118219,"https://www.scopus.com/inward/record.uri?eid=2-s2.0-84859127816&doi=10.1051%2f0004-6361%2f201118219&partnerID=40&md5=c35f40c6a628494df049a2b3c72906f1",Article,Scopus,2-s2.0-84859127816
"Abadie, J., Abbott, B.P., Abbott, R., Abbott, T.D., Abernathy, M., Accadia, T., Acernese, F., Adams, C., Adhikari, R., Affeldt, C., Ajith, P., Allen, B., Allen, G.S., Amador Ceron, E., Amariutei, D., Amin, R.S., Anderson, S.B., Anderson, W.G., Arai, K., Arain, M.A., Araya, M.C., Aston, S.M., Astone, P., Atkinson, D., Aufmuth, P., Aulbert, C., Aylott, B.E., Babak, S., Baker, P., Ballardin, G., Ballmer, S., Barker, D., Barone, F., Barr, B., Barriga, P., Barsotti, L., Barsuglia, M., Barton, M.A., Bartos, I., Bassiri, R., Bastarrika, M., Basti, A., Batch, J., Bauchrowitz, J., Bauer, T.S., Bebronne, M., Behnke, B., Beker, M.G., Bell, A.S., Belletoile, A., Belopolski, I., Benacquista, M., Berliner, J.M., Bertolini, A., Betzwieser, J., Beveridge, N., Beyersdorf, P.T., Bilenko, I.A., Billingsley, G., Birch, J., Biswas, R., Bitossi, M., Bizouard, M.A., Black, E., Blackburn, J.K., Blackburn, L., Blair, D., Bland, B., Blom, M., Bock, O., Bodiya, T.P., Bogan, C., Bondarescu, R., Bondu, F., Bonelli, L., Bonnand, R., Bork, R., Born, M., Boschi, V., Bose, S., Bosi, L., Bouhou, B., Braccini, S., Bradaschia, C., Brady, P.R., Braginsky, V.B., Branchesi, M., Brau, J.E., Breyer, J., Briant, T., Bridges, D.O., Brillet, A., Brinkmann, M., Brisson, V., Britzger, M., Brooks, A.F., Brown, D.A., Brummit, A., Bulik, T., Bulten, H.J., Buonanno, A., Burguet-Castell, J., Burmeister, O., Buskulic, D., Buy, C., Byer, R.L., Cadonati, L., Cagnoli, G., Calloni, E., Camp, J.B., Campsie, P., Cannizzo, J., Cannon, K., Canuel, B., Cao, J., Capano, C.D., Carbognani, F., Caride, S., Caudill, S., Cavaglià, M., Cavalier, F., Cavalieri, R., Cella, G., Cepeda, C., Cesarini, E., Chaibi, O., Chalermsongsak, T., Chalkley, E., Charlton, P., Chassande-Mottin, E., Chelkowski, S., Chen, Y., Chincarini, A., Chiummo, A., Cho, H., Christensen, N., Chua, S.S.Y., Chung, C.T.Y., Chung, S., Ciani, G., Clara, F., Clark, D.E., Clark, J., Clayton, J.H., Cleva, F., Coccia, E., Cohadon, P.-F., Colacino, C.N., Colas, J., Colla, A., Colombini, M., Conte, A., Conte, R., Cook, D., Corbitt, T.R., Cordier, M., Cornish, N., Corsi, A., Costa, C.A., Coughlin, M., Coulon, J.-P., Couvares, P., Coward, D.M., Coyne, D.C., Creighton, J.D.E., Creighton, T.D., Cruise, A.M., Cumming, A., Cunningham, L., Cuoco, E., Cutler, R.M., Dahl, K., Danilishin, S.L., Dannenberg, R., D'Antonio, S., Danzmann, K., Dattilo, V., Daudert, B., Daveloza, H., Davier, M., Davies, G., Daw, E.J., Day, R., Dayanga, T., De Rosa, R., Debra, D., Debreczeni, G., Degallaix, J., Del Pozzo, W., Del Prete, M., Dent, T., Dergachev, V., Derosa, R., Desalvo, R., Dhurandhar, S., Di Fiore, L., Diguglielmo, J., Di Lieto, A., Di Palma, I., Di Paolo Emilio, M., Di Virgilio, A., Díaz, M., Dietz, A., Donovan, F., Dooley, K.L., Dorsher, S., Drago, M., Drever, R.W.P., Driggers, J.C., Du, Z., Dumas, J.-C., Dwyer, S., Eberle, T., Edgar, M., Edwards, M., Effler, A., Ehrens, P., Endroczi, G., Engel, R., Etzel, T., Evans, K., Evans, M., Evans, T., Factourovich, M., Fafone, V., Fairhurst, S., Fan, Y., Farr, B.F., Farr, W., Fazi, D., Fehrmann, H., Feldbaum, D., Ferrante, I., Fidecaro, F., Finn, L.S., Fiori, I., Fisher, R.P., Flaminio, R., Flanigan, M., Foley, S., Forsi, E., Forte, L.A., Fotopoulos, N., Fournier, J.-D., Franc, J., Frasca, S., Frasconi, F., Frede, M., Frei, M., Frei, Z., Freise, A., Frey, R., Fricke, T.T., Friedrich, D., Fritschel, P., Frolov, V.V., Fulda, P.J., Fyffe, M., Galimberti, M., Gammaitoni, L., Ganija, M.R., Garcia, J., Garofoli, J.A., Garufi, F., Gáspár, M.E., Gemme, G., Geng, R., Genin, E., Gennai, A., Gergely, L., Ghosh, S., Giaime, J.A., Giampanis, S., Giardina, K.D., Giazotto, A., Gill, C., Goetz, E., Goggin, L.M., González, G., Gorodetsky, M.L., Goßler, S., Gouaty, R., Graef, C., Granata, M., Grant, A., Gras, S., Gray, C., Gray, N., Greenhalgh, R.J.S., Gretarsson, A.M., Greverie, C., Grosso, R., Grote, H., Grunewald, S., Guidi, G.M., Guido, C., Gupta, R., Gustafson, E.K., Gustafson, R., Ha, T., Hage, B., Hallam, J.M., Hammer, D., Hammond, G., Hanks, J., Hanna, C., Hanson, J., Harms, J., Harry, G.M., Harry, I.W., Harstad, E.D., Hartman, M.T., Haughian, K., Hayama, K., Hayau, J.-F., Hayler, T., Heefner, J., Heidmann, A., Heintze, M.C., Heitmann, H., Hello, P., Hendry, M.A., Heng, I.S., Heptonstall, A.W., Herrera, V., Hewitson, M., Hild, S., Hoak, D., Hodge, K.A., Holt, K., Hong, T., Hooper, S., Hosken, D.J., Hough, J., Howell, E.J., Hughey, B., Husa, S., Huttner, S.H., Huynh-Dinh, T., Ingram, D.R., Inta, R., Isogai, T., Ivanov, A., Izumi, K., Jacobson, M., Jang, H., Jaranowski, P., Johnson, W.W., Jones, D.I., Jones, G., Jones, R., Ju, L., Kalmus, P., Kalogera, V., Kamaretsos, I., Kandhasamy, S., Kang, G., Kanner, J.B., Katsavounidis, E., Katzman, W., Kaufer, H., Kawabe, K., Kawamura, S., Kawazoe, F., Kells, W., Keppel, D.G., Keresztes, Z., Khalaidovski, A., Khalili, F.Y., Khazanov, E.A., Kim, B., Kim, C., Kim, D., Kim, H., Kim, K., Kim, N., Kim, Y.-M., King, P.J., Kinsey, M., Kinzel, D.L., Kissel, J.S., Klimenko, S., Kokeyama, K., Kondrashov, V., Kopparapu, R., Koranda, S., Korth, W.Z., Kowalska, I., Kozak, D., Kringel, V., Krishnamurthy, S., Krishnan, B., Królak, A., Kuehn, G., Kumar, R., Kwee, P., Lam, P.K., Landry, M., Lang, M., Lantz, B., Lastzka, N., Lawrie, C., Lazzarini, A., Leaci, P., Lee, C.H., Lee, H.M., Leindecker, N., Leong, J.R., Leonor, I., Leroy, N., Letendre, N., Li, J., Li, T.G.F., Liguori, N., Lindquist, P.E., Lockerbie, N.A., Lodhia, D., Lorenzini, M., Loriette, V., Lormand, M., Losurdo, G., Luan, J., Lubinski, M., Lück, H., Lundgren, A.P., MacDonald, E., MacHenschalk, B., MacInnis, M., MacLeod, D.M., Mageswaran, M., Mailand, K., Majorana, E., Maksimovic, I., Man, N., Mandel, I., Mandic, V., Mantovani, M., Marandi, A., Marchesoni, F., Marion, F., Márka, S., Márka, Z., Markosyan, A., Maros, E., Marque, J., Martelli, F., Martin, I.W., Martin, R.M., Marx, J.N., Mason, K., Masserot, A., Matichard, F., Matone, L., Matzner, R.A., Mavalvala, N., Mazzolo, G., McCarthy, R., McClelland, D.E., McGuire, S.C., McIntyre, G., McIver, J., McKechan, D.J.A., Meadors, G.D., Mehmet, M., Meier, T., Melatos, A., Melissinos, A.C., Mendell, G., Menendez, D., Mercer, R.A., Meshkov, S., Messenger, C., Meyer, M.S., Miao, H., Michel, C., Milano, L., Miller, J., Minenkov, Y., Mitrofanov, V.P., Mitselmakher, G., Mittleman, R., Miyakawa, O., Moe, B., Moesta, P., Mohan, M., Mohanty, S.D., Mohapatra, S.R.P., Moraru, D., Moreno, G., Morgado, N., Morgia, A., Mori, T., Mosca, S., Mossavi, K., Mours, B., Mow-Lowry, C.M., Mueller, C.L., Mueller, G., Mukherjee, S., Mullavey, A., Müller-Ebhardt, H., Munch, J., Murphy, D., Murray, P.G., Mytidis, A., Nash, T., Naticchioni, L., Nawrodt, R., Necula, V., Nelson, J., Newton, G., Nishizawa, A., Nocera, F., Nolting, D., Nuttall, L., Ochsner, E., O'Dell, J., Oelker, E., Ogin, G.H., Oh, J.J., Oh, S.H., Oldenburg, R.G., O'Reilly, B., O'Shaughnessy, R., Osthelder, C., Ott, C.D., Ottaway, D.J., Ottens, R.S., Overmier, H., Owen, B.J., Page, A., Pagliaroli, G., Palladino, L., Palomba, C., Pan, Y., Pankow, C., Paoletti, F., Papa, M.A., Parisi, M., Pasqualetti, A., Passaquieti, R., Passuello, D., Patel, P., Pedraza, M., Peiris, P., Pekowsky, L., Penn, S., Peralta, C., Perreca, A., Persichetti, G., Phelps, M., Pickenpack, M., Piergiovanni, F., Pietka, M., Pinard, L., Pinto, I.M., Pitkin, M., Pletsch, H.J., Plissi, M.V., Poggiani, R., Pöld, J., Postiglione, F., Prato, M., Predoi, V., Price, L.R., Prijatelj, M., Principe, M., Privitera, S., Prix, R., Prodi, G.A., Prokhorov, L., Puncken, O., Punturo, M., Puppo, P., Quetschke, V., Raab, F.J., Rabeling, D.S., Rácz, I., Radkins, H., Raffai, P., Rakhmanov, M., Ramet, C.R., Rankins, B., Rapagnani, P., Raymond, V., Re, V., Redwine, K., Reed, C.M., Reed, T., Regimbau, T., Reid, S., Reitze, D.H., Ricci, F., Riesen, R., Riles, K., Robertson, N.A., Robinet, F., Robinson, C., Robinson, E.L., Rocchi, A., Roddy, S., Rodriguez, C., Rodruck, M., Rolland, L., Rollins, J., Romano, J.D., Romano, R., Romie, J.H., Rosińska, D., Röver, C., Rowan, S., Rüdiger, A., Ruggi, P., Ryan, K., Ryll, H., Sainathan, P., Sakosky, M., Salemi, F., Samblowski, A., Sammut, L., Sancho De La Jordana, L., Sandberg, V., Sankar, S., Sannibale, V., Santamaría, L., Santiago-Prieto, I., Santostasi, G., Sassolas, B., Sathyaprakash, B.S., Sato, S., Saulson, P.R., Savage, R.L., Schilling, R., Schlamminger, S., Schnabel, R., Schofield, R.M.S., Schulz, B., Schutz, B.F., Schwinberg, P., Scott, J., Scott, S.M., Searle, A.C., Seifert, F., Sellers, D., Sengupta, A.S., Sentenac, D., Sergeev, A., Shaddock, D.A., Shaltev, M., Shapiro, B., Shawhan, P., Shoemaker, D.H., Sibley, A., Siemens, X., Sigg, D., Singer, A., Singer, L., Sintes, A.M., Skelton, G., Slagmolen, B.J.J., Slutsky, J., Smith, J.R., Smith, M.R., Smith, N.D., Smith, R.J.E., Somiya, K., Sorazu, B., Soto, J., Speirits, F.C., Sperandio, L., Stefszky, M., Stein, A.J., Steinert, E., Steinlechner, J., Steinlechner, S., Steplewski, S., Stochino, A., Stone, R., Strain, K.A., Strigin, S., Stroeer, A.S., Sturani, R., Stuver, A.L., Summerscales, T.Z., Sung, M., Susmithan, S., Sutton, P.J., Swinkels, B., Tacca, M., Taffarello, L., Talukder, D., Tanner, D.B., Tarabrin, S.P., Taylor, J.R., Taylor, R., Thomas, P., Thorne, K.A., Thorne, K.S., Thrane, E., Thüring, A., Titsler, C., Tokmakov, K.V., Toncelli, A., Tonelli, M., Torre, O., Torres, C., Torrie, C.I., Tournefier, E., Travasso, F., Traylor, G., Trias, M., Tseng, K., Ugolini, D., Urbanek, K., Vahlbruch, H., Vajente, G., Vallisneri, M., Van Den Brand, J.F.J., Van Den Broeck, C., Van Der Putten, S., Van Veggel, A.A., Vass, S., Vasuth, M., Vaulin, R., Vavoulidis, M., Vecchio, A., Vedovato, G., Veitch, J., Veitch, P.J., Veltkamp, C., Verkindt, D., Vetrano, F., Viceré, A., Villar, A.E., Vinet, J.-Y., Vitale, S., Vitale, S., Vocca, H., Vorvick, C., Vyatchanin, S.P., Wade, A., Waldman, S.J., Wallace, L., Wan, Y., Wang, X., Wang, Z., Wanner, A., Ward, R.L., Was, M., Wei, P., Weinert, M., Weinstein, A.J., Weiss, R., Wen, L., Wen, S., Wessels, P., West, M., Westphal, T., Wette, K., Whelan, J.T., Whitcomb, S.E., White, D., Whiting, B.F., Wilkinson, C., Willems, P.A., Williams, H.R., Williams, L., Willke, B., Winkelmann, L., Winkler, W., Wipf, C.C., Wiseman, A.G., Wittel, H., Woan, G., Wooley, R., Worden, J., Yablon, J., Yakushin, I., Yamamoto, H., Yamamoto, K., Yang, H., Yeaton-Massey, D., Yoshida, S., Yu, P., Yvert, M., Zadrony, A., Zanolin, M., Zendri, J.-P., Zhang, F., Zhang, L., Zhang, W., Zhang, Z., Zhao, C., Zotov, N., Zucker, M.E., Zweizig, J.","All-sky search for periodic gravitational waves in the full S5 LIGO data",2012,"Physical Review D - Particles, Fields, Gravitation and Cosmology","85","2", 022001,"","",,41,10.1103/PhysRevD.85.022001,"https://www.scopus.com/inward/record.uri?eid=2-s2.0-84863011766&doi=10.1103%2fPhysRevD.85.022001&partnerID=40&md5=ae5696c934eb631d8d388052c627e4f7",Article,Scopus,2-s2.0-84863011766
"Abadie, J., Abbott, B.P., Abbott, R., Abernathy, M., Accadia, T., Acernese, F., Adams, C., Adhikari, R., Ajith, P., Allen, B., Allen, G.S., Amador Ceron, E., Amin, R.S., Anderson, S.B., Anderson, W.G., Antonucci, F., Arain, M.A., Araya, M.C., Aronsson, M., Arun, K.G., Aso, Y., Aston, S.M., Astone, P., Atkinson, D., Aufmuth, P., Aulbert, C., Babak, S., Baker, P., Ballardin, G., Ballmer, S., Barker, D., Barnum, S., Barone, F., Barr, B., Barriga, P., Barsotti, L., Barsuglia, M., Barton, M.A., Bartos, I., Bassiri, R., Bastarrika, M., Bauchrowitz, J., Bauer, T.S., Behnke, B., Beker, M.G., Belletoile, A., Benacquista, M., Bertolini, A., Betzwieser, J., Beveridge, N., Beyersdorf, P.T., Bigotta, S., Bilenko, I.A., Billingsley, G., Birch, J., Birindelli, S., Biswas, R., Bitossi, M., Bizouard, M.A., Black, E., Blackburn, J.K., Blackburn, L., Blair, D., Bland, B., Blom, M., Boccara, C., Bock, O., Bodiya, T.P., Bondarescu, R., Bondu, F., Bonelli, L., Bonnand, R., Bork, R., Born, M., Bose, S., Bosi, L., Bouhou, B., Boyle, M., Braccini, S., Bradaschia, C., Brady, P.R., Braginsky, V.B., Brau, J.E., Breyer, J., Bridges, D.O., Brillet, A., Brinkmann, M., Brisson, V., Britzger, M., Brooks, A.F., Brown, D.A., Budzyński, R., Bulik, T., Bulten, H.J., Buonanno, A., Burguet-Castell, J., Burmeister, O., Buskulic, D., Buy, C., Byer, R.L., Cadonati, L., Cagnoli, G., Cain, J., Calloni, E., Camp, J.B., Campagna, E., Campsie, P., Cannizzo, J., Cannon, K., Canuel, B., Cao, J., Capano, C., Carbognani, F., Caride, S., Caudill, S., Cavaglià, M., Cavalier, F., Cavalieri, R., Cella, G., Cepeda, C., Cesarini, E., Chalermsongsak, T., Chalkley, E., Charlton, P., Chassande-Mottin, E., Chelkowski, S., Chen, Y., Chincarini, A., Christensen, N., Chua, S.S.Y., Chung, C.T.Y., Clark, D., Clark, J., Clayton, J.H., Cleva, F., Coccia, E., Colacino, C.N., Colas, J., Colla, A., Colombini, M., Conte, R., Cook, D., Corbitt, T.R., Cornish, N., Corsi, A., Costa, C.A., Coulon, J.-P., Coward, D.M., Coyne, D.C., Creighton, J.D.E., Creighton, T.D., Cruise, A.M., Culter, R.M., Cumming, A., Cunningham, L., Cuoco, E., Dahl, K., Danilishin, S.L., Dannenberg, R., D'antonio, S., Danzmann, K., Das, K., Dattilo, V., Daudert, B., Davier, M., Davies, G., Davis, A., Daw, E.J., Day, R., Dayanga, T., De Rosa, R., Debra, D., Degallaix, J., Del Prete, M., Dergachev, V., Derosa, R., Desalvo, R., Devanka, P., Dhurandhar, S., Di Fiore, L., Di Lieto, A., Di Palma, I., Di Paolo Emilio, M., Di Virgilio, A., Díaz, M., Dietz, A., Donovan, F., Dooley, K.L., Doomes, E.E., Dorsher, S., Douglas, E.S.D., Drago, M., Drever, R.W.P., Driggers, J.C., Dueck, J., Dumas, J.-C., Eberle, T., Edgar, M., Edwards, M., Effler, A., Ehrens, P., Engel, R., Etzel, T., Evans, M., Evans, T., Fafone, V., Fairhurst, S., Fan, Y., Farr, B.F., Fazi, D., Fehrmann, H., Feldbaum, D., Ferrante, I., Fidecaro, F., Finn, L.S., Fiori, I., Flaminio, R., Flanigan, M., Flasch, K., Foley, S., Forrest, C., Forsi, E., Fotopoulos, N., Fournier, J.-D., Franc, J., Frasca, S., Frasconi, F., Frede, M., Frei, M., Frei, Z., Freise, A., Frey, R., Fricke, T.T., Friedrich, D., Fritschel, P., Frolov, V.V., Fulda, P., Fyffe, M., Galimberti, M., Gammaitoni, L., Garofoli, J.A., Garufi, F., Gemme, G., Genin, E., Gennai, A., Gholami, I., Ghosh, S., Giaime, J.A., Giampanis, S., Giardina, K.D., Giazotto, A., Gill, C., Goetz, E., Goggin, L.M., González, G., Gorodetsky, M.L., Goßler, S., Gouaty, R., Graef, C., Granata, M., Grant, A., Gras, S., Gray, C., Greenhalgh, R.J.S., Gretarsson, A.M., Greverie, C., Grosso, R., Grote, H., Grunewald, S., Guidi, G.M., Gustafson, E.K., Gustafson, R., Hage, B., Hall, P., Hallam, J.M., Hammer, D., Hammond, G., Hanks, J., Hanna, C., Hanson, J., Harms, J., Harry, G.M., Harry, I.W., Harstad, E.D., Haughian, K., Hayama, K., Hayau, J.-F., Hayler, T., Heefner, J., Heitmann, H., Hello, P., Heng, I.S., Heptonstall, A.W., Hewitson, M., Hild, S., Hirose, E., Hoak, D., Hodge, K.A., Holt, K., Hosken, D.J., Hough, J., Howell, E.J., Hoyland, D., Huet, D., Hughey, B., Husa, S., Huttner, S.H., Huynh-dinh, T., Ingram, D.R., Inta, R., Isogai, T., Ivanov, A., Jaranowski, P., Johnson, W.W., Jones, D.I., Jones, G., Jones, R., Ju, L., Kalmus, P., Kalogera, V., Kandhasamy, S., Kanner, J.B., Katsavounidis, E., Kawabe, K., Kawamura, S., Kawazoe, F., Kells, W., Keppel, D.G., Khalaidovski, A., Khalili, F.Y., Khazanov, E.A., Kim, H., King, P.J., Kinzel, D.L., Kissel, J.S., Klimenko, S., Kondrashov, V., Kopparapu, R., Koranda, S., Kowalska, I., Kozak, D., Krause, T., Kringel, V., Krishnamurthy, S., Krishnan, B., Królak, A., Kuehn, G., Kullman, J., Kumar, R., Kwee, P., Landry, M., Lang, M., Lantz, B., Lastzka, N., Lazzarini, A., Leaci, P., Leong, J., Leonor, I., Leroy, N., Letendre, N., Li, J., Li, T.G.F., Liguori, N., Lin, H., Lindquist, P.E., Lockerbie, N.A., Lodhia, D., Lorenzini, M., Loriette, V., Lormand, M., Losurdo, G., Lu, P., Luan, J., Lubinski, M., Lucianetti, A., Lück, H., Lundgren, A.D., Machenschalk, B., Macinnis, M., Mageswaran, M., Mailand, K., Majorana, E., Mak, C., Maksimovic, I., Man, N., Mandel, I., Mandic, V., Mantovani, M., Marchesoni, F., Marion, F., Márka, S., Márka, Z., Maros, E., Marque, J., Martelli, F., Martin, I.W., Martin, R.M., Marx, J.N., Mason, K., Masserot, A., Matichard, F., Matone, L., Matzner, R.A., Mavalvala, N., Mccarthy, R., Mcclelland, D.E., Mcguire, S.C., Mcintyre, G., Mcivor, G., Mckechan, D.J.A., Meadors, G., Mehmet, M., Meier, T., Melatos, A., Melissinos, A.C., Mendell, G., Menéndez, D.F., Mercer, R.A., Merill, L., Meshkov, S., Messenger, C., Meyer, M.S., Miao, H., Michel, C., Milano, L., Miller, J., Minenkov, Y., Mino, Y., Mitra, S., Mitrofanov, V.P., Mitselmakher, G., Mittleman, R., Moe, B., Mohan, M., Mohanty, S.D., Mohapatra, S.R.P., Moraru, D., Moreau, J., Moreno, G., Morgado, N., Morgia, A., Morioka, T., Mors, K., Mosca, S., Moscatelli, V., Mossavi, K., Mours, B., Mow-lowry, C.M., Mueller, G., Mukherjee, S., Mullavey, A., Müller-Ebhardt, H., Munch, J., Murray, P.G., Nash, T., Nawrodt, R., Nelson, J., Neri, I., Newton, G., Nishizawa, A., Nocera, F., Nolting, D., Ochsner, E., O'dell, J., Ogin, G.H., Oldenburg, R.G., O'reilly, B., O'shaughnessy, R., Osthelder, C., Ottaway, D.J., Ottens, R.S., Overmier, H., Owen, B.J., Page, A., Pagliaroli, G., Palladino, L., Palomba, C., Pan, Y., Pankow, C., Paoletti, F., Papa, M.A., Pardi, S., Pareja, M., Parisi, M., Pasqualetti, A., Passaquieti, R., Passuello, D., Patel, P., Pathak, D., Pedraza, M., Pekowsky, L., Penn, S., Peralta, C., Perreca, A., Persichetti, G., Pichot, M., Pickenpack, M., Piergiovanni, F., Pietka, M., Pinard, L., Pinto, I.M., Pitkin, M., Pletsch, H.J., Plissi, M.V., Poggiani, R., Postiglione, F., Prato, M., Predoi, V., Price, L.R., Prijatelj, M., Principe, M., Prix, R., Prodi, G.A., Prokhorov, L., Puncken, O., Punturo, M., Puppo, P., Quetschke, V., Raab, F.J., Rabeling, D.S., Radke, T., Radkins, H., Raffai, P., Rakhmanov, M., Rankins, B., Rapagnani, P., Raymond, V., Re, V., Reed, C.M., Reed, T., Regimbau, T., Reid, S., Reitze, D.H., Ricci, F., Riesen, R., Riles, K., Roberts, P., Robertson, N.A., Robinet, F., Robinson, C., Robinson, E.L., Rocchi, A., Roddy, S., Röver, C., Rolland, L., Rollins, J., Romano, J.D., Romano, R., Romie, J.H., Rosińska, D., Rowan, S., Rüdiger, A., Ruggi, P., Ryan, K., Sakata, S., Sakosky, M., Salemi, F., Sammut, L., Sancho De La Jordana, L., Sandberg, V., Sannibale, V., Santamaría, L., Santostasi, G., Saraf, S., Sassolas, B., Sathyaprakash, B.S., Sato, S., Satterthwaite, M., Saulson, P.R., Savage, R., Schilling, R., Schnabel, R., Schofield, R.M.S., Schulz, B., Schutz, B.F., Schwinberg, P., Scott, J., Scott, S.M., Searle, A.C., Seifert, F., Sellers, D., Sengupta, A.S., Sentenac, D., Sergeev, A., Shaddock, D.A., Shapiro, B., Shawhan, P., Shoemaker, D.H., Sibley, A., Siemens, X., Sigg, D., Singer, A., Sintes, A.M., Skelton, G., Slagmolen, B.J.J., Slutsky, J., Smith, J.R., Smith, M.R., Smith, N.D., Somiya, K., Sorazu, B., Speirits, F.C., Sperandio, L., Stein, A.J., Stein, L.C., Steinlechner, S., Steplewski, S., Stochino, A., Stone, R., Strain, K.A., Strigin, S., Stroeer, A.S., Sturani, R., Stuver, A.L., Summerscales, T.Z., Sung, M., Susmithan, S., Sutton, P.J., Swinkels, B., Szokoly, G.P., Talukder, D., Tanner, D.B., Tarabrin, S.P., Taylor, J.R., Taylor, R., Thomas, P., Thorne, K.A., Thorne, K.S., Thrane, E., Thüring, A., Titsler, C., Tokmakov, K.V., Toncelli, A., Tonelli, M., Torre, O., Torres, C., Torrie, C.I., Tournefier, E., Travasso, F., Traylor, G., Trias, M., Trummer, J., Tseng, K., Turner, L., Ugolini, D., Urbanek, K., Vahlbruch, H., Vaishnav, B., Vajente, G., Vallisneri, M., Van Den Brand, J.F.J., Van Den Broeck, C., Van Der Putten, S., Van Der Sluys, M.V., Van Veggel, A.A., Vass, S., Vaulin, R., Vavoulidis, M., Vecchio, A., Vedovato, G., Veitch, J., Veitch, P.J., Veltkamp, C., Verkindt, D., Vetrano, F., Viceré, A., Villar, A.E., Vinet, J.-Y., Vocca, H., Vorvick, C., Vyachanin, S.P., Waldman, S.J., Wallace, L., Wanner, A., Ward, R.L., Was, M., Wei, P., Weinert, M., Weinstein, A.J., Weiss, R., Wen, L., Wen, S., Wessels, P., West, M., Westphal, T., Wette, K., Whelan, J.T., Whitcomb, S.E., White, D., Whiting, B.F., Wilkinson, C., Willems, P.A., Williams, L., Willke, B., Winkelmann, L., Winkler, W., Wipf, C.C., Wiseman, A.G., Woan, G., Wooley, R., Worden, J., Yakushin, I., Yamamoto, H., Yamamoto, K., Yeaton-Massey, D., Yoshida, S., Yu, P., Yvert, M., Zanolin, M., Zhang, L., Zhang, Z., Zhao, C., Zotov, N., Zucker, M.E., Zweizig, J.","Directional limits on persistent gravitational waves using LIGO S5 science data",2011,"Physical Review Letters","107","27", 271102,"","",,49,10.1103/PhysRevLett.107.271102,"https://www.scopus.com/inward/record.uri?eid=2-s2.0-84855275507&doi=10.1103%2fPhysRevLett.107.271102&partnerID=40&md5=f7ef7fa497e60f3e3453abdb803e393a",Article,Scopus,2-s2.0-84855275507
"Abadie, J., Abbott, B.P., Abbott, R., Abernathy, M., Accadia, T., Acernese, F., Adams, C., Adhikari, R., Affeldt, C., Allen, B., Allen, G.S., Ceron, E.A., Amariutei, D., Amin, R.S., Anderson, S.B., Anderson, W.G., Antonucci, F., Arai, K., Arain, M.A., Araya, M.C., Aston, S.M., Astone, P., Atkinson, D., Aufmuth, P., Aulbert, C., Aylott, B.E., Babak, S., Baker, P., Ballardin, G., Ballmer, S., Barker, D., Barnum, S., Barone, F., Barr, B., Barriga, P., Barsotti, L., Barsuglia, M., Barton, M.A., Bartos, I., Bassiri, R., Bastarrika, M., Basti, A., Bauchrowitz, J., Bauer, T.S., Behnke, B., Bejger, M., Beker, M.G., Bell, A.S., Belletoile, A., Belopolski, I., Benacquista, M., Bertolini, A., Betzwieser, J., Beveridge, N., Beyersdorf, P.T., Bilenko, I.A., Billingsley, G., Birch, J., Birindelli, S., Biswas, R., Bitossi, M., Bizouard, M.A., Black, E., Blackburn, J.K., Blackburn, L., Blair, D., Bland, B., Blom, M., Bock, O., Bodiya, T.P., Bogan, C., Bondarescu, R., Bondu, F., Bonelli, L., Bonnand, R., Bork, R., Born, M., Boschi, V., Bose, S., Bosi, L., Bouhou, B., Boyle, M., Braccini, S., Bradaschia, C., Brady, P.R., Braginsky, V.B., Brau, J.E., Breyer, J., Bridges, D.O., Brillet, A., Brinkmann, M., Brisson, V., Britzger, M., Brooks, A.F., Brown, D.A., Brummit, A., Budzyński, R., Bulik, T., Bulten, H.J., Buonanno, A., Burguet-Castell, J., Burmeister, O., Buskulic, D., Buy, C., Byer, R.L., Cadonati, L., Cagnoli, G., Cain, J., Calloni, E., Camp, J.B., Campagna, E., Campsie, P., Cannizzo, J., Cannon, K., Canuel, B., Cao, J., Capano, C., Carbognani, F., Caride, S., Caudill, S., Cavagli, M., Cavalier, F., Cavalieri, R., Cella, G., Cepeda, C., Cesarini, E., Chaibi, O., Chalermsongsak, T., Chalkley, E., Charlton, P., Chassande-Mottin, E., Chelkowski, S., Chen, Y., Chincarini, A., Christensen, N., Chua, S.S.Y., Chung, C.T.Y., Chung, S., Clara, F., Clark, D., Clark, J., Clayton, J.H., Cleva, F., Coccia, E., Colacino, C.N., Colas, J., Colla, A., Colombini, M., Conte, R., Cook, D., Corbitt, T.R., Cornish, N., Corsi, A., Costa, C.A., Coughlin, M., Coulon, J.-P., Coward, D.M., Coyne, D.C., Creighton, J.D.E., Creighton, T.D., Cruise, A.M., Culter, R.M., Cumming, A., Cunningham, L., Cuoco, E., Dahl, K., Danilishin, S.L., Dannenberg, R., D'Antonio, S., Danzmann, K., Das, K., Dattilo, V., Daudert, B., Daveloza, H., Davier, M., Davies, G., Daw, E.J., Day, R., Dayanga, T., De Rosa, R., Debra, D., Debreczeni, G., Degallaix, J., Del Prete, M., Dent, T., Dergachev, V., Derosa, R., Desalvo, R., Dhurandhar, S., Di Fiore, L., Di Lieto, A., Di Palma, I., Di Paolo Emilio, M., Di Virgilio, A., Díaz, M., Dietz, A., Donovan, F., Dooley, K.L., Dorsher, S., Douglas, E.S.D., Drago, M., Drever, R.W.P., Driggers, J.C., Dumas, J.-C., Dwyer, S., Eberle, T., Edgar, M., Edwards, M., Effler, A., Ehrens, P., Engel, R., Etzel, T., Evans, M., Evans, T., Factourovich, M., Fafone, V., Fairhurst, S., Fan, Y., Farr, B.F., Fazi, D., Fehrmann, H., Feldbaum, D., Ferrante, I., Fidecaro, F., Finn, L.S., Fiori, I., Flaminio, R., Flanigan, M., Foley, S., Forsi, E., Forte, L.A., Fotopoulos, N., Fournier, J.-D., Franc, J., Frasca, S., Frasconi, F., Frede, M., Frei, M., Frei, Z., Freise, A., Frey, R., Fricke, T.T., Friedrich, D., Fritschel, P., Frolov, V.V., Fulda, P., Fyffe, M., Galimberti, M., Gammaitoni, L., Garcia, J., Garofoli, J.A., Garufi, F., Gáspár, M.E., Gemme, G., Genin, E., Gennai, A., Ghosh, S., Giaime, J.A., Giampanis, S., Giardina, K.D., Giazotto, A., Gill, C., Goetz, E., Goggin, L.M., González, G., Gorodetsky, M.L., Goßler, S., Gouaty, R., Graef, C., Granata, M., Grant, A., Gras, S., Gray, C., Greenhalgh, R.J.S., Gretarsson, A.M., Greverie, C., Grosso, R., Grote, H., Grunewald, S., Guidi, G.M., Guido, C., Gupta, R., Gustafson, E.K., Gustafson, R., Hage, B., Hallam, J.M., Hammer, D., Hammond, G., Hanks, J., Hanna, C., Hanson, J., Harms, J., Harry, G.M., Harry, I.W., Harstad, E.D., Hartman, M.T., Haughian, K., Hayama, K., Hayau, J.-F., Hayler, T., Heefner, J., Heitmann, H., Hello, P., Hendry, M.A., Heng, I.S., Heptonstall, A.W., Herrera, V., Hewitson, M., Hild, S., Hoak, D., Hodge, K.A., Holt, K., Hong, T., Hooper, S., Hosken, D.J., Hough, J., Howell, E.J., Huet, D., Hughey, B., Husa, S., Huttner, S.H., Ingram, D.R., Inta, R., Isogai, T., Ivanov, A., Jaranowski, P., Johnson, W.W., Jones, D.I., Jones, G., Jones, R., Ju, L., Kalmus, P., Kalogera, V., Kandhasamy, S., Kanner, J.B., Katsavounidis, E., Katzman, W., Kawabe, K., Kawamura, S., Kawazoe, F., Kells, W., Kelner, M., Keppel, D.G., Khalaidovski, A., Khalili, F.Y., Khazanov, E.A., Kim, H., Kim, N., King, P.J., Kinzel, D.L., Kissel, J.S., Klimenko, S., Kondrashov, V., Kopparapu, R., Koranda, S., Korth, W.Z., Kowalska, I., Kozak, D., Kringel, V., Krishnamurthy, S., Krishnan, B., Królak, A., Kuehn, G., Kumar, R., Kwee, P., Landry, M., Lantz, B., Lastzka, N., Lazzarini, A., Leaci, P., Leong, J., Leonor, I., Leroy, N., Letendre, N., Li, J., Li, T.G.F., Liguori, N., Lindquist, P.E., Lockerbie, N.A., Lodhia, D., Lorenzini, M., Loriette, V., Lormand, M., Losurdo, G., Lu, P., Luan, J., Lubinski, M., Lück, H., Lundgren, A.P., MacDonald, E., MacHenschalk, B., MacInnis, M., Mageswaran, M., Mailand, K., Majorana, E., Maksimovic, I., Man, N., Mandel, I., Mandic, V., Mantovani, M., Marandi, A., Marchesoni, F., Marion, F., Márka, S., Márka, Z., Maros, E., Marque, J., Martelli, F., Martin, I.W., Martin, R.M., Marx, J.N., Mason, K., Masserot, A., Matichard, F., Matone, L., Matzner, R.A., Mavalvala, N., McCarthy, R., McClelland, D.E., McGuire, S.C., McIntyre, G., McKechan, D.J.A., Meadors, G., Mehmet, M., Meier, T., Melatos, A., Melissinos, A.C., Mendell, G., Mercer, R.A., Merill, L., Meshkov, S., Messenger, C., Meyer, M.S., Miao, H., Michel, C., Milano, L., Miller, J., Minenkov, Y., Mino, Y., Mitrofanov, V.P., Mitselmakher, G., Mittleman, R., Miyakawa, O., Moe, B., Moesta, P., Mohan, M., Mohanty, S.D., Mohapatra, S.R.P., Moraru, D., Moreno, G., Morgado, N., Morgia, A., Mosca, S., Moscatelli, V., Mossavi, K., Mours, B., Mow-Lowry, C.M., Mueller, G., Mukherjee, S., Mullavey, A., Müller-Ebhardt, H., Munch, J., Murray, P.G., Nash, T., Nawrodt, R., Nelson, J., Neri, I., Newton, G., Nishida, E., Nishizawa, A., Nocera, F., Nolting, D., Ochsner, E., O'Dell, J., Ogin, G.H., Oldenburg, R.G., O'Reilly, B., O'Shaughnessy, R., Osthelder, C., Ott, C.D., Ottaway, D.J., Ottens, R.S., Overmier, H., Owen, B.J., Page, A., Pagliaroli, G., Palladino, L., Palomba, C., Pan, Y., Pankow, C., Paoletti, F., Papa, M.A., Parameswaran, A., Pardi, S., Parisi, M., Pasqualetti, A., Passaquieti, R., Passuello, D., Patel, P., Pathak, D., Pedraza, M., Pekowsky, L., Penn, S., Peralta, C., Perreca, A., Persichetti, G., Phelps, M., Pichot, M., Pickenpack, M., Piergiovanni, F., Pietka, M., Pinard, L., Pinto, I.M., Pitkin, M., Pletsch, H.J., Plissi, M.V., Podkaminer, J., Poggiani, R., Pöld, J., Postiglione, F., Prato, M., Predoi, V., Price, L.R., Prijatelj, M., Principe, M., Privitera, S., Prix, R., Prodi, G.A., Prokhorov, L., Puncken, O., Punturo, M., Puppo, P., Quetschke, V., Raab, F.J., Rabeling, D.S., Rácz, I., Radkins, H., Raffai, P., Rakhmanov, M., Ramet, C.R., Rankins, B., Rapagnani, P., Raymond, V., Re, V., Redwine, K., Reed, C.M., Reed, T., Regimbau, T., Reid, S., Reitze, D.H., Ricci, F., Riesen, R., Riles, K., Roberts, P., Robertson, N.A., Robinet, F., Robinson, C., Robinson, E.L., Rocchi, A., Roddy, S., Rolland, L., Rollins, J., Romano, J.D., Romano, R., Romie, J.H., Rosińska, D., Röver, C., Rowan, S., Rüdiger, A., Ruggi, P., Ryan, K., Sakata, S., Sakosky, M., Salemi, F., Salit, M., Sammut, L., De La Jordana, L.S., Sandberg, V., Sannibale, V., Santamaría, L., Santiago-Prieto, I., Santostasi, G., Saraf, S., Sassolas, B., Sathyaprakash, B.S., Sato, S., Satterthwaite, M., Saulson, P.R., Savage, R., Schilling, R., Schlamminger, S., Schnabel, R., Schofield, R.M.S., Schulz, B., Schutz, B.F., Schwinberg, P., Scott, J., Scott, S.M., Searle, A.C., Seifert, F., Sellers, D., Sengupta, A.S., Sentenac, D., Sergeev, A., Shaddock, D.A., Shaltev, M., Shapiro, B., Shawhan, P., Weerathunga, T.S., Shoemaker, D.H., Sibley, A., Siemens, X., Sigg, D., Singer, A., Singer, L., Sintes, A.M., Skelton, G., Slagmolen, B.J.J., Slutsky, J., Smith, J.R., Smith, M.R., Smith, N.D., Smith, R., Somiya, K., Sorazu, B., Soto, J., Speirits, F.C., Sperandio, L., Stefszky, M., Stein, A.J., Steinlechner, J., Steinlechner, S., Steplewski, S., Stochino, A., Stone, R., Strain, K.A., Strigin, S., Stroeer, A.S., Sturani, R., Stuver, A.L., Summerscales, T.Z., Sung, M., Susmithan, S., Sutton, P.J., Swinkels, B., Szokoly, G.P., Tacca, M., Talukder, D., Tanner, D.B., Tarabrin, S.P., Taylor, J.R., Taylor, R., Thomas, P., Thorne, K.A., Thorne, K.S., Thrane, E., Thüring, A., Titsler, C., Tokmakov, K.V., Toncelli, A., Tonelli, M., Torre, O., Torres, C., Torrie, C.I., Tournefier, E., Travasso, F., Traylor, G., Trias, M., Tseng, K., Turner, L., Ugolini, D., Urbanek, K., Vahlbruch, H., Vaishnav, B., Vajente, G., Vallisneri, M., Van Den Brand, J.F.J., Van Den Broeck, C., Van Der Putten, S., Van Der Sluys, M.V., Vanveggel, A.A., Vass, S., Vasuth, M., Vaulin, R., Vavoulidis, M., Vecchio, A., Vedovato, G., Veitch, J., Veitch, P.J., Veltkamp, C., Verkindt, D., Vetrano, F., Viceré, A., Villar, A.E., Vinet, J.-Y., Vocca, H., Vorvick, C., Vyachanin, S.P., Waldman, S.J., Wallace, L., Wanner, A., Ward, R.L., Was, M., Wei, P., Weinert, M., Weinstein, A.J., Weiss, R., Wen, L., Wen, S., Wessels, P., West, M., Westphal, T., Wette, K., Whelan, J.T., Whitcomb, S.E., White, D., Whiting, B.F., Wilkinson, C., Willems, P.A., Williams, H.R., Williams, L., Willke, B., Winkelmann, L., Winkler, W., Wipf, C.C., Wiseman, A.G., Woan, G., Wooley, R., Worden, J., Yablon, J., Yakushin, I., Yamamoto, H., Yamamoto, K., Yang, H., Yeaton-Massey, D., Yoshida, S., Yu, P., Yvert, M., Zanolin, M., Zhang, L., Zhang, Z., Zhao, C., Zotov, N., Zucker, M.E., Zweizig, J., Buchner, S., Hotan, A., Palfreyman, J.","Beating the spin-down limit on gravitational wave emission from the Vela pulsar",2011,"Astrophysical Journal","737","2", 93,"","",,58,10.1088/0004-637X/737/2/93,"https://www.scopus.com/inward/record.uri?eid=2-s2.0-80052237135&doi=10.1088%2f0004-637X%2f737%2f2%2f93&partnerID=40&md5=bd547cd4733d6f51f561a64a5e1abc8a",Article,Scopus,2-s2.0-80052237135
"Abadie, J., Abbott, B.P., Abbott, R., Abernathy, M., Accadia, T., Acernese, F., Adams, C., Adhikari, R., Affeldt, C., Allen, B., Allen, G.S., Amador Ceron, E., Amariutei, D., Amin, R.S., Anderson, S.B., Anderson, W.G., Antonucci, F., Arai, K., Arain, M.A., Araya, M.C., Aston, S.M., Astone, P., Atkinson, D., Aufmuth, P., Aulbert, C., Aylott, B.E., Babak, S., Baker, P., Ballardin, G., Ballmer, S., Barker, D., Barnum, S., Barone, F., Barr, B., Barriga, P., Barsotti, L., Barsuglia, M., Barton, M.A., Bartos, I., Bassiri, R., Bastarrika, M., Basti, A., Bauchrowitz, J., Bauer, Th.S., Behnke, B., Beker, M.G., Bell, A.S., Belletoile, A., Belopolski, I., Benacquista, M., Bertolini, A., Betzwieser, J., Beveridge, N., Beyersdorf, P.T., Bilenko, I.A., Billingsley, G., Birch, J., Birindelli, S., Biswas, R., Bitossi, M., Bizouard, M.A., Black, E., Blackburn, J.K., Blackburn, L., Blair, D., Bland, B., Blom, M., Bock, O., Bodiya, T.P., Bogan, C., Bondarescu, R., Bondu, F., Bonelli, L., Bonnand, R., Bork, R., Born, M., Boschi, V., Bose, S., Bosi, L., Bouhou, B., Boyle, M., Braccini, S., Bradaschia, C., Brady, P.R., Braginsky, V.B., Brau, J.E., Breyer, J., Bridges, D.O., Brillet, A., Brinkmann, M., Brisson, V., Britzger, M., Brooks, A.F., Brown, D.A., Brummit, A., Budzyński, R., Bulik, T., Bulten, H.J., Buonanno, A., Burguet-Castell, J., Burmeister, O., Buskulic, D., Buy, C., Byer, R.L., Cadonati, L., Cagnoli, G., Cain, J., Calloni, E., Camp, J.B., Campagna, E., Campsie, P., Cannizzo, J., Cannon, K., Canuel, B., Cao, J., Capano, C., Carbognani, F., Caride, S., Caudill, S., Cavaglià, M., Cavalier, F., Cavalieri, R., Cella, G., Cepeda, C., Cesarini, E., Chaibi, O., Chalermsongsak, T., Chalkley, E., Charlton, P., Chassande-Mottin, E., Chelkowski, S., Chen, Y., Chincarini, A., Christensen, N., Chua, S.S.Y., Chung, C.T.Y., Chung, S., Clara, F., Clark, D., Clark, J., Clayton, J.H., Cleva, F., Coccia, E., Colacino, C.N., Colas, J., Colla, A., Colombini, M., Conte, R., Cook, D., Corbitt, T.R., Cornish, N., Corsi, A., Costa, C.A., Coughlin, M., Coulon, J.-P., Coward, D.M., Coyne, D.C., Creighton, J.D.E., Creighton, T.D., Cruise, A.M., Culter, R.M., Cumming, A., Cunningham, L., Cuoco, E., Dahl, K., Danilishin, S.L., Dannenberg, R., D'Antonio, S., Danzmann, K., Das, K., Dattilo, V., Daudert, B., Daveloza, H., Davier, M., Davies, G., Daw, E.J., Day, R., Dayanga, T., De Rosa, R., DeBra, D., Debreczeni, G., Degallaix, J., Del Prete, M., Dent, T., Dergachev, V., DeRosa, R., DeSalvo, R., Dhurandhar, S., Di Fiore, L., Di Lieto, A., Di Palma, I., Di Paolo Emilio, M., Di Virgilio, A., Díaz, M., Dietz, A., Donovan, F., Dooley, K.L., Dorsher, S., Douglas, E.S.D., Drago, M., Drever, R.W.P., Driggers, J.C., Dumas, J.-C., Dwyer, S., Eberle, T., Edgar, M., Edwards, M., Effler, A., Ehrens, P., Engel, R., Etzel, T., Evans, M., Evans, T., Factourovich, M., Fafone, V., Fairhurst, S., Fan, Y., Farr, B.F., Fazi, D., Fehrmann, H., Feldbaum, D., Ferrante, I., Fidecaro, F., Finn, L.S., Fiori, I., Flaminio, R., Flanigan, M., Foley, S., Forsi, E., Forte, L.A., Fotopoulos, N., Fournier, J.-D., Franc, J., Frasca, S., Frasconi, F., Frede, M., Frei, M., Frei, Z., Freise, A., Frey, R., Fricke, T.T., Friedrich, D., Fritschel, P., Frolov, V.V., Fulda, P., Fyffe, M., Galimberti, M., Gammaitoni, L., Garcia, J., Garofoli, J.A., Garufi, F., Gáspár, M.E., Gemme, G., Genin, E., Gennai, A., Ghosh, S., Giaime, J.A., Giampanis, S., Giardina, K.D., Giazotto, A., Gill, C., Goetz, E., Goggin, L.M., González, G., Gorodetsky, M.L., Goßler, S., Gouaty, R., Graef, C., Granata, M., Grant, A., Gras, S., Gray, C., Greenhalgh, R.J.S., Gretarsson, A.M., Greverie, C., Grosso, R., Grote, H., Grunewald, S., Guidi, G.M., Guido, C., Gupta, R., Gustafson, E.K., Gustafson, R., Hage, B., Hallam, J.M., Hammer, D., Hammond, G., Hanks, J., Hanna, C., Hanson, J., Harms, J., Harry, G.M., Harry, I.W., Harstad, E.D., Hartman, M.T., Haughian, K., Hayama, K., Hayau, J.-F., Hayler, T., Heefner, J., Heitmann, H., Hello, P., Hendry, M.A., Heng, I.S., Heptonstall, A.W., Herrera, V., Hewitson, M., Hild, S., Hoak, D., Hodge, K.A., Holt, K., Hong, T., Hooper, S., Hosken, D.J., Hough, J., Howell, E.J., Huet, D., Hughey, B., Husa, S., Huttner, S.H., Ingram, D.R., Inta, R., Isogai, T., Ivanov, A., Jaranowski, P., Johnson, W.W., Jones, D.I., Jones, G., Jones, R., Ju, L., Kalmus, P., Kalogera, V., Kandhasamy, S., Kanner, J.B., Katsavounidis, E., Katzman, W., Kawabe, K., Kawamura, S., Kawazoe, F., Kells, W., Kelner, M., Keppel, D.G., Khalaidovski, A., Khalili, F.Y., Khazanov, E.A., Kim, H., Kim, N., King, P.J., Kinzel, D.L., Kissel, J.S., Klimenko, S., Kondrashov, V., Kopparapu, R., Koranda, S., Korth, W.Z., Kowalska, I., Kozak, D., Kringel, V., Krishnamurthy, S., Krishnan, B., Królak, A., Kuehn, G., Kumar, R., Kwee, P., Landry, M., Lantz, B., Lastzka, N., Lazzarini, A., Leaci, P., Leong, J., Leonor, I., Leroy, N., Letendre, N., Li, J., Li, T.G.F., Liguori, N., Lindquist, P.E., Lockerbie, N.A., Lodhia, D., Lorenzini, M., Loriette, V., Lormand, M., Losurdo, G., Lu, P., Luan, J., Lubinski, M., Lück, H., Lundgren, A.P., Macdonald, E., Machenschalk, B., MacInnis, M., Mageswaran, M., Mailand, K., Majorana, E., Maksimovic, I., Man, N., Mandel, I., Mandic, V., Mantovani, M., Marandi, A., Marchesoni, F., Marion, F., Márka, S., Márka, Z., Maros, E., Marque, J., Martelli, F., Martin, I.W., Martin, R.M., Marx, J.N., Mason, K., Masserot, A., Matichard, F., Matone, L., Matzner, R.A., Mavalvala, N., McCarthy, R., McClelland, D.E., McGuire, S.C., McIntyre, G., McKechan, D.J.A., Meadors, G., Mehmet, M., Meier, T., Melatos, A., Melissinos, A.C., Mendell, G., Mercer, R.A., Merill, L., Meshkov, S., Messenger, C., Meyer, M.S., Miao, H., Michel, C., Milano, L., Miller, J., Minenkov, Y., Mino, Y., Mitrofanov, V.P., Mitselmakher, G., Mittleman, R., Miyakawa, O., Moe, B., Moesta, P., Mohan, M., Mohanty, S.D., Mohapatra, S.R.P., Moraru, D., Moreno, G., Morgado, N., Morgia, A., Mosca, S., Moscatelli, V., Mossavi, K., Mours, B., Mow-Lowry, C.M., Mueller, G., Mukherjee, S., Mullavey, A., Müller-Ebhardt, H., Munch, J., Murray, P.G., Nash, T., Nawrodt, R., Nelson, J., Neri, I., Newton, G., Nishida, E., Nishizawa, A., Nocera, F., Nolting, D., Ochsner, E., O'Dell, J., Ogin, G.H., Oldenburg, R.G., O'Reilly, B., O'Shaughnessy, R., Osthelder, C., Ott, C.D., Ottaway, D.J., Ottens, R.S., Overmier, H., Owen, B.J., Page, A., Pagliaroli, G., Palladino, L., Palomba, C., Pan, Y., Pankow, C., Paoletti, F., Papa, M.A., Parameswaran, A., Pardi, S., Parisi, M., Pasqualetti, A., Passaquieti, R., Passuello, D., Patel, P., Pathak, D., Pedraza, M., Pekowsky, L., Penn, S., Peralta, C., Perreca, A., Persichetti, G., Phelps, M., Pichot, M., Pickenpack, M., Piergiovanni, F., Pietka, M., Pinard, L., Pinto, I.M., Pitkin, M., Pletsch, H.J., Plissi, M.V., Podkaminer, J., Poggiani, R., Pöld, J., Postiglione, F., Prato, M., Predoi, V., Price, L.R., Prijatelj, M., Principe, M., Privitera, S., Prix, R., Prodi, G.A., Prokhorov, L., Puncken, O., Punturo, M., Puppo, P., Quetschke, V., Raab, F.J., Rabeling, D.S., Rácz, I., Radkins, H., Raffai, P., Rakhmanov, M., Ramet, C.R., Rankins, B., Rapagnani, P., Raymond, V., Re, V., Redwine, K., Reed, C.M., Reed, T., Regimbau, T., Reid, S., Reitze, D.H., Ricci, F., Riesen, R., Riles, K., Roberts, P., Robertson, N.A., Robinet, F., Robinson, C., Robinson, E.L., Rocchi, A., Roddy, S., Rolland, L., Rollins, J., Romano, J.D., Romano, R., Romie, J.H., Rosińska, D., Röver, C., Rowan, S., Rüdiger, A., Ruggi, P., Ryan, K., Sakata, S., Sakosky, M., Salemi, F., Salit, M., Sammut, L., Sancho de la Jordana, L., Sandberg, V., Sannibale, V., Santamaría, L., Santiago-Prieto, I., Santostasi, G., Saraf, S., Sassolas, B., Sathyaprakash, B.S., Sato, S., Satterthwaite, M., Saulson, P.R., Savage, R., Schilling, R., Schlamminger, S., Schnabel, R., Schofield, R.M.S., Schulz, B., Schutz, B.F., Schwinberg, P., Scott, J., Scott, S.M., Searle, A.C., Seifert, F., Sellers, D., Sengupta, A.S., Sentenac, D., Sergeev, A., Shaddock, D.A., Shaltev, M., Shapiro, B., Shawhan, P., Shihan Weerathunga, T., Shoemaker, D.H., Sibley, A., Siemens, X., Sigg, D., Singer, A., Singer, L., Sintes, A.M., Skelton, G., Slagmolen, B.J.J., Slutsky, J., Smith, J.R., Smith, M.R., Smith, N.D., Smith, R., Somiya, K., Sorazu, B., Soto, J., Speirits, F.C., Sperandio, L., Stefszky, M., Stein, A.J., Steinlechner, J., Steinlechner, S., Steplewski, S., Stochino, A., Stone, R., Strain, K.A., Strigin, S., Stroeer, A.S., Sturani, R., Stuver, A.L., Summerscales, T.Z., Sung, M., Susmithan, S., Sutton, P.J., Swinkels, B., Szokoly, G.P., Tacca, M., Talukder, D., Tanner, D.B., Tarabrin, S.P., Taylor, J.R., Taylor, R., Thomas, P., Thorne, K.A., Thorne, K.S., Thrane, E., Thüring, A., Titsler, C., Tokmakov, K.V., Toncelli, A., Tonelli, M., Torre, O., Torres, C., Torrie, C.I., Tournefier, E., Travasso, F., Traylor, G., Trias, M., Tseng, K., Turner, L., Ugolini, D., Urbanek, K., Vahlbruch, H., Vaishnav, B., Vajente, G., Vallisneri, M., Van Den Brand, J.F.J., Van Den Broeck, C., Van Der Putten, S., Van Der Sluys, M.V., Van Veggel, A.A., Vass, S., Vasuth, M., Vaulin, R., Vavoulidis, M., Vecchio, A., Vedovato, G., Veitch, J., Veitch, P.J., Veltkamp, C., Verkindt, D., Vetrano, F., Vicere, A., Villar, A.E., Vinet, J.-Y., Vocca, H., Vorvick, C., Vyachanin, S.P., Waldman, S.J., Wallace, L., Wanner, A., Ward, R.L., Was, M., Wei, P., Weinert, M., Weinstein, A.J., Weiss, R., Wen, L., Wen, S., Wessels, P., West, M., Westphal, T., Wette, K., Whelan, J.T., Whitcomb, S.E., White, D., Whiting, B.F., Wilkinson, C., Willems, P.A., Williams, H.R., Williams, L., Willke, B., Winkelmann, L., Winkler, W., Wipf, C.C., Wiseman, A.G., Woan, G., Wooley, R., Worden, J., Yablon, J., Yakushin, I., Yamamoto, H., Yamamoto, K., Yang, H., Yeaton-Massey, D., Yoshida, S., Yu, P., Yvert, M., Zanolin, M., Zhang, L., Zhang, Z., Zhao, C., Zotov, N., Zucker, M.E., Zweizig, J., Aptekar, R.L., Boynton, W.V., Briggs, M.S., Cline, T.L., Connaughton, V., Frederiks, D.D., Gehrels, N., Goldsten, J.O., Golovin, D., Van Der Horst, A.J., Hurley, K.C., Kaneko, Y., Von Kienlin, A., Kouveliotou, C., Krimm, H.A., Lin, L., Mitrofanov, I., Ohno, M., Pal'shin, V.D., Rau, A., Sanin, A., Tashiro, M.S., Terada, Y., Yamaoka, K.","Search for gravitational wave bursts from six magnetars",2011,"Astrophysical Journal Letters","734","2 PART 2", L35,"","",,28,10.1088/2041-8205/734/2/L35,"https://www.scopus.com/inward/record.uri?eid=2-s2.0-79959405183&doi=10.1088%2f2041-8205%2f734%2f2%2fL35&partnerID=40&md5=0e6cf3fc93acf44324939b1e27392956",Article,Scopus,2-s2.0-79959405183
"Abadie, J., Abbott, B.P., Abbott, R., Abernathy, M., Accadia, T., Acernese, F., Adams, C., Adhikari, R., Ajith, P., Allen, B., Allen, G.S., Amador Ceron, E., Amin, R.S., Anderson, S.B., Anderson, W.G., Antonucci, F., Arain, M.A., Araya, M.C., Aronsson, M., Aso, Y., Aston, S.M., Astone, P., Atkinson, D., Aufmuth, P., Aulbert, C., Babak, S., Baker, P., Ballardin, G., Ballinger, T., Ballmer, S., Barker, D., Barnum, S., Barone, F., Barr, B., Barriga, P., Barsotti, L., Barsuglia, M., Barton, M.A., Bartos, I., Bassiri, R., Bastarrika, M., Bauchrowitz, J., Bauer, T.S., Behnke, B., Beker, M.G., Belletoile, A., Benacquista, M., Bertolini, A., Betzwieser, J., Beveridge, N., Beyersdorf, P.T., Bilenko, I.A., Billingsley, G., Birch, J., Birindelli, S., Biswas, R., Bitossi, M., Bizouard, M.A., Black, E., Blackburn, J.K., Blackburn, L., Blair, D., Bland, B., Blom, M., Boccara, C., Bock, O., Bodiya, T.P., Bondarescu, R., Bondu, F., Bonelli, L., Bonnand, R., Bork, R., Born, M., Boschi, V., Bose, S., Bosi, L., Bouhou, B., Boyle, M., Braccini, S., Bradaschia, C., Brady, P.R., Braginsky, V.B., Brau, J.E., Breyer, J., Bridges, D.O., Brillet, A., Brinkmann, M., Brisson, V., Britzger, M., Brooks, A.F., Brown, D.A., Budzyński, R., Bulik, T., Bulten, H.J., Buonanno, A., Burguet-Castell, J., Burmeister, O., Buskulic, D., Buy, C., Byer, R.L., Cadonati, L., Cagnoli, G., Cain, J., Calloni, E., Camp, J.B., Campagna, E., Campsie, P., Cannizzo, J., Cannon, K., Canuel, B., Cao, J., Capano, C., Carbognani, F., Caride, S., Caudill, S., Cavaglià, M., Cavalier, F., Cavalieri, R., Cella, G., Cepeda, C., Cesarini, E., Chaibi, O., Chalermsongsak, T., Chalkley, E., Charlton, P., Chassande-Mottin, E., Chelkowski, S., Chen, Y., Chincarini, A., Christensen, N., Chua, S.S.Y., Chung, C.T.Y., Clark, D., Clark, J., Clayton, J.H., Cleva, F., Coccia, E., Colacino, C.N., Colas, J., Colla, A., Colombini, M., Conte, R., Cook, D., Corbitt, T.R., Cornish, N., Corsi, A., Costa, C.A., Coulon, J.-P., Coward, D.M., Coyne, D.C., Creighton, J.D.E., Creighton, T.D., Cruise, A.M., Culter, R.M., Cumming, A., Cunningham, L., Cuoco, E., Dahl, K., Danilishin, S.L., Dannenberg, R., D'antonio, S., Danzmann, K., Das, K., Dattilo, V., Daudert, B., Davier, M., Davies, G., Davis, A., Daw, E.J., Day, R., Dayanga, T., Derosa, R., Debra, D., Debreczeni, G., Degallaix, J., Del Prete, M., Dergachev, V., Derosa, R., Desalvo, R., Devanka, P., Dhurandhar, S., Difiore, L., Dilieto, A., Dipalma, I., Dipaoloemilio, M., Divirgilio, A., Díaz, M., Dietz, A., Donovan, F., Dooley, K.L., Doomes, E.E., Dorsher, S., Douglas, E.S.D., Drago, M., Drever, R.W.P., Driggers, J.C., Dueck, J., Dumas, J.-C., Eberle, T., Edgar, M., Edwards, M., Effler, A., Ehrens, P., Ely, G., Engel, R., Etzel, T., Evans, M., Evans, T., Fafone, V., Fairhurst, S., Fan, Y., Farr, B.F., Fazi, D., Fehrmann, H., Feldbaum, D., Ferrante, I., Fidecaro, F., Finn, L.S., Fiori, I., Flaminio, R., Flanigan, M., Flasch, K., Foley, S., Forrest, C., Forsi, E., Forte, L.A., Fotopoulos, N., Fournier, J.-D., Franc, J., Frasca, S., Frasconi, F., Frede, M., Frei, M., Frei, Z., Freise, A., Frey, R., Fricke, T.T., Friedrich, D., Fritschel, P., Frolov, V.V., Fulda, P., Fyffe, M., Galimberti, M., Gammaitoni, L., Garofoli, J.A., Garufi, F., Gáspár, M.E., Gemme, G., Genin, E., Gennai, A., Gholami, I., Ghosh, S., Giaime, J.A., Giampanis, S., Giardina, K.D., Giazotto, A., Gill, C., Goetz, E., Goggin, L.M., González, G., Gorodetsky, M.L., Goßler, S., Gouaty, R., Graef, C., Granata, M., Grant, A., Gras, S., Gray, C., Greenhalgh, R.J.S., Gretarsson, A.M., Greverie, C., Grosso, R., Grote, H., Grunewald, S., Guidi, G.M., Gustafson, E.K., Gustafson, R., Hage, B., Hall, P., Hallam, J.M., Hammer, D., Hammond, G., Hanks, J., Hanna, C., Hanson, J., Harms, J., Harry, G.M., Harry, I.W., Harstad, E.D., Haughian, K., Hayama, K., Hayau, J.-F., Hayler, T., Heefner, J., Heitmann, H., Hello, P., Heng, I.S., Heptonstall, A.W., Hewitson, M., Hild, S., Hirose, E., Hoak, D., Hodge, K.A., Holt, K., Hosken, D.J., Hough, J., Howell, E.J., Hoyland, D., Huet, D., Hughey, B., Husa, S., Huttner, S.H., Huynh-Dinh, T., Ingram, D.R., Inta, R., Isogai, T., Ivanov, A., Jaranowski, P., Johnson, W.W., Jones, D.I., Jones, G., Jones, R., Ju, L., Kalmus, P., Kalogera, V., Kandhasamy, S., Kanner, J.B., Katsavounidis, E., Kawabe, K., Kawamura, S., Kawazoe, F., Kells, W., Keppel, D.G., Khalaidovski, A., Khalili, F.Y., Khazanov, E.A., Kim, H., King, P.J., Kinzel, D.L., Kissel, J.S., Klimenko, S., Kondrashov, V., Kopparapu, R., Koranda, S., Kowalska, I., Kozak, D., Krause, T., Kringel, V., Krishnamurthy, S., Krishnan, B., Królak, A., Kuehn, G., Kullman, J., Kumar, R., Kwee, P., Landry, M., Lang, M., Lantz, B., Lastzka, N., Lazzarini, A., Leaci, P., Leong, J., Leonor, I., Leroy, N., Letendre, N., Li, J., Li, T.G.F., Liguori, N., Lin, H., Lindquist, P.E., Lockerbie, N.A., Lodhia, D., Lorenzini, M., Loriette, V., Lormand, M., Losurdo, G., Lu, P., Luan, J., Lubinski, M., Lucianetti, A., Lück, H., Lundgren, A.D., Machenschalk, B., Macinnis, M., Mageswaran, M., Mailand, K., Majorana, E., Mak, C., Maksimovic, I., Man, N., Mandel, I., Mandic, V., Mantovani, M., Marchesoni, F., Marion, F., Márka, S., Márka, Z., Maros, E., Marque, J., Martelli, F., Martin, I.W., Martin, R.M., Marx, J.N., Mason, K., Masserot, A., Matichard, F., Matone, L., Matzner, R.A., Mavalvala, N., Mccarthy, R., Mcclelland, D.E., Mcguire, S.C., Mcintyre, G., Mcivor, G., Mckechan, D.J.A., Meadors, G., Mehmet, M., Meier, T., Melatos, A., Melissinos, A.C., Mendell, G., Menéndez, D.F., Mercer, R.A., Merill, L., Meshkov, S., Messenger, C., Meyer, M.S., Miao, H., Michel, C., Milano, L., Miller, J., Minenkov, Y., Mino, Y., Mitra, S., Mitrofanov, V.P., Mitselmakher, G., Mittleman, R., Moe, B., Mohan, M., Mohanty, S.D., Mohapatra, S.R.P., Moraru, D., Moreau, J., Moreno, G., Morgado, N., Morgia, A., Morioka, T., Mors, K., Mosca, S., Moscatelli, V., Mossavi, K., Mours, B., Mow-lowry, C.M., Mueller, G., Mukherjee, S., Mullavey, A., Müller-Ebhardt, H., Munch, J., Murray, P.G., Nash, T., Nawrodt, R., Nelson, J., Neri, I., Newton, G., Nishizawa, A., Nocera, F., Nolting, D., Ochsner, E., O'dell, J., Ogin, G.H., Oldenburg, R.G., O'reilly, B., O'shaughnessy, R., Osthelder, C., Ottaway, D.J., Ottens, R.S., Overmier, H., Owen, B.J., Page, A., Pagliaroli, G., Palladino, L., Palomba, C., Pan, Y., Pankow, C., Paoletti, F., Papa, M.A., Pardi, S., Pareja, M., Parisi, M., Pasqualetti, A., Passaquieti, R., Passuello, D., Patel, P., Pathak, D., Pedraza, M., Pekowsky, L., Penn, S., Peralta, C., Perreca, A., Persichetti, G., Pichot, M., Pickenpack, M., Piergiovanni, F., Pietka, M., Pinard, L., Pinto, I.M., Pitkin, M., Pletsch, H.J., Plissi, M.V., Poggiani, R., Postiglione, F., Prato, M., Predoi, V., Price, L.R., Prijatelj, M., Principe, M., Prix, R., Prodi, G.A., Prokhorov, L., Puncken, O., Punturo, M., Puppo, P., Quetschke, V., Raab, F.J., Rabeling, D.S., Rácz, I., Radke, T., Radkins, H., Raffai, P., Rakhmanov, M., Rankins, B., Rapagnani, P., Raymond, V., Re, V., Reed, C.M., Reed, T., Regimbau, T., Reid, S., Reitze, D.H., Ricci, F., Riesen, R., Riles, K., Roberts, P., Robertson, N.A., Robinet, F., Robinson, C., Robinson, E.L., Rocchi, A., Roddy, S., Rolland, L., Rollins, J., Romano, J.D., Romano, R., Romie, J.H., Rosińska, D., Röver, C., Rowan, S., Rüdiger, A., Ruggi, P., Ryan, K., Sakata, S., Sakosky, M., Salemi, F., Sammut, L., Sancho De La Jordana, L., Sandberg, V., Sannibale, V., Santamaría, L., Santostasi, G., Saraf, S., Sassolas, B., Sathyaprakash, B.S., Sato, S., Satterthwaite, M., Saulson, P.R., Savage, R., Schilling, R., Schnabel, R., Schofield, R.M.S., Schulz, B., Schutz, B.F., Schwinberg, P., Scott, J., Scott, S.M., Searle, A.C., Seifert, F., Sellers, D., Sengupta, A.S., Sentenac, D., Sergeev, A., Shaddock, D.A., Shapiro, B., Shawhan, P., Shoemaker, D.H., Sibley, A., Siemens, X., Sigg, D., Singer, A., Sintes, A.M., Skelton, G., Slagmolen, B.J.J., Slutsky, J., Smith, J.R., Smith, M.R., Smith, N.D., Somiya, K., Sorazu, B., Speirits, F.C., Sperandio, L., Stein, A.J., Stein, L.C., Steinlechner, S., Steplewski, S., Stochino, A., Stone, R., Strain, K.A., Strigin, S., Stroeer, A.S., Sturani, R., Stuver, A.L., Summerscales, T.Z., Sung, M., Susmithan, S., Sutton, P.J., Swinkels, B., Szokoly, G.P., Tacca, M., Talukder, D., Tanner, D.B., Tarabrin, S.P., Taylor, J.R., Taylor, R., Thomas, P., Thorne, K.A., Thorne, K.S., Thrane, E., Thüring, A., Titsler, C., Tokmakov, K.V., Toncelli, A., Tonelli, M., Torre, O., Torres, C., Torrie, C.I., Tournefier, E., Travasso, F., Traylor, G., Trias, M., Tseng, K., Turner, L., Ugolini, D., Urbanek, K., Vahlbruch, H., Vaishnav, B., Vajente, G., Vallisneri, M., Van Den Brand, J.F.J., Vandenbroeck, C., Van Der Putten, S., Van Der Sluys, M.V., Van Veggel, A.A., Vass, S., Vasuth, M., Vaulin, R., Vavoulidis, M., Vecchio, A., Vedovato, G., Veitch, J., Veitch, P.J., Veltkamp, C., Verkindt, D., Vetrano, F., Viceré, A., Villar, A.E., Vinet, J.-Y., Vocca, H., Vorvick, C., Vyachanin, S.P., Waldman, S.J., Wallace, L., Wanner, A., Ward, R.L., Was, M., Wei, P., Weinert, M., Weinstein, A.J., Weiss, R., Wen, L., Wen, S., Wessels, P., West, M., Westphal, T., Wette, K., Whelan, J.T., Whitcomb, S.E., White, D., Whiting, B.F., Wilkinson, C., Willems, P.A., Williams, L., Willke, B., Winkelmann, L., Winkler, W., Wipf, C.C., Wiseman, A.G., Woan, G., Wooley, R., Worden, J., Yakushin, I., Yamamoto, H., Yamamoto, K., Yeaton-Massey, D., Yoshida, S., Yu, P., Yvert, M., Zanolin, M., Zhang, L., Zhang, Z., Zhao, C., Zotov, N., Zucker, M.E., Zweizig, J.","Search for gravitational waves from binary black hole inspiral, merger, and ringdown",2011,"Physical Review D - Particles, Fields, Gravitation and Cosmology","83","12", 122005,"","",,57,10.1103/PhysRevD.83.122005,"https://www.scopus.com/inward/record.uri?eid=2-s2.0-79960823290&doi=10.1103%2fPhysRevD.83.122005&partnerID=40&md5=1e0dc9830376ba53a1cc859fccf5fe04",Article,Scopus,2-s2.0-79960823290
"Abadie, J., Abbott, B.P., Abbott, R., Adhikari, R., Ajith, P., Allen, B., Allen, G., Amador Ceron, E., Amin, R.S., Anderson, S.B., Anderson, W.G., Arain, M.A., Araya, M., Aso, Y., Aston, S., Aufmuth, P., Aulbert, C., Babak, S., Baker, P., Ballmer, S., Barker, D., Barr, B., Barriga, P., Barsotti, L., Barton, M.A., Bartos, I., Bassiri, R., Bastarrika, M., Behnke, B., Benacquista, M., Bennett, M.F., Betzwieser, J., Beyersdorf, P.T., Bilenko, I.A., Billingsley, G., Biswas, R., Black, E., Blackburn, J.K., Blackburn, L., Blair, D., Bland, B., Bock, O., Bodiya, T.P., Bondarescu, R., Bork, R., Born, M., Bose, S., Brady, P.R., Braginsky, V.B., Brau, J.E., Breyer, J., Bridges, D.O., Brinkmann, M., Britzger, M., Brooks, A.F., Brown, D.A., Bullington, A., Buonanno, A., Burmeister, O., Byer, R.L., Cadonati, L., Cain, J., Camp, J.B., Cannizzo, J., Cannon, K.C., Cao, J., Capano, C., Cardenas, L., Caudill, S., Cavaglià, M., Cepeda, C., Chalermsongsak, T., Chalkley, E., Charlton, P., Chatterji, S., Chelkowski, S., Chen, Y., Christensen, N., Chua, S.S.Y., Chung, C.T.Y., Clark, D., Clark, J., Clayton, J.H., Conte, R., Cook, D., Corbitt, T.R.C., Cornish, N., Coward, D., Coyne, D.C., Creighton, J.D.E., Creighton, T.D., Cruise, A.M., Culter, R.M., Cumming, A., Cunningham, L., Dahl, K., Danilishin, S.L., Danzmann, K., Daudert, B., Davies, G., Daw, E.J., Dayanga, T., Debra, D., Degallaix, J., Dergachev, V., Desalvo, R., Dhurandhar, S., Díaz, M., Donovan, F., Dooley, K.L., Doomes, E.E., Drever, R.W.P., Driggers, J., Dueck, J., Duke, I., Dumas, J.-C., Edgar, M., Edwards, M., Effler, A., Ehrens, P., Etzel, T., Evans, M., Evans, T., Fairhurst, S., Faltas, Y., Fan, Y., Fazi, D., Fehrmann, H., Finn, L.S., Flasch, K., Foley, S., Forrest, C., Fotopoulos, N., Frede, M., Frei, M., Frei, Z., Freise, A., Frey, R., Fricke, T.T., Friedrich, D., Fritschel, P., Frolov, V.V., Fulda, P., Fyffe, M., Garofoli, J.A., Ghosh, S., Giaime, J.A., Giampanis, S., Giardina, K.D., Goetz, E., Goggin, L.M., González, G., Goßler, S., Grant, A., Gras, S., Gray, C., Greenhalgh, R.J.S., Gretarsson, A.M., Grosso, R., Grote, H., Grunewald, S., Gustafson, E.K., Gustafson, R., Hage, B., Hallam, J.M., Hammer, D., Hammond, G.D., Hanna, C., Hanson, J., Harms, J., Harry, G.M., Harry, I.W., Harstad, E.D., Haughian, K., Hayama, K., Hayler, T., Heefner, J., Heng, I.S., Heptonstall, A., Hewitson, M., Hild, S., Hirose, E., Hoak, D., Hodge, K.A., Holt, K., Hosken, D.J., Hough, J., Howell, E., Hoyland, D., Hughey, B., Husa, S., Huttner, S.H., Ingram, D.R., Isogai, T., Ivanov, A., Johnson, W.W., Jones, D.I., Jones, G., Jones, R., Ju, L., Kalmus, P., Kalogera, V., Kandhasamy, S., Kanner, J., Katsavounidis, E., Kawabe, K., Kawamura, S., Kawazoe, F., Kells, W., Keppel, D.G., Khalaidovski, A., Khalili, F.Y., Khan, R., Khazanov, E., Kim, H., King, P.J., Kissel, J.S., Klimenko, S., Kokeyama, K., Kondrashov, V., Kopparapu, R., Koranda, S., Kozak, D., Kringel, V., Krishnan, B., Kuehn, G., Kullman, J., Kumar, R., Kwee, P., Lam, P.K., Landry, M., Lang, M., Lantz, B., Lastzka, N., Lazzarini, A., Leaci, P., Lei, M., Leindecker, N., Leonor, I., Lin, H., Lindquist, P.E., Littenberg, T.B., Lockerbie, N.A., Lodhia, D., Lormand, M., Lu, P., Lubinski, M., Lucianetti, A., Lück, H., Lundgren, A., MacHenschalk, B., MacInnis, M., Mageswaran, M., Mailand, K., Mak, C., Mandel, I., Mandic, V., Márka, S., Márka, Z., Markosyan, A., Markowitz, J., Maros, E., Martin, I.W., Martin, R.M., Marx, J.N., Mason, K., Matichard, F., Matone, L., Matzner, R.A., Mavalvala, N., McCarthy, R., McClelland, D.E., McGuire, S.C., McIntyre, G., McKechan, D.J.A., Mehmet, M., Melatos, A., Melissinos, A.C., Mendell, G., Menéndez, D.F., Mercer, R.A., Merrill, L., Meshkov, S., Messenger, C., Meyer, M.S., Miao, H., Miller, J., Mino, Y., Mitra, S., Mitrofanov, V.P., Mitselmakher, G., Mittleman, R., Miyakawa, O., Moe, B., Mohanty, S.D., Mohapatra, S.R.P., Moreno, G., Mors, K., Mossavi, K., Mowlowry, C., Mueller, G., Müller-Ebhardt, H., Mukherjee, S., Mullavey, A., Munch, J., Murray, P.G., Nash, T., Nawrodt, R., Nelson, J., Newton, G., Nishida, E., Nishizawa, A., O'Dell, J., O'Reilly, B., O'Shaughnessy, R., Ochsner, E., Ogin, G.H., Oldenburg, R., Ottaway, D.J., Ottens, R.S., Overmier, H., Owen, B.J., Page, A., Pan, Y., Pankow, C., Papa, M.A., Patel, P., Pathak, D., Pedraza, M., Pekowsky, L., Penn, S., Peralta, C., Perreca, A., Pickenpack, M., Pinto, I.M., Pitkin, M., Pletsch, H.J., Plissi, M.V., Postiglione, F., Principe, M., Prix, R., Prokhorov, L., Puncken, O., Quetschke, V., Raab, F.J., Rabeling, D.S., Radkins, H., Raffai, P., Raics, Z., Rakhmanov, M., Raymond, V., Reed, C.M., Reed, T., Rehbein, H., Reid, S., Reitze, D.H., Riesen, R., Riles, K., Roberts, P., Robertson, N.A., Robinson, C., Robinson, E.L., Roddy, S., Röver, C., Rollins, J., Romano, J.D., Romie, J.H., Rowan, S., Rüdiger, A., Ryan, K., Sakata, S., Sammut, L., Sancho De La Jordana, L., Sandberg, V., Sannibale, V., Santamaría, L., Santostasi, G., Saraf, S., Sarin, P., Sathyaprakash, B.S., Sato, S., Satterthwaite, M., Saulson, P.R., Savage, R., Schilling, R., Schnabel, R., Schofield, R., Schulz, B., Schutz, B.F., Schwinberg, P., Scott, J., Scott, S.M., Searle, A.C., Seifert, F., Sellers, D., Sengupta, A.S., Sergeev, A., Shapiro, B., Shawhan, P., Shoemaker, D.H., Sibley, A., Siemens, X., Sigg, D., Sintes, A.M., Skelton, G., Slagmolen, B.J.J., Slutsky, J., Smith, J.R., Smith, M.R., Smith, N.D., Somiya, K., Sorazu, B., Speirits, F., Stein, A.J., Stein, L.C., Steplewski, S., Stochino, A., Stone, R., Strain, K.A., Strigin, S., Stroeer, A., Stuver, A.L., Summerscales, T.Z., Sung, M., Susmithan, S., Sutton, P.J., Szokoly, G.P., Talukder, D., Tanner, D.B., Tarabrin, S.P., Taylor, J.R., Taylor, R., Thorne, K.A., Thorne, K.S., Thüring, A., Titsler, C., Tokmakov, K.V., Torres, C., Torrie, C.I., Traylor, G., Trias, M., Turner, L., Ugolini, D., Urbanek, K., Vahlbruch, H., Vallisneri, M., Van Den Broeck, C., Van Der Sluys, M.V., Van Veggel, A.A., Vass, S., Vaulin, R., Vecchio, A., Veitch, J., Veitch, P.J., Veltkamp, C., Villar, A., Vorvick, C., Vyachanin, S.P., Waldman, S.J., Wallace, L., Wanner, A., Ward, R.L., Wei, P., Weinert, M., Weinstein, A.J., Weiss, R., Wen, L., Wen, S., Wessels, P., West, M., Westphal, T., Wette, K., Whelan, J.T., Whitcomb, S.E., Whiting, B.F., Wilkinson, C., Willems, P.A., Williams, H.R., Williams, L., Willke, B., Wilmut, I., Winkelmann, L., Winkler, W., Wipf, C.C., Wiseman, A.G., Woan, G., Wooley, R., Worden, J., Yakushin, I., Yamamoto, H., Yamamoto, K., Yeaton-Massey, D., Yoshida, S., Zanolin, M., Zhang, L., Zhang, Z., Zhao, C., Zotov, N., Zucker, M.E., Zweizig, J., Buchner, S.","Erratum: Search for gravitational waves associated with the August 2006 timing glitch of the Vela pulsar (Physical Review D (2011) 83 (042001))",2011,"Physical Review D - Particles, Fields, Gravitation and Cosmology","83","6", 069902,"","",,,10.1103/PhysRevD.83.069902,"https://www.scopus.com/inward/record.uri?eid=2-s2.0-79960815897&doi=10.1103%2fPhysRevD.83.069902&partnerID=40&md5=a46c8c5ac87a24aff17455225279c9d5",Erratum,Scopus,2-s2.0-79960815897
"Abadie, J., Abbott, B.P., Abbott, R., Adhikari, R., Ajith, P., Allen, B., Allen, G., Amador Ceron, E., Amin, R.S., Anderson, S.B., Anderson, W.G., Arain, M.A., Araya, M., Aso, Y., Aston, S., Aufmuth, P., Aulbert, C., Babak, S., Baker, P., Ballmer, S., Barker, D., Barr, B., Barriga, P., Barsotti, L., Barton, M.A., Bartos, I., Bassiri, R., Bastarrika, M., Behnke, B., Benacquista, M., Bennett, M.F., Betzwieser, J., Beyersdorf, P.T., Bilenko, I.A., Billingsley, G., Biswas, R., Black, E., Blackburn, J.K., Blackburn, L., Blair, D., Bland, B., Bock, O., Bodiya, T.P., Bondarescu, R., Bork, R., Born, M., Bose, S., Brady, P.R., Braginsky, V.B., Brau, J.E., Breyer, J., Bridges, D.O., Brinkmann, M., Britzger, M., Brooks, A.F., Brown, D.A., Bullington, A., Buonanno, A., Burmeister, O., Byer, R.L., Cadonati, L., Cain, J., Camp, J.B., Cannizzo, J., Cannon, K.C., Cao, J., Capano, C., Cardenas, L., Caudill, S., Cavaglià, M., Cepeda, C., Chalermsongsak, T., Chalkley, E., Charlton, P., Chatterji, S., Chelkowski, S., Chen, Y., Christensen, N., Chua, S.S.Y., Chung, C.T.Y., Clark, D., Clark, J., Clayton, J.H., Conte, R., Cook, D., Corbitt, T.R.C., Cornish, N., Coward, D., Coyne, D.C., Creighton, J.D.E., Creighton, T.D., Cruise, A.M., Culter, R.M., Cumming, A., Cunningham, L., Dahl, K., Danilishin, S.L., Danzmann, K., Daudert, B., Davies, G., Daw, E.J., Dayanga, T., Debra, D., Degallaix, J., Dergachev, V., Desalvo, R., Dhurandhar, S., Díaz, M., Donovan, F., Dooley, K.L., Doomes, E.E., Drever, R.W.P., Driggers, J., Dueck, J., Duke, I., Dumas, J.-C., Edgar, M., Edwards, M., Effler, A., Ehrens, P., Etzel, T., Evans, M., Evans, T., Fairhurst, S., Faltas, Y., Fan, Y., Fazi, D., Fehrmann, H., Finn, L.S., Flasch, K., Foley, S., Forrest, C., Fotopoulos, N., Frede, M., Frei, M., Frei, Z., Freise, A., Frey, R., Fricke, T.T., Friedrich, D., Fritschel, P., Frolov, V.V., Fulda, P., Fyffe, M., Garofoli, J.A., Ghosh, S., Giaime, J.A., Giampanis, S., Giardina, K.D., Goetz, E., Goggin, L.M., González, G., Goßler, S., Grant, A., Gras, S., Gray, C., Greenhalgh, R.J.S., Gretarsson, A.M., Grosso, R., Grote, H., Grunewald, S., Gustafson, E.K., Gustafson, R., Hage, B., Hallam, J.M., Hammer, D., Hammond, G.D., Hanna, C., Hanson, J., Harms, J., Harry, G.M., Harry, I.W., Harstad, E.D., Haughian, K., Hayama, K., Hayler, T., Heefner, J., Heng, I.S., Heptonstall, A., Hewitson, M., Hild, S., Hirose, E., Hoak, D., Hodge, K.A., Holt, K., Hosken, D.J., Hough, J., Howell, E., Hoyland, D., Hughey, B., Husa, S., Huttner, S.H., Ingram, D.R., Isogai, T., Ivanov, A., Johnson, W.W., Jones, D.I., Jones, G., Jones, R., Ju, L., Kalmus, P., Kalogera, V., Kandhasamy, S., Kanner, J., Katsavounidis, E., Kawabe, K., Kawamura, S., Kawazoe, F., Kells, W., Keppel, D.G., Khalaidovski, A., Khalili, F.Y., Khan, R., Khazanov, E., Kim, H., King, P.J., Kissel, J.S., Klimenko, S., Kokeyama, K., Kondrashov, V., Kopparapu, R., Koranda, S., Kozak, D., Kringel, V., Krishnan, B., Kuehn, G., Kullman, J., Kumar, R., Kwee, P., Lam, P.K., Landry, M., Lang, M., Lantz, B., Lastzka, N., Lazzarini, A., Leaci, P., Lei, M., Leindecker, N., Leonor, I., Lin, H., Lindquist, P.E., Littenberg, T.B., Lockerbie, N.A., Lodhia, D., Lormand, M., Lu, P., Lubinski, M., Lucianetti, A., Lück, H., Lundgren, A., MacHenschalk, B., MacInnis, M., Mageswaran, M., Mailand, K., Mak, C., Mandel, I., Mandic, V., Márka, S., Márka, Z., Markosyan, A., Markowitz, J., Maros, E., Martin, I.W., Martin, R.M., Marx, J.N., Mason, K., Matichard, F., Matone, L., Matzner, R.A., Mavalvala, N., McCarthy, R., McClelland, D.E., McGuire, S.C., McIntyre, G., McKechan, D.J.A., Mehmet, M., Melatos, A., Melissinos, A.C., Mendell, G., Menéndez, D.F., Mercer, R.A., Merrill, L., Meshkov, S., Messenger, C., Meyer, M.S., Miao, H., Miller, J., Mino, Y., Mitra, S., Mitrofanov, V.P., Mitselmakher, G., Mittleman, R., Miyakawa, O., Moe, B., Mohanty, S.D., Mohapatra, S.R.P., Moreno, G., Mors, K., Mossavi, K., Mowlowry, C., Mueller, G., Müller-Ebhardt, H., Mukherjee, S., Mullavey, A., Munch, J., Murray, P.G., Nash, T., Nawrodt, R., Nelson, J., Newton, G., Nishida, E., Nishizawa, A., O'Dell, J., O'Reilly, B., O'Shaughnessy, R., Ochsner, E., Ogin, G.H., Oldenburg, R., Ottaway, D.J., Ottens, R.S., Overmier, H., Owen, B.J., Page, A., Pan, Y., Pankow, C., Papa, M.A., Patel, P., Pathak, D., Pedraza, M., Pekowsky, L., Penn, S., Peralta, C., Perreca, A., Pickenpack, M., Pinto, I.M., Pitkin, M., Pletsch, H.J., Plissi, M.V., Postiglione, F., Principe, M., Prix, R., Prokhorov, L., Puncken, O., Quetschke, V., Raab, F.J., Rabeling, D.S., Radkins, H., Raffai, P., Raics, Z., Rakhmanov, M., Raymond, V., Reed, C.M., Reed, T., Rehbein, H., Reid, S., Reitze, D.H., Riesen, R., Riles, K., Roberts, P., Robertson, N.A., Robinson, C., Robinson, E.L., Roddy, S., Röver, C., Rollins, J., Romano, J.D., Romie, J.H., Rowan, S., Rüdiger, A., Ryan, K., Sakata, S., Sammut, L., Sancho De La Jordana, L., Sandberg, V., Sannibale, V., Santamaría, L., Santostasi, G., Saraf, S., Sarin, P., Sathyaprakash, B.S., Sato, S., Satterthwaite, M., Saulson, P.R., Savage, R., Schilling, R., Schnabel, R., Schofield, R., Schulz, B., Schutz, B.F., Schwinberg, P., Scott, J., Scott, S.M., Searle, A.C., Seifert, F., Sellers, D., Sengupta, A.S., Sergeev, A., Shapiro, B., Shawhan, P., Shoemaker, D.H., Sibley, A., Siemens, X., Sigg, D., Sintes, A.M., Skelton, G., Slagmolen, B.J.J., Slutsky, J., Smith, J.R., Smith, M.R., Smith, N.D., Somiya, K., Sorazu, B., Speirits, F., Stein, A.J., Stein, L.C., Steplewski, S., Stochino, A., Stone, R., Strain, K.A., Strigin, S., Stroeer, A., Stuver, A.L., Summerscales, T.Z., Sung, M., Susmithan, S., Sutton, P.J., Szokoly, G.P., Talukder, D., Tanner, D.B., Tarabrin, S.P., Taylor, J.R., Taylor, R., Thorne, K.A., Thorne, K.S., Thüring, A., Titsler, C., Tokmakov, K.V., Torres, C., Torrie, C.I., Traylor, G., Trias, M., Turner, L., Ugolini, D., Urbanek, K., Vahlbruch, H., Vallisneri, M., Van Den Broeck, C., Van Der Sluys, M.V., Van Veggel, A.A., Vass, S., Vaulin, R., Vecchio, A., Veitch, J., Veitch, P.J., Veltkamp, C., Villar, A., Vorvick, C., Vyachanin, S.P., Waldman, S.J., Wallace, L., Wanner, A., Ward, R.L., Wei, P., Weinert, M., Weinstein, A.J., Weiss, R., Wen, L., Wen, S., Wessels, P., West, M., Westphal, T., Wette, K., Whelan, J.T., Whitcomb, S.E., Whiting, B.F., Wilkinson, C., Willems, P.A., Williams, H.R., Williams, L., Willke, B., Wilmut, I., Winkelmann, L., Winkler, W., Wipf, C.C., Wiseman, A.G., Woan, G., Wooley, R., Worden, J., Yakushin, I., Yamamoto, H., Yamamoto, K., Yeaton-Massey, D., Yoshida, S., Zanolin, M., Zhang, L., Zhang, Z., Zhao, C., Zotov, N., Zucker, M.E., Zweizig, J., Buchner, S.","Search for gravitational waves associated with the August 2006 timing glitch of the Vela pulsar",2011,"Physical Review D - Particles, Fields, Gravitation and Cosmology","83","4", 042001,"","",,26,10.1103/PhysRevD.83.042001,"https://www.scopus.com/inward/record.uri?eid=2-s2.0-79952214517&doi=10.1103%2fPhysRevD.83.042001&partnerID=40&md5=e97b64cfa840c3818aef1347008730af",Article,Scopus,2-s2.0-79952214517
"Abadie, J., Abbott, B.P., Abbott, R., Abbott, T.D., Abernathy, M., Adams, C., Adhikari, R., Affeldt, C., Ajith, P., Allen, B., Allen, G.S., Amador Ceron, E., Amariutei, D., Amin, R.S., Anderson, S.B., Anderson, W.G., Arai, K., Arain, M.A., Araya, M.C., Aston, S.M., Atkinson, D., Aufmuth, P., Aulbert, C., Aylott, B.E., Babak, S., Baker, P., Ballmer, S., Barker, D., Barr, B., Barriga, P., Barsotti, L., Barton, M.A., Bartos, I., Bassiri, R., Bastarrika, M., Batch, J., Bauchrowitz, J., Behnke, B., Bell, A.S., Belopolski, I., Benacquista, M., Berliner, J.M., Bertolini, A., Betzwieser, J., Beveridge, N., Beyersdorf, P.T., Bilenko, I.A., Billingsley, G., Birch, J., Biswas, R., Black, E., Blackburn, J.K., Blackburn, L., Blair, D., Bland, B., Bock, O., Bodiya, T.P., Bogan, C., Bondarescu, R., Bork, R., Born, M., Bose, S., Brady, P.R., Braginsky, V.B., Brau, J.E., Breyer, J., Bridges, D.O., Brinkmann, M., Britzger, M., Brooks, A.F., Brown, D.A., Brummitt, A., Buonanno, A., Burguet-Castell, J., Burmeister, O., Byer, R.L., Cadonati, L., Camp, J.B., Campsie, P., Cannizzo, J., Cannon, K., Cao, J., Capano, C.D., Caride, S., Caudill, S., Cavagliá, M., Cepeda, C., Chalermsongsak, T., Chalkley, E., Charlton, P., Chelkowski, S., Chen, Y., Christensen, N., Cho, H., Chua, S.S.Y., Chung, S., Chung, C.T.Y., Ciani, G., Clara, F., Clark, D.E., Clark, J., Clayton, J.H., Conte, R., Cook, D., Corbitt, T.R., Cordier, M., Cornish, N., Corsi, A., Costa, C.A., Coughlin, M., Couvares, P., Coward, D.M., Coyne, D.C., Creighton, J.D.E., Creighton, T.D., Cruise, A.M., Cumming, A., Cunningham, L., Cutler, R.M., Dahl, K., Danilishin, S.L., Dannenberg, R., Danzmann, K., Daudert, B., Daveloza, H., Davies, G., Daw, E.J., Dayanga, T., DeBra, D., Degallaix, J., Dent, T., Dergachev, V., DeRosa, R., DeSalvo, R., Dhurandhar, S., DiGuglielmo, J., DiPalma, I., Díz, M., Donovan, F., Dooley, K.L., Dorsher, S., Drever, R.W.P., Driggers, J.C., Du, Z., Dumas, J.-C., Dwyer, S., Eberle, T., Edgar, M., Edwards, M., Effler, A., Ehrens, P., Engel, R., Etzel, T., Evans, K., Evans, M., Evans, T., Factourovich, M., Fairhurst, S., Fan, Y., Farr, B.F., Farr, W., Fazi, D., Fehrmann, H., Feldbaum, D., Finn, L.S., Fisher, R.P., Flanigan, M., Foley, S., Forsi, E., Fotopoulos, N., Frede, M., Frei, M., Frei, Z., Freise, A., Frey, R., Fricke, T.T., Friedrich, D., Fritschel, P., Frolov, V.V., Fulda, P.J., Fyffe, M., Ganija, M.R., Garcia, J., Garofoli, J.A., Geng, R., Gergely, L.Á., Ghosh, S., Giaime, J.A., Giampanis, S., Giardina, K.D., Gill, C., Goetz, E., Goggin, L.M., González, G., Gorodetsky, M.L., Goßler, S., Graef, C., Grant, A., Gras, S., Gray, C., Gray, N., Greenhalgh, R.J.S., Gretarsson, A.M., Grosso, R., Grote, H., Grunewald, S., Guido, C., Gupta, R., Gustafson, E.K., Gustafson, R., Ha, T., Hage, B., Hallam, J.M., Hammer, D., Hammond, G., Hanks, J., Hanna, C., Hanson, J., Harms, J., Harry, G.M., Harry, I.W., Harstad, E.D., Hartman, M.T., Haughian, K., Hayama, K., Heefner, J., Heintze, M.C., Hendry, M.A., Heng, I.S., Heptonstall, A.W., Herrera, V., Hewitson, M., Hild, S., Hoak, D., Hodge, K.A., Holt, K., Hong, T., Hooper, S., Hosken, D.J., Hough, J., Howell, E.J., Hughey, B., Huynh-Dinh, T., Husa, S., Huttner, S.H., Ingram, D.R., Inta, R., Isogai, T., Ivanov, A., Izumi, K., Jacobson, M., Jang, H., Johnson, W.W., Jones, D.I., Jones, G., Jones, R., Ju, L., Kalmus, P., Kalogera, V., Kamaretsos, I., Kandhasamy, S., Kang, G., Kanner, J.B., Katsavounidis, E., Katzman, W., Kaufer, H., Kawabe, K., Kawamura, S., Kawazoe, F., Kells, W., Keppel, D.G., Keresztes, Z., Khalaidovski, A., Khalili, F.Y., Khazanov, E.A., Kim, B., Kim, C., Kim, D., Kim, H., Kim, K., Kim, N., Kim, Y.-M., King, P.J., Kinsey, M., Kinzel, D.L., Kissel, J.S., Klimenko, S., Kokeyama, K., Kondrashov, V., Kopparapu, R., Koranda, S., Korth, W.Z., Kozak, D., Kringel, V., Krishnamurthy, S., Krishnan, B., Kuehn, G., Kumar, R., Kwee, P., Lam, P.K., Landry, M., Lang, M., Lantz, B., Lastzka, N., Lawrie, C., Lazzarini, A., Leaci, P., Lee, C.H., Lee, H.M., Leindecker, N., Leong, J.R., Leonor, I., Li, J., Lindquist, P.E., Lockerbie, N.A., Lodhia, D., Lormand, M., Luan, J., Lubinski, M., Lück, H., Lundgren, A.P., Macdonald, E., Machenschalk, B., MacInnis, M., Macleod, D.M., Mageswaran, M., Mailand, K., Mandel, I., Mandic, V., Marandi, A., Márka, S., Márka, Z., Markosyan, A., Maros, E., Martin, I.W., Martin, R.M., Marx, J.N., Mason, K., Matichard, F., Matone, L., Matzner, R.A., Mavalvala, N., Mazzolo, G., McCarthy, R., McClelland, D.E., McGuire, S.C., McIntyre, G., McIver, J., McKechan, D.J.A., Meadors, G.D., Mehmet, M., Meier, T., Melatos, A., Melissinos, A.C., Mendell, G., Menendez, D., Mercer, R.A., Meshkov, S., Messenger, C., Meyer, M.S., Miao, H., Miller, J., Mitrofanov, V.P., Mitselmakher, G., Mittleman, R., Miyakawa, O., Moe, B., Moesta, P., Mohanty, S.D., Moraru, D., Moreno, G., Mori, T., Mossavi, K., Mow-Lowry, C.M., Mueller, C.L., Mueller, G., Mukherjee, S., Mullavey, A., Müller-Ebhardt, H., Munch, J., Murphy, D., Murray, P.G., Mytidis, A., Nash, T., Nawrodt, R., Necula, V., Nelson, J., Newton, G., Nishizawa, A., Nolting, D., Nuttall, L., O'Dell, J., O'Reilly, B., O'Shaughnessy, R., Ochsner, E., Oelker, E., Oh, J.J., Oh, S.H., Ogin, G.H., Oldenburg, R.G., Osthelder, C., Ott, C.D., Ottaway, D.J., Ottens, R.S., Overmier, H., Owen, B.J., Page, A., Pan, Y., Pankow, C., Papa, M.A., Patel, P., Pedraza, M., Peiris, P., Pekowsky, L., Penn, S., Peralta, C., Perreca, A., Phelps, M., Pickenpack, M., Pinto, I.M., Pitkin, M., Pletsch, H.J., Plissi, M.V., Pöld, J., Postiglione, F., Predoi, V., Price, L.R., Prijatelj, M., Principe, M., Privitera, S., Prix, R., Prokhorov, L., Puncken, O., Quetschke, V., Raab, F.J., Radkins, H., Raffai, P., Rakhmanov, M., Ramet, C.R., Rankins, B., Mohapatra, S.R.P., Raymond, V., Redwine, K., Reed, C.M., Reed, T., Reid, S., Reitze, D.H., Riesen, R., Riles, K., Robertson, N.A., Robinson, C., Robinson, E.L., Roddy, S., Rodriguez, C., Rodruck, M., Rollins, J., Romano, J.D., Romie, J.H., Röver, C., Rowan, S., Rüdiger, A., Ryan, K., Ryll, H., Sainathan, P., Sakosky, M., Salemi, F., Samblowski, A., Sammut, L., De La Sancho Jordana, L., Sandberg, V., Sankar, S., Sannibale, V., Santamaría, L., Santiago-Prieto, I., Santostasi, G., Sathyaprakash, B.S., Sato, S., Saulson, P.R., Savage, R.L., Schilling, R., Schlamminger, S., Schnabel, R., Schofield, R.M.S., Schulz, B., Schutz, B.F., Schwinberg, P., Scott, J., Scott, S.M., Searle, A.C., Seifert, F., Sellers, D., Sengupta, A.S., Sergeev, A., Shaddock, D.A., Shaltev, M., Shapiro, B., Shawhan, P., Shoemaker, D.H., Sibley, A., Siemens, X., Sigg, D., Singer, A., Singer, L., Sintes, A.M., Skelton, G., Slagmolen, B.J.J., Slutsky, J., Smith, R.J.E., Smith, J.R., Smith, M.R., Smith, N.D., Somiya, K., Sorazu, B., Soto, J., Speirits, F.C., Stein, A.J., Steinert, E., Steinlechner, J., Steinlechner, S., Steplewski, S., Stefszky, M., Stochino, A., Stone, R., Strain, K.A., Strigin, S., Stroeer, A.S., Stuver, A.L., Summerscales, T.Z., Sung, M., Susmithan, S., Sutton, P.J., Talukder, D., Tanner, D.B., Tarabrin, S.P., Taylor, J.R., Taylor, R., Thomas, P., Thorne, K.A., Thorne, K.S., Thrane, E., Thüring, A., Titsler, C., Tokmakov, K.V., Torres, C., Torrie, C.I., Traylor, G., Trias, M., Tseng, K., Ugolini, D., Urbanek, K., Vahlbruch, H., Vallisneri, M., VanVeggel, A.A., Vass, S., Vaulin, R., Vecchio, A., Veitch, J., Veitch, P.J., Veltkamp, C., Villar, A.E., Vitale, S., Vorvick, C., Vyatchanin, S.P., Wade, A., Waldman, S.J., Wallace, L., Wan, Y., Wanner, A., Wang, X., Wang, Z., Ward, R.L., Wei, P., Weinert, M., Weinstein, A.J., Weiss, R., Wen, L., Wen, S., Wessels, P., West, M., Westphal, T., Wette, K., Whelan, J.T., Whitcomb, S.E., White, D., Whiting, B.F., Wilkinson, C., Willems, P.A., Williams, H.R., Williams, L., Willke, B., Winkelmann, L., Winkler, W., Wipf, C.C., Wittel, H., Wiseman, A.G., Woan, G., Wooley, R., Worden, J., Yablon, J., Yakushin, I., Yamamoto, K., Yamamoto, H., Yang, H., Yeaton-Massey, D., Yoshida, S., Yu, P., Zanolin, M., Zhang, F., Zhang, L., Zhang, W., Zhang, Z., Zhao, C., Zotov, N., Zucker, M.E., Zweizig, J.","A gravitational wave observatory operating beyond the quantum shot-noise limit",2011,"Nature Physics","7","12",,"962","965",,289,10.1038/NPHYS2083,"https://www.scopus.com/inward/record.uri?eid=2-s2.0-84921022931&doi=10.1038%2fNPHYS2083&partnerID=40&md5=8406e61e03114c7054d5ee44c1844797",Article,Scopus,2-s2.0-84921022931
"Abadie, J., Abbott, B.P., Abbott, R., Abernathy, M., Adams, C., Adhikari, R., Ajith, P., Allen, B., Allen, G., Amador Ceron, E., Amin, R.S., Anderson, S.B., Anderson, W.G., Arain, M.A., Araya, M., Aronsson, M., Aso, Y., Aston, S., Atkinson, D.E., Aufmuth, P., Aulbert, C., Babak, S., Baker, P., Ballmer, S., Barker, D., Barnum, S., Barr, B., Barriga, P., Barsotti, L., Barton, M.A., Bartos, I., Bassiri, R., Bastarrika, M., Bauchrowitz, J., Behnke, B., Benacquista, M., Bertolini, A., Betzwieser, J., Beveridge, N., Beyersdorf, P.T., Bilenko, I.A., Billingsley, G., Birch, J., Biswas, R., Black, E., Blackburn, J.K., Blackburn, L., Blair, D., Bland, B., Bock, O., Bodiya, T.P., Bondarescu, R., Bork, R., Born, M., Bose, S., Boyle, M., Brady, P.R., Braginsky, V.B., Brau, J.E., Breyer, J., Bridges, D.O., Brinkmann, M., Britzger, M., Brooks, A.F., Brown, D.A., Buonanno, A., Burguetcastell, J., Burmeister, O., Byer, R.L., Cadonati, L., Cain, J., Camp, J.B., Campsie, P., Cannizzo, J., Cannon, K.C., Cao, J., Capano, C., Caride, S., Caudill, S., Cavagli, M., Cepeda, C., Chalermsongsak, T., Chalkley, E., Charlton, P., Chelkowski, S., Chen, Y., Christensen, N., Chua, S.S.Y., Chung, C.T.Y., Clark, D., Clark, J., Clayton, J.H., Conte, R., Cook, D., Corbitt, T.R., Cornish, N., Costa, C.A., Coward, D.M., Coyne, D.C., Creighton, J.D.E., Creighton, T.D., Cruise, A.M., Culter, R.M., Cumming, A., Cunningham, L., Dahl, K., Danilishin, S.L., Dannenberg, R., Danzmann, K., Das, K., Daudert, B., Davies, G., Davis, A., Daw, E.J., Dayanga, T., Debra, D., Degallaix, J., Dergachev, V., Derosa, R., Desalvo, R., Devanka, P., Dhurandhar, S., Di Palma, I., Daz, M., Donovan, F., Dooley, K.L., Doomes, E.E., Dorsher, S., Douglas, E.S.D., Drever, R.W.P., Driggers, J.C., Dueck, J., Dumas, J.-C., Eberle, T., Edgar, M., Edwards, M., Effler, A., Ehrens, P., Engel, R., Etzel, T., Evans, M., Evans, T., Fairhurst, S., Fan, Y., Farr, B.F., Fazi, D., Fehrmann, H., Feldbaum, D., Finn, L.S., Flanigan, M., Flasch, K., Foley, S., Forrest, C., Forsi, E., Fotopoulos, N., Frede, M., Frei, M., Frei, Z., Freise, A., Frey, R., Fricke, T.T., Friedrich, D., Fritschel, P., Frolov, V.V., Fulda, P., Fyffe, M., Garofoli, J.A., Gholami, I., Ghosh, S., Giaime, J.A., Giampanis, S., Giardina, K.D., Gill, C., Goetz, E., Goggin, L.M., Gonzlez, G., Gorodetsky, M.L., Goßler, S., Graef, C., Grant, A., Gras, S., Gray, C., Greenhalgh, R.J.S., Gretarsson, A.M., Grosso, R., Grote, H., Grunewald, S., Gustafson, E.K., Gustafson, R., Hage, B., Hall, P., Hallam, J.M., Hammer, D., Hammond, G., Hanks, J., Hanna, C., Hanson, J., Harms, J., Harry, G.M., Harry, I.W., Harstad, E.D., Haughian, K., Hayama, K., Hayler, T., Heefner, J., Heng, I.S., Heptonstall, A.W., Hewitson, M., Hild, S., Hirose, E., Hoak, D., Hodge, K.A., Holt, K., Hosken, D.J., Hough, J., Howell, E.J., Hoyland, D., Hughey, B., Husa, S., Huttner, S.H., Huynhdinh, T., Ingram, D.R., Inta, R., Isogai, T., Ivanov, A., Johnson, W.W., Jones, D.I., Jones, G., Jones, R., Ju, L., Kalmus, P., Kalogera, V., Kandhasamy, S., Kanner, J.B., Katsavounidis, E., Kawabe, K., Kawamura, S., Kawazoe, F., Kells, W., Keppel, D.G., Khalaidovski, A., Khalili, F.Y., Khazanov, E.A., Kim, H., King, P.J., Kinzel, D.L., Kissel, J.S., Klimenko, S., Kondrashov, V., Kopparapu, R., Koranda, S., Kozak, D., Krause, T., Kringel, V., Krishnamurthy, S., Krishnan, B., Kuehn, G., Kullman, J., Kumar, R., Kwee, P., Landry, M., Lang, M., Lantz, B., Lastzka, N., Lazzarini, A., Leaci, P., Leong, J., Leonor, I., Li, J., Lin, H., Lindquist, P.E., Lockerbie, N.A., Lodhia, D., Lormand, M., Lu, P., Luan, J., Lubinski, M., Lucianetti, A., Lck, H., Lundgren, A., MacHenschalk, B., MacInnis, M., Mageswaran, M., Mailand, K., Mak, C., Mandel, I., Mandic, V., Mrka, S., Mrka, Z., Maros, E., Martin, I.W., Martin, R.M., Marx, J.N., Mason, K., Matichard, F., Matone, L., Matzner, R.A., Mavalvala, N., McCarthy, R., McClelland, D.E., McGuire, S.C., McIntyre, G., McIvor, G., McKechan, D.J.A., Meadors, G., Mehmet, M., Meier, T., Melatos, A., Melissinos, A.C., Mendell, G., Menndez, D.F., Mercer, R.A., Merill, L., Meshkov, S., Messenger, C., Meyer, M.S., Miao, H., Miller, J., Mino, Y., Mitra, S., Mitrofanov, V.P., Mitselmakher, G., Mittleman, R., Moe, B., Mohanty, S.D., Mohapatra, S.R.P., Moraru, D., Moreno, G., Morioka, T., Mors, K., Mossavi, K., Mowlowry, C.M., Mueller, G., Mukherjee, S., Mullavey, A., Mller-Ebhardt, H., Munch, J., Murray, P.G., Nash, T., Nawrodt, R., Nelson, J., Newton, G., Nishizawa, A., Nolting, D., Ochsner, E., O'Dell, J., Ogin, G.H., Oldenburg, R.G., O'Reilly, B., O'Shaughnessy, R., Osthelder, C., Ottaway, D.J., Ottens, R.S., Overmier, H., Owen, B.J., Page, A., Pan, Y., Pankow, C., Papa, M.A., Pareja, M., Patel, P., Pathak, D., Pedraza, M., Pekowsky, L., Penn, S., Peralta, C., Perreca, A., Pickenpack, M., Pinto, I.M., Pitkin, M., Pletsch, H.J., Plissi, M.V., Postiglione, F., Predoi, V., Price, L.R., Prijatelj, M., Principe, M., Prix, R., Prokhorov, L., Puncken, O., Quetschke, V., Raab, F.J., Radke, T., Radkins, H., Raffai, P., Rakhmanov, M., Rankins, B., Raymond, V., Reed, C.M., Reed, T., Reid, S., Reitze, D.H., Riesen, R., Riles, K., Roberts, P., Robertson, N.A., Robinson, C., Robinson, E.L., Roddy, S., Rver, C., Rollins, J., Romano, J.D., Romie, J.H., Rowan, S., Rdiger, A., Ryan, K., Sakata, S., Sakosky, M., Salemi, F., Sammut, L., Sancho De La Jordana, L., Sandberg, V., Sannibale, V., Santamara, L., Santostasi, G., Saraf, S., Sathyaprakash, B.S., Sato, S., Satterthwaite, M., Saulson, P.R., Savage, R., Schilling, R., Schnabel, R., Schofield, R.M.S., Schulz, B., Schutz, B.F., Schwinberg, P., Scott, J., Scott, S.M., Searle, A.C., Seifert, F., Sellers, D., Sengupta, A.S., Sergeev, A., Shaddock, D.A., Shapiro, B., Shawhan, P., Shoemaker, D.H., Sibley, A., Siemens, X., Sigg, D., Singer, A., Sintes, A.M., Skelton, G., Slagmolen, B.J.J., Slutsky, J., Smith, J.R., Smith, M.R., Smith, N.D., Somiya, K., Sorazu, B., Speirits, F.C., Stein, A.J., Stein, L.C., Steinlechner, S., Steplewski, S., Stochino, A., Stone, R., Strain, K.A., Strigin, S., Stroeer, A., Stuver, A.L., Summerscales, T.Z., Sung, M., Susmithan, S., Sutton, P.J., Szokoly, G.P., Talukder, D., Tanner, D.B., Tarabrin, S.P., Taylor, J.R., Taylor, R., Thomas, P., Thorne, K.A., Thorne, K.S., Thrane, E., Thring, A., Titsler, C., Tokmakov, K.V., Torres, C., Torrie, C.I., Traylor, G., Trias, M., Tseng, K., Turner, L., Ugolini, D., Urbanek, K., Vahlbruch, H., Vaishnav, B., Vallisneri, M., Van Den Broeck, C., Van Der Sluys, M.V., Van Veggel, A.A., Vass, S., Vaulin, R., Vecchio, A., Veitch, J., Veitch, P.J., Veltkamp, C., Villar, A.E., Vorvick, C., Vyachanin, S.P., Waldman, S.J., Wallace, L., Wanner, A., Ward, R.L., Wei, P., Weinert, M., Weinstein, A.J., Weiss, R., Wen, L., Wen, S., Wessels, P., West, M., Westphal, T., Wette, K., Whelan, J.T., Whitcomb, S.E., White, D.J., Whiting, B.F., Wilkinson, C., Willems, P.A., Williams, L., Willke, B., Winkelmann, L., Winkler, W., Wipf, C.C., Wiseman, A.G., Woan, G., Wooley, R., Worden, J., Yakushin, I., Yamamoto, H., Yamamoto, K., Yeaton-Massey, D., Yoshida, S., Yu, P.P., Zanolin, M., Zhang, L., Zhang, Z., Zhao, C., Zotov, N., Zucker, M.E., Zweizig, J.","Calibration of the LIGO gravitational wave detectors in the fifth science run",2010,"Nuclear Instruments and Methods in Physics Research, Section A: Accelerators, Spectrometers, Detectors and Associated Equipment","624","1",,"223","240",,90,10.1016/j.nima.2010.07.089,"https://www.scopus.com/inward/record.uri?eid=2-s2.0-78049315346&doi=10.1016%2fj.nima.2010.07.089&partnerID=40&md5=c1729b63ddec1c92b3f490f62d24ca5f",Article,Scopus,2-s2.0-78049315346
"Abadie, J., Abbott, B.P., Abbott, R., Abernathy, M., Accadia, T., Acernese, F., Adams, C., Adhikari, R., Ajith, P., Allen, B., Allen, G., Amador Ceron, E., Amin, R.S., Anderson, S.B., Anderson, W.G., Antonucci, F., Arain, M.A., Araya, M., Aronsson, M., Arun, K.G., Aso, Y., Aston, S., Astone, P., Atkinson, D.E., Aufmuth, P., Aulbert, C., Babak, S., Baker, P., Ballardin, G., Ballinger, T., Ballmer, S., Barker, D., Barnum, S., Barone, F., Barr, B., Barriga, P., Barsotti, L., Barsuglia, M., Barton, M.A., Bartos, I., Bassiri, R., Bastarrika, M., Bauchrowitz, J., Bauer, T.S., Behnke, B., Beker, M.G., Belletoile, A., Benacquista, M., Bertolini, A., Betzwieser, J., Beveridge, N., Beyersdorf, P.T., Bigotta, S., Bilenko, I.A., Billingsley, G., Birch, J., Birindelli, S., Biswas, R., Bitossi, M., Bizouard, M.A., Black, E., Blackburn, J.K., Blackburn, L., Blair, D., Bland, B., Blom, M., Boccara, C., Bock, O., Bodiya, T.P., Bondarescu, R., Bondu, F., Bonelli, L., Bonnand, R., Bork, R., Born, M., Bose, S., Bosi, L., Bouhou, B., Boyle, M., Braccini, S., Bradaschia, C., Brady, P.R., Braginsky, V.B., Brau, J.E., Breyer, J., Bridges, D.O., Brillet, A., Brinkmann, M., Brisson, V., Britzger, M., Brooks, A.F., Brown, D.A., Budzyński, R., Bulik, T., Bulten, H.J., Buonanno, A., Burguet-Castell, J., Burmeister, O., Buskulic, D., Buy, C., Byer, R.L., Cadonati, L., Cagnoli, G., Cain, J., Calloni, E., Camp, J.B., Campagna, E., Campsie, P., Cannizzo, J., Cannon, K.C., Canuel, B., Cao, J., Capano, C., Carbognani, F., Caudill, S., Cavaglià, M., Cavalier, F., Cavalieri, R., Cella, G., Cepeda, C., Cesarini, E., Chalermsongsak, T., Chalkley, E., Charlton, P., Chassande-Mottin, E., Chelkowski, S., Chen, Y., Chincarini, A., Christensen, N., Chua, S.S.Y., Chung, C.T.Y., Clark, D., Clark, J., Clayton, J.H., Cleva, F., Coccia, E., Colacino, C.N., Colas, J., Colla, A., Colombini, M., Conte, R., Cook, D., Corbitt, T.R., Cornish, N., Corsi, A., Costa, C.A., Coulon, J.-P., Coward, D., Coyne, D.C., Creighton, J.D.E., Creighton, T.D., Cruise, A.M., Culter, R.M., Cumming, A., Cunningham, L., Cuoco, E., Dahl, K., Danilishin, S.L., Dannenberg, R., D'Antonio, S., Danzmann, K., Das, K., Dattilo, V., Daudert, B., Davier, M., Davies, G., Davis, A., Daw, E.J., Day, R., Dayanga, T., De Rosa, R., Debra, D., Degallaix, J., Del Prete, M., Dergachev, V., Derosa, R., Desalvo, R., Devanka, P., Dhurandhar, S., Di Fiore, L., Di Lieto, A., Di Palma, I., Di Paolo Emilio, M., Di Virgilio, A., Díaz, M., Dietz, A., Donovan, F., Dooley, K.L., Doomes, E.E., Dorsher, S., Douglas, E.S.D., Drago, M., Drever, R.W.P., Driggers, J.C., Dueck, J., Dumas, J.-C., Eberle, T., Edgar, M., Edwards, M., Effler, A., Ehrens, P., Ely, G., Engel, R., Etzel, T., Evans, M., Evans, T., Fafone, V., Fairhurst, S., Fan, Y., Farr, B.F., Fazi, D., Fehrmann, H., Feldbaum, D., Ferrante, I., Fidecaro, F., Finn, L.S., Fiori, I., Flaminio, R., Flanigan, M., Flasch, K., Foley, S., Forrest, C., Forsi, E., Fotopoulos, N., Fournier, J.-D., Franc, J., Frasca, S., Frasconi, F., Frede, M., Frei, M., Frei, Z., Freise, A., Frey, R., Fricke, T.T., Friedrich, D., Fritschel, P., Frolov, V.V., Fulda, P., Fyffe, M., Galimberti, M., Gammaitoni, L., Garofoli, J.A., Garufi, F., Gemme, G., Genin, E., Gennai, A., Ghosh, S., Giaime, J.A., Giampanis, S., Giardina, K.D., Giazotto, A., Gill, C., Goetz, E., Goggin, L.M., González, G., Goßler, S., Gouaty, R., Graef, C., Granata, M., Grant, A., Gras, S., Gray, C., Greenhalgh, R.J.S., Gretarsson, A.M., Greverie, C., Grosso, R., Grote, H., Grunewald, S., Guidi, G.M., Gustafson, E.K., Gustafson, R., Hage, B., Hall, P., Hallam, J.M., Hammer, D., Hammond, G., Hanks, J., Hanna, C., Hanson, J., Harms, J., Harry, G.M., Harry, I.W., Harstad, E.D., Haughian, K., Hayama, K., Hayau, J.-F., Hayler, T., Heefner, J., Heitmann, H., Hello, P., Heng, I.S., Heptonstall, A., Hewitson, M., Hild, S., Hirose, E., Hoak, D., Hodge, K.A., Holt, K., Hosken, D.J., Hough, J., Howell, E., Hoyland, D., Huet, D., Hughey, B., Husa, S., Huttner, S.H., Huynh-Dinh, T., Ingram, D.R., Inta, R., Isogai, T., Ivanov, A., Jaranowski, P., Johnson, W.W., Jones, D.I., Jones, G., Jones, R., Ju, L., Kalmus, P., Kalogera, V., Kandhasamy, S., Kanner, J., Katsavounidis, E., Kawabe, K., Kawamura, S., Kawazoe, F., Kells, W., Keppel, D.G., Khalaidovski, A., Khalili, F.Y., Khazanov, E.A., Kim, H., King, P.J., Kinzel, D.L., Kissel, J.S., Klimenko, S., Kondrashov, V., Kopparapu, R., Koranda, S., Kowalska, I., Kozak, D., Krause, T., Kringel, V., Krishnamurthy, S., Krishnan, B., Królak, A., Kuehn, G., Kullman, J., Kumar, R., Kwee, P., Landry, M., Lang, M., Lantz, B., Lastzka, N., Lazzarini, A., Leaci, P., Leong, J., Leonor, I., Leroy, N., Letendre, N., Li, J., Li, T.G.F., Lin, H., Lindquist, P.E., Lockerbie, N.A., Lodhia, D., Lorenzini, M., Loriette, V., Lormand, M., Losurdo, G., Lu, P., Luan, J., Lubinski, M., Lucianetti, A., Lück, H., Lundgren, A., MacHenschalk, B., MacInnis, M., Mageswaran, M., Mailand, K., Majorana, E., Mak, C., Maksimovic, I., Man, N., Mandel, I., Mandic, V., Mantovani, M., Marchesoni, F., Marion, F., Márka, S., Márka, Z., Maros, E., Marque, J., Martelli, F., Martin, I.W., Martin, R.M., Marx, J.N., Mason, K., Masserot, A., Matichard, F., Matone, L., Matzner, R.A., Mavalvala, N., McCarthy, R., McClelland, D.E., McGuire, S.C., McIntyre, G., McIvor, G., McKechan, D.J.A., Meadors, G., Mehmet, M., Meier, T., Melatos, A., Melissinos, A.C., Mendell, G., Menéndez, D.F., Mercer, R.A., Merill, L., Meshkov, S., Messenger, C., Meyer, M.S., Miao, H., Michel, C., Milano, L., Miller, J., Minenkov, Y., Mino, Y., Mitra, S., Mitrofanov, V.P., Mitselmakher, G., Mittleman, R., Moe, B., Mohan, M., Mohanty, S.D., Mohapatra, S.R.P., Moraru, D., Moreau, J., Moreno, G., Morgado, N., Morgia, A., Mors, K., Mosca, S., Moscatelli, V., Mossavi, K., Mours, B., Mowlowry, C., Mueller, G., Mukherjee, S., Mullavey, A., Müller-Ebhardt, H., Munch, J., Murray, P.G., Nash, T., Nawrodt, R., Nelson, J., Neri, I., Newton, G., Nishida, E., Nishizawa, A., Nocera, F., Nolting, D., Ochsner, E., O'Dell, J., Ogin, G.H., Oldenburg, R.G., O'Reilly, B., O'Shaughnessy, R., Osthelder, C., Ottaway, D.J., Ottens, R.S., Overmier, H., Owen, B.J., Page, A., Pagliaroli, G., Palladino, L., Palomba, C., Pan, Y., Pankow, C., Paoletti, F., Papa, M.A., Pardi, S., Pareja, M., Parisi, M., Pasqualetti, A., Passaquieti, R., Passuello, D., Patel, P., Pathak, D., Pedraza, M., Pekowsky, L., Penn, S., Peralta, C., Perreca, A., Persichetti, G., Pichot, M., Pickenpack, M., Piergiovanni, F., Pietka, M., Pinard, L., Pinto, I.M., Pitkin, M., Pletsch, H.J., Plissi, M.V., Poggiani, R., Postiglione, F., Prato, M., Predoi, V., Price, L.R., Prijatelj, M., Principe, M., Prix, R., Prodi, G.A., Prokhorov, L., Puncken, O., Punturo, M., Puppo, P., Quetschke, V., Raab, F.J., Rabeling, D.S., Radke, T., Radkins, H., Raffai, P., Rakhmanov, M., Rankins, B., Rapagnani, P., Raymond, V., Re, V., Reed, C.M., Reed, T., Regimbau, T., Reid, S., Reitze, D.H., Ricci, F., Riesen, R., Riles, K., Roberts, P., Robertson, N.A., Robinet, F., Robinson, C., Robinson, E.L., Rocchi, A., Roddy, S., Röver, C., Rolland, L., Rollins, J., Romano, J.D., Romano, R., Romie, J.H., Rosińska, D., Rowan, S., Rüdiger, A., Ruggi, P., Ryan, K., Sakata, S., Sakosky, M., Salemi, F., Sammut, L., Sancho De La Jordana, L., Sandberg, V., Sannibale, V., Santamaría, L., Santostasi, G., Saraf, S., Sassolas, B., Sathyaprakash, B.S., Sato, S., Satterthwaite, M., Saulson, P.R., Savage, R., Schilling, R., Schnabel, R., Schofield, R., Schulz, B., Schutz, B.F., Schwinberg, P., Scott, J., Scott, S.M., Searle, A.C., Seifert, F., Sellers, D., Sengupta, A.S., Sentenac, D., Sergeev, A., Shaddock, D., Shapiro, B., Shawhan, P., Shoemaker, D.H., Sibley, A., Siemens, X., Sigg, D., Singer, A., Sintes, A.M., Skelton, G., Slagmolen, B.J.J., Slutsky, J., Smith, J.R., Smith, M.R., Smith, N.D., Somiya, K., Sorazu, B., Speirits, F.C., Sperandio, L., Stein, A.J., Stein, L.C., Steinlechner, S., Steplewski, S., Stochino, A., Stone, R., Strain, K.A., Strigin, S., Stroeer, A., Sturani, R., Stuver, A.L., Summerscales, T.Z., Sung, M., Susmithan, S., Sutton, P.J., Swinkels, B., Talukder, D., Tanner, D.B., Tarabrin, S.P., Taylor, J.R., Taylor, R., Thomas, P., Thorne, K.A., Thorne, K.S., Thrane, E., Thüring, A., Titsler, C., Tokmakov, K.V., Toncelli, A., Tonelli, M., Torre, O., Torres, C., Torrie, C.I., Tournefier, E., Travasso, F., Traylor, G., Trias, M., Trummer, J., Tseng, K., Turner, L., Ugolini, D., Urbanek, K., Vahlbruch, H., Vaishnav, B., Vajente, G., Vallisneri, M., Van Den Brand, J.F.J., Van Den Broeck, C., Van Der Putten, S., Van Der Sluys, M.V., Van Veggel, A.A., Vass, S., Vaulin, R., Vavoulidis, M., Vecchio, A., Vedovato, G., Veitch, J., Veitch, P.J., Veltkamp, C., Verkindt, D., Vetrano, F., Viceré, A., Villar, A., Vinet, J.-Y., Vocca, H., Vorvick, C., Vyachanin, S.P., Waldman, S.J., Wallace, L., Wanner, A., Ward, R.L., Was, M., Wei, P., Weinert, M., Weinstein, A.J., Weiss, R., Wen, L., Wen, S., Wessels, P., West, M., Westphal, T., Wette, K., Whelan, J.T., Whitcomb, S.E., White, D.J., Whiting, B.F., Wilkinson, C., Willems, P.A., Williams, L., Willke, B., Winkelmann, L., Winkler, W., Wipf, C.C., Wiseman, A.G., Woan, G., Wooley, R., Worden, J., Yakushin, I., Yamamoto, H., Yamamoto, K., Yeaton-Massey, D., Yoshida, S., Yu, P.P., Yvert, M., Zanolin, M., Zhang, L., Zhang, Z., Zhao, C., Zotov, N., Zucker, M.E., Zweizig, J.","Search for gravitational waves from compact binary coalescence in LIGO and Virgo data from S5 and VSR1",2010,"Physical Review D - Particles, Fields, Gravitation and Cosmology","82","10", 102001,"","",,96,10.1103/PhysRevD.82.102001,"https://www.scopus.com/inward/record.uri?eid=2-s2.0-78651265024&doi=10.1103%2fPhysRevD.82.102001&partnerID=40&md5=ce6a4f705bca8fe744d0a9b792861a80",Article,Scopus,2-s2.0-78651265024
"Abadie, J., Abbott, B.P., Abbott, R., Abernathy, M., Adams, C., Adhikari, R., Ajith, P., Allen, B., Allen, G., Ceron, E.A., Amin, R.S., Anderson, S.B., Anderson, W.G., Arain, M.A., Araya, M., Aronsson, M., Aso, Y., Aston, S., Atkinson, D.E., Aufmuth, P., Aulbert, C., Babak, S., Baker, P., Ballmer, S., Barker, D., Barnum, S., Barr, B., Barriga, P., Barsotti, L., Barton, M.A., Bartos, I., Bassiri, R., Bastarrika, M., Bauchrowitz, J., Behnke, B., Benacquista, M., Bertolini, A., Betzwieser, J., Beveridge, N., Beyersdorf, P.T., Bilenko, I.A., Billingsley, G., Birch, J., Biswas, R., Black, E., Blackburn, J.K., Blackburn, L., Blair, D., Bland, B., Bock, O., Bodiya, T.P., Bondarescu, R., Bork, R., Born, M., Bose, S., Boyle, M., Brady, P.R., Braginsky, V.B., Brau, J.E., Breyer, J., Bridges, D.O., Brinkmann, M., Britzger, M., Brooks, A.F., Brown, D.A., Buonanno, A., Burguet-Castell, J., Burmeister, O., Byer, R.L., Cadonati, L., Camp, J.B., Campsie, P., Cannizzo, J., Cannon, K.C., Cao, J., Capano, C., Caride, S., Caudill, S., Cavaglià, M., Cepeda, C., Chalermsongsak, T., Chalkley, E., Charlton, P., Chelkowski, S., Chen, Y., Christensen, N., Chua, S.S.Y., Chung, C.T.Y., Clark, D., Clark, J., Clayton, J.H., Conte, R., Cook, D., Corbitt, T.R., Cornish, N., Costa, C.A., Coward, D., Coyne, D.C., Creighton, J.D.E., Creighton, T.D., Cruise, A.M., Culter, R.M., Cumming, A., Cunningham, L., Dahl, K., Danilishin, S.L., Dannenberg, R., Danzmann, K., Das, K., Daudert, B., Davies, G., Davis, A., Daw, E.J., Dayanga, T., Debra, D., Degallaix, J., Dergachev, V., Derosa, R., Desalvo, R., Devanka, P., Dhurandhar, S., Di Palma, I., Díaz, M., Donovan, F., Dooley, K.L., Doomes, E.E., Dorsher, S., Douglas, E.S.D., Drever, R.W.P., Driggers, J.C., Dueck, J., Dumas, J.-C., Eberle, T., Edgar, M., Edwards, M., Effler, A., Ehrens, P., Engel, R., Etzel, T., Evans, M., Evans, T., Fairhurst, S., Fan, Y., Farr, B.F., Fazi, D., Fehrmann, H., Feldbaum, D., Finn, L.S., Flanigan, M., Flasch, K., Foley, S., Forrest, C., Forsi, E., Fotopoulos, N., Frede, M., Frei, M., Frei, Z., Freise, A., Frey, R., Fricke, T.T., Friedrich, D., Fritschel, P., Frolov, V.V., Fulda, P., Fyffe, M., Garofoli, J.A., Gholami, I., Ghosh, S., Giaime, J.A., Giampanis, S., Giardina, K.D., Gill, C., Goetz, E., Goggin, L.M., González, G., Gorodetsky, M.L., Gossler, S., Graef, C., Grant, A., Gras, S., Gray, C., Greenhalgh, R.J.S., Gretarsson, A.M., Grosso, R., Grote, H., Grunewald, S., Gustafson, E.K., Gustafson, R., Hage, B., Hall, P., Hallam, J.M., Hammer, D., Hammond, G., Hanks, J., Hanna, C., Hanson, J., Harms, J., Harry, G.M., Harry, I.W., Harstad, E.D., Haughian, K., Hayama, K., Heefner, J., Heng, I.S., Heptonstall, A., Hewitson, M., Hild, S., Hirose, E., Hoak, D., Hodge, K.A., Holt, K., Hosken, D.J., Hough, J., Howell, E., Hoyland, D., Hughey, B., Husa, S., Huttner, S.H., Huynh-Dinh, T., Ingram, D.R., Inta, R., Isogai, T., Ivanov, A., Johnson, W.W., Jones, D.I., Jones, G., Jones, R., Ju, L., Kalmus, P., Kalogera, V., Kandhasamy, S., Kanner, J., Katsavounidis, E., Kawabe, K., Kawamura, S., Kawazoe, F., Kells, W., Keppel, D.G., Khalaidovski, A., Khalili, F.Y., Khazanov, E.A., Kim, H., King, P.J., Kinzel, D.L., Kissel, J.S., Klimenko, S., Kondrashov, V., Kopparapu, R., Koranda, S., Kozak, D., Krause, T., Kringel, V., Krishnamurthy, S., Krishnan, B., Kuehn, G., Kullman, J., Kumar, R., Kwee, P., Landry, M., Lang, M., Lantz, B., Lastzka, N., Lazzarini, A., Leaci, P., Leong, J., Leonor, I., Li, J., Lin, H., Lindquist, P.E., Lockerbie, N.A., Lodhia, D., Lormand, M., Lu, P., Luan, J., Lubinski, M., Lucianetti, A., Lück, H., Lundgren, A., Machenschalk, B., Macinnis, M., Mageswaran, M., Mailand, K., Mak, C., Mandel, I., Mandic, V., Márka, S., Márka, Z., Maros, E., Martin, I.W., Martin, R.M., Marx, J.N., Mason, K., Matichard, F., Matone, L., Matzner, R.A., Mavalvala, N., McCarthy, R., McClelland, D.E., McGuire, S.C., McIntyre, G., McIvor, G., McKechan, D.J.A., Meadors, G., Mehmet, M., Meier, T., Melatos, A., Melissinos, A.C., Mendell, G., Menéndez, D.F., Mercer, R.A., Merill, L., Meshkov, S., Messenger, C., Meyer, M.S., Miao, H., Miller, J., Mino, Y., Mitra, S., Mitrofanov, V.P., Mitselmakher, G., Mittleman, R., Moe, B., Mohanty, S.D., Mohapatra, S.R.P., Moraru, D., Moreno, G., Morioka, T., Mors, K., Mossavi, K., Mowlowry, C., Mueller, G., Mukherjee, S., Mullavey, A., Müller-Ebhardt, H., Munch, J., Murray, P.G., Nash, T., Nawrodt, R., Nelson, J., Newton, G., Nishizawa, A., Nolting, D., Ochsner, E., O'Dell, J., Ogin, G.H., Oldenburg, R.G., O'Reilly, B., O'Shaughnessy, R., Osthelder, C., Ottaway, D.J., Ottens, R.S., Overmier, H., Owen, B.J., Page, A., Pan, Y., Pankow, C., Papa, M.A., Pareja, M., Patel, P., Pedraza, M., Pekowsky, L., Penn, S., Peralta, C., Perreca, A., Pickenpack, M., Pinto, I.M., Pitkin, M., Pletsch, H.J., Plissi, M.V., Postiglione, F., Predoi, V., Price, L.R., Prijatelj, M., Principe, M., Prix, R., Prokhorov, L., Puncken, O., Quetschke, V., Raab, F.J., Radke, T., Radkins, H., Raffai, P., Rakhmanov, M., Rankins, B., Raymond, V., Reed, C.M., Reed, T., Reid, S., Reitze, D.H., Riesen, R., Riles, K., Roberts, P., Robertson, N.A., Robinson, C., Robinson, E.L., Roddy, S., Röver, C., Rollins, J., Romano, J.D., Romie, J.H., Rowan, S., Rüdiger, A., Ryan, K., Sakata, S., Sakosky, M., Salemi, F., Sammut, L., De La Jordana, L.S., Sandberg, V., Sannibale, V., Santamaría, L., Santostasi, G., Saraf, S., Sathyaprakash, B.S., Sato, S., Satterthwaite, M., Saulson, P.R., Savage, R., Schilling, R., Schnabel, R., Schofield, R., Schulz, B., Schutz, B.F., Schwinberg, P., Scott, J., Scott, S.M., Searle, A.C., Seifert, F., Sellers, D., Sengupta, A.S., Sergeev, A., Shaddock, D., Shapiro, B., Shawhan, P., Shoemaker, D.H., Sibley, A., Siemens, X., Sigg, D., Singer, A., Sintes, A.M., Skelton, G., Slagmolen, B.J.J., Slutsky, J., Smith, J.R., Smith, M.R., Smith, N.D., Somiya, K., Sorazu, B., Speirits, F.C., Stein, A.J., Stein, L.C., Steinlechner, S., Steplewski, S., Stochino, A., Stone, R., Strain, K.A., Strigin, S., Stroeer, A., Stuver, A.L., Summerscales, T.Z., Sung, M., Susmithan, S., Sutton, P.J., Talukder, D., Tanner, D.B., Tarabrin, S.P., Taylor, J.R., Taylor, R., Thomas, P., Thorne, K.A., Thorne, K.S., Thrane, E., Thüring, A., Titsler, C., Tokmakov, K.V., Torres, C., Torrie, C.I., Traylor, G., Trias, M., Tseng, K., Ugolini, D., Urbanek, K., Vahlbruch, H., Vaishnav, B., Vallisneri, M., Van Den Broeck, C., Van Der Sluys, M.V., Van Veggel, A.A., Vass, S., Vaulin, R., Vecchio, A., Veitch, J., Veitch, P.J., Veltkamp, C., Villar, A., Vorvick, C., Vyachanin, S.P., Waldman, S.J., Wallace, L., Wanner, A., Ward, R.L., Wei, P., Weinert, M., Weinstein, A.J., Weiss, R., Wen, L., Wen, S., Wessels, P., West, M., Westphal, T., Wette, K., Whelan, J.T., Whitcomb, S.E., White, D.J., Whiting, B.F., Wilkinson, C., Willems, P.A., Williams, L., Willke, B., Winkelmann, L., Winkler, W., Wipf, C.C., Wiseman, A.G., Woan, G., Wooley, R., Worden, J., Yakushin, I., Yamamoto, H., Yamamoto, K., Yeaton-Massey, D., Yoshida, S., Yu, P.P., Zanolin, M., Zhang, L., Zhang, Z., Zhao, C., Zotov, N., Zucker, M.E., Zweizig, J.","First search for gravitational waves from the youngest known neutron star",2010,"Astrophysical Journal","722","2",,"1504","1513",,68,10.1088/0004-637X/722/2/1504,"https://www.scopus.com/inward/record.uri?eid=2-s2.0-78149255347&doi=10.1088%2f0004-637X%2f722%2f2%2f1504&partnerID=40&md5=bd9fc06b950e5b9c902121be890df975",Article,Scopus,2-s2.0-78149255347
"Abadie, J., Abbott, B.P., Abbott, R., Abernathy, M., Accadia, T., Acernese, F., Adams, C., Adhikari, R., Ajith, P., Allen, B., Allen, G., Amador Ceron, E., Amin, R.S., Anderson, S.B., Anderson, W.G., Antonucci, F., Aoudia, S., Arain, M.A., Araya, M., Aronsson, M., Arun, K.G., Aso, Y., Aston, S., Astone, P., Atkinson, D.E., Aufmuth, P., Aulbert, C., Babak, S., Baker, P., Ballardin, G., Ballmer, S., Barker, D., Barnum, S., Barone, F., Barr, B., Barriga, P., Barsotti, L., Barsuglia, M., Barton, M.A., Bartos, I., Bassiri, R., Bastarrika, M., Bauchrowitz, J., Bauer, Th.S., Behnke, B., Beker, M.G., Benacquista, M., Bertolini, A., Betzwieser, J., Beveridge, N., Beyersdorf, P.T., Bigotta, S., Bilenko, I.A., Billingsley, G., Birch, J., Birindelli, S., Biswas, R., Bitossi, M., Bizouard, M.A., Black, E., Blackburn, J.K., Blackburn, L., Blair, D., Bland, B., Blom, M., Blomberg, A., Boccara, C., Bock, O., Bodiya, T.P., Bondarescu, R., Bondu, F., Bonelli, L., Bork, R., Born, M., Bose, S., Bosi, L., Boyle, M., Braccini, S., Bradaschia, C., Brady, P.R., Braginsky, V.B., Brau, J.E., Breyer, J., Bridges, D.O., Brillet, A., Brinkmann, M., Brisson, V., Britzger, M., Brooks, A.F., Brown, D.A., Budzyński, R., Bulik, T., Bulten, H.J., Buonanno, A., Burguet-Castell, J., Burmeister, O., Buskulic, D., Byer, R.L., Cadonati, L., Cagnoli, G., Calloni, E., Camp, J.B., Campagna, E., Campsie, P., Cannizzo, J., Cannon, K.C., Canuel, B., Cao, J., Capano, C., Carbognani, F., Caride, S., Caudill, S., Cavaglià, M., Cavalier, F., Cavalieri, R., Cella, G., Cepeda, C., Cesarini, E., Chalermsongsak, T., Chalkley, E., Charlton, P., Chassande Mottin, E., Chelkowski, S., Chen, Y., Chincarini, A., Christensen, N., Chua, S.S.Y., Chung, C.T.Y., Clark, D., Clark, J., Clayton, J.H., Cleva, F., Coccia, E., Colacino, C.N., Colas, J., Colla, A., Colombini, M., Conte, R., Cook, D., Corbitt, T.R., Corda, C., Cornish, N., Corsi, A., Costa, C.A., Coulon, J.P., Coward, D., Coyne, D.C., Creighton, J.De., Creighton, T.D., Cruise, A.M., Culter, R.M., Cumming, A., Cunningham, L., Cuoco, E., Dahl, K., Danilishin, S.L., Dannenberg, R., D'Antonio, S., Danzmann, K., Dari, A., Das, K., Dattilo, V., Daudert, B., Davier, M., Davies, G., Davis, A., Daw, E.J., Day, R., Dayanga, T., De Rosa, R., DeBra, D., Degallaix, J., Del Prete, M., Dergachev, V., DeRosa, R., DeSalvo, R., Devanka, P., Dhurandhar, S., Di Fiore, L., Di Lieto, A., Di Palma, I., Di Paolo Emilio, M., Di Virgilio, A., Díaz, M., Dietz, A., Donovan, F., Dooley, K.L., Doomes, E.E., Dorsher, S., Douglas, E.S.D., Drago, M., Drever, R.W.P., Driggers, J.C., Dueck, J., Dumas, J.C., Eberle, T., Edgar, M., Edwards, M., Effler, A., Ehrens, P., Engel, R., Etzel, T., Evans, M., Evans, T., Fafone, V., Fairhurst, S., Fan, Y., Farr, B.F., Fazi, D., Fehrmann, H., Feldbaum, D., Ferrante, I., Fidecaro, F., Finn, L.S., Fiori, I., Flaminio, R., Flanigan, M., Flasch, K., Foley, S., Forrest, C., Forsi, E., Fotopoulos, N., Fournier, J.D., Franc, J., Frasca, S., Frasconi, F., Frede, M., Frei, M., Frei, Z., Freise, A., Frey, R., Fricke, T.T., Friedrich, D., Fritschel, P., Frolov, V.V., Fulda, P., Fyffe, M., Gammaitoni, L., Garofoli, J.A., Garufi, F., Gemme, G., Genin, E., Gennai, A., Gholami, I., Ghosh, S., Giaime, J.A., Giampanis, S., Giardina, K.D., Giazotto, A., Gill, C., Goetz, E., Goggin, L.M., González, G., Gorodetsky, M.L., Goßler, S., Gouaty, R., Graef, C., Granata, M., Grant, A., Gras, S., Gray, C., Greenhalgh, R.Js., Gretarsson, A.M., Greverie, C., Grosso, R., Grote, H., Grunewald, S., Guidi, G.M., Gustafson, E.K., Gustafson, R., Hage, B., Hall, P., Hallam, J.M., Hammer, D., Hammond, G., Hanks, J., Hanna, C., Hanson, J., Harms, J., Harry, G.M., Harry, I.W., Harstad, E.D., Haughian, K., Hayama, K., Heefner, J., Heitmann, H., Hello, P., Heng, I.S., Heptonstall, A., Hewitson, M., Hild, S., Hirose, E., Hoak, D., Hodge, K.A., Holt, K., Hosken, D.J., Hough, J., Howell, E., Hoyland, D., Huet, D., Hughey, B., Husa, S., Huttner, S.H., Huynh-Dinh, T., Ingram, D.R., Inta, R., Isogai, T., Ivanov, A., Jaranowski, P., Johnson, W.W., Jones, D.I., Jones, G., Jones, R., Ju, L., Kalmus, P., Kalogera, V., Kandhasamy, S., Kanner, J., Katsavounidis, E., Kawabe, K., Kawamura, S., Kawazoe, F., Kells, W., Keppel, D.G., Khalaidovski, A., Khalili, F.Y., Khazanov, E.A., Kim, C., Kim, H., King, P.J., Kinzel, D.L., Kissel, J.S., Klimenko, S., Kondrashov, V., Kopparapu, R., Koranda, S., Kowalska, I., Kozak, D., Krause, T., Kringel, V., Krishnamurthy, S., Krishnan, B., Królak, A., Kuehn, G., Kullman, J., Kumar, R., Kwee, P., Landry, M., Lang, M., Lantz, B., Lastzka, N., Lazzarini, A., Leaci, P., Leong, J., Leonor, I., Leroy, N., Letendre, N., Li, J., Li, T.G.F., Lin, H., Lindquist, P.E., Lockerbie, N.A., Lodhia, D., Lorenzini, M., Loriette, V., Lormand, M., Losurdo, G., Lu, P., Luan, J., Lubinski, M., Lucianetti, A., Lück, H., Lundgren, A., MacHenschalk, B., MacInnis, M., MacKowski, J.M., Mageswaran, M., Mailand, K., Majorana, E., Mak, C., Man, N., Mandel, I., Mandic, V., Mantovani, M., Marchesoni, F., Marion, F., Márka, S., Márka, Z., Maros, E., Marque, J., Martelli, F., Martin, I.W., Martin, R.M., Marx, J.N., Mason, K., Masserot, A., Matichard, F., Matone, L., Matzner, R.A., Mavalvala, N., McCarthy, R., McClelland, D.E., McGuire, S.C., McIntyre, G., McIvor, G., McKechan, D.Ja., Meadors, G., Mehmet, M., Meier, T., Melatos, A., Melissinos, A.C., Mendell, G., Menéndez, D.F., Mercer, R.A., Merill, L., Meshkov, S., Messenger, C., Meyer, M.S., Miao, H., Michel, C., Milano, L., Miller, J., Minenkov, Y., Mino, Y., Mitra, S., Mitrofanov, V.P., Mitselmakher, G., Mittleman, R., Moe, B., Mohan, M., Mohanty, S.D., Mohapatra, S.Rp., Moraru, D., Moreau, J., Moreno, G., Morgado, N., Morgia, A., Morioka, T., Mors, K., Mosca, S., Moscatelli, V., Mossavi, K., Mours, B., MowLowry, C., Mueller, G., Mukherjee, S., Mullavey, A., Müller-Ebhardt, H., Munch, J., Murray, P.G., Nash, T., Nawrodt, R., Nelson, J., Neri, I., Newton, G., Nishizawa, A., Nocera, F., Nolting, D., Ochsner, E., O'Dell, J., Ogin, G.H., Oldenburg, R.G., O'Reilly, B., O'Shaughnessy, R., Osthelder, C., Ottaway, D.J., Ottens, R.S., Overmier, H., Owen, B.J., Page, A., Pagliaroli, G., Palladino, L., Palomba, C., Pan, Y., Pankow, C., Paoletti, F., Papa, M.A., Pardi, S., Pareja, M., Parisi, M., Pasqualetti, A., Passaquieti, R., Passuello, D., Patel, P., Pedraza, M., Pekowsky, L., Penn, S., Peralta, C., Perreca, A., Persichetti, G., Pichot, M., Pickenpack, M., Piergiovanni, F., Pietka, M., Pinard, L., Pinto, I.M., Pitkin, M., Pletsch, H.J., Plissi, M.V., Poggiani, R., Postiglione, F., Prato, M., Predoi, V., Price, L.R., Prijatelj, M., Principe, M., Privitera, S., Prix, R., Prodi, G.A., Prokhorov, L., Puncken, O., Punturo, M., Puppo, P., Quetschke, V., Raab, F.J., Rabaste, O., Rabeling, D.S., Radke, T., Radkins, H., Raffai, P., Rakhmanov, M., Rankins, B., Rapagnani, P., Raymond, V., Re, V., Reed, C.M., Reed, T., Regimbau, T., Reid, S., Reitze, D.H., Ricci, F., Riesen, R., Riles, K., Roberts, P., Robertson, N.A., Robinet, F., Robinson, C., Robinson, E.L., Rocchi, A., Roddy, S., Röver, C., Rogstad, S., Rolland, L., Rollins, J., Romano, J.D., Romano, R., Romie, J.H., Rosińska, D., Rowan, S., Rüdiger, A., Ruggi, P., Ryan, K., Sakata, S., Sakosky, M., Salemi, F., Sammut, L., Sancho De La Jordana, L., Sandberg, V., Sannibale, V., Santamaría, L., Santostasi, G., Saraf, S., Sassolas, B., Sathyaprakash, B.S., Sato, S., Satterthwaite, M., Saulson, P.R., Savage, R., Schilling, R., Schnabel, R., Schofield, R., Schulz, B., Schutz, B.F., Schwinberg, P., Scott, J., Scott, S.M., Searle, A.C., Seifert, F., Sellers, D., Sengupta, A.S., Sentenac, D., Sergeev, A., Shaddock, D.A., Shapiro, B., Shawhan, P., Shoemaker, D.H., Sibley, A., Siemens, X., Sigg, D., Singer, A., Sintes, A.M., Skelton, G., Slagmolen, B.Jj., Slutsky, J., Smith, J.R., Smith, M.R., Smith, N.D., Somiya, K., Sorazu, B., Speirits, F.C., Stein, A.J., Stein, L.C., Steinlechner, S., Steplewski, S., Stochino, A., Stone, R., Strain, K.A., Strigin, S., Stroeer, A., Sturani, R., Stuver, A.L., Summerscales, T.Z., Sung, M., Susmithan, S., Sutton, P.J., Swinkels, B., Talukder, D., Tanner, D.B., Tarabrin, S.P., Taylor, J.R., Taylor, R., Thomas, P., Thorne, K.A., Thorne, K.S., Thrane, E., Thüring, A., Titsler, C., Tokmakov, K.V., Toncelli, A., Tonelli, M., Torres, C., Torrie, C.I., Tournefier, E., Travasso, F., Traylor, G., Trias, M., Trummer, J., Tseng, K., Ugolini, D., Urbanek, K., Vahlbruch, H., Vaishnav, B., Vajente, G., Vallisneri, M., Van Den Brand, J.F.J., Van Den Broeck, C., Van Der Putten, S., Van Der Sluys, M.V., Van Veggel, A.A., Vass, S., Vaulin, R., Vavoulidis, M., Vecchio, A., Vedovato, G., Veitch, J., Veitch, P.J., Veltkamp, C., Verkindt, D., Vetrano, F., Viceré, A., Villar, A., Vinet, J.-Y., Vocca, H., Vorvick, C., Vyachanin, S.P., Waldman, S.J., Wallace, L., Wanner, A., Ward, R.L., Was, M., Wei, P., Weinert, M., Weinstein, A.J., Weiss, R., Wen, L., Wen, S., Wessels, P., West, M., Westphal, T., Wette, K., Whelan, J.T., Whitcomb, S.E., White, D.J., Whiting, B.F., Wilkinson, C., Willems, P.A., Williams, L., Willke, B., Winkelmann, L., Winkler, W., Wipf, C.C., Wiseman, A.G., Woan, G., Wooley, R., Worden, J., Yakushin, I., Yamamoto, H., Yamamoto, K., Yeaton-Massey, D., Yoshida, S., Yu, P.P., Yvert, M., Zanolin, M., Zhang, L., Zhang, Z., Zhao, C., Zotov, N., Zucker, M.E., Zweizig, J., Belczynski, K.","Predictions for the rates of compact binary coalescences observable by ground-based gravitational-wave detectors",2010,"Classical and Quantum Gravity","27","17", 173001,"","",,414,10.1088/0264-9381/27/17/173001,"https://www.scopus.com/inward/record.uri?eid=2-s2.0-78649859339&doi=10.1088%2f0264-9381%2f27%2f17%2f173001&partnerID=40&md5=0dc1e226e4baa73aea584fddc612f055",Review,Scopus,2-s2.0-78649859339
"Abadie, J., Abbott, B.P., Abbott, R., Accadia, T., Acernese, F., Adhikari, R., Ajith, P., Allen, B., Allen, G., Amador Ceron, E., Amin, R.S., Anderson, S.B., Anderson, W.G., Antonucci, F., Arain, M.A., Araya, M., Arun, K.G., Aso, Y., Aston, S., Astone, P., Aufmuth, P., Aulbert, C., Babak, S., Baker, P., Ballardin, G., Ballmer, S., Barker, D., Barone, F., Barr, B., Barriga, P., Barsotti, L., Barsuglia, M., Barton, M.A., Bartos, I., Bassiri, R., Bastarrika, M., Bauer, T.S., Behnke, B., Beker, M.G., Belletoile, A., Benacquista, M., Betzwieser, J., Beyersdorf, P.T., Bigotta, S., Bilenko, I.A., Billingsley, G., Birindelli, S., Biswas, R., Bizouard, M.A., Black, E., Blackburn, J.K., Blackburn, L., Blair, D., Bland, B., Blom, M., Boccara, C., Bock, O., Bodiya, T.P., Bondarescu, R., Bondu, F., Bonelli, L., Bonnand, R., Bork, R., Born, M., Bose, S., Bosi, L., Bouhou, B., Braccini, S., Bradaschia, C., Brady, P.R., Braginsky, V.B., Brau, J.E., Breyer, J., Bridges, D.O., Brillet, A., Brinkmann, M., Brisson, V., Britzger, M., Brooks, A.F., Brown, D.A., Budzyński, R., Bulik, T., Bullington, A., Bulten, H.J., Buonanno, A., Burmeister, O., Buskulic, D., Buy, C., Byer, R.L., Cadonati, L., Cagnoli, G., Cain, J., Calloni, E., Camp, J.B., Campagna, E., Cannizzo, J., Cannon, K.C., Canuel, B., Cao, J., Capano, C.D., Carbognani, F., Cardenas, L., Caudill, S., Cavaglià, M., Cavalier, F., Cavalieri, R., Cella, G., Cepeda, C., Cesarini, E., Chalermsongsak, T., Chalkley, E., Charlton, P., Chassande-Mottin, E., Chatterji, S., Chelkowski, S., Chen, Y., Chincarini, A., Christensen, N., Chua, S.S.Y., Chung, C.T.Y., Clark, D., Clark, J., Clayton, J.H., Cleva, F., Coccia, E., Colacino, C.N., Colas, J., Colla, A., Colombini, M., Conte, R., Cook, D., Corbitt, T.R.C., Cornish, N., Corsi, A., Coulon, J.-P., Coward, D., Coyne, D.C., Creighton, J.D.E., Creighton, T.D., Cruise, A.M., Culter, R.M., Cumming, A., Cunningham, L., Cuoco, E., Dahl, K., Danilishin, S.L., D'Antonio, S., Danzmann, K., Dattilo, V., Daudert, B., Davier, M., Davies, G., Daw, E.J., Day, R., Dayanga, T., De Rosa, R., Debra, D., Degallaix, J., Del Prete, M., Dergachev, V., Desalvo, R., Dhurandhar, S., Di Fiore, L., Di Lieto, A., Di Paolo Emilio, M., Di Virgilio, A., Díaz, M., Dietz, A., Donovan, F., Dooley, K.L., Doomes, E.E., Drago, M., Drever, R.W.P., Driggers, J., Dueck, J., Duke, I., Dumas, J.-C., Edgar, M., Edwards, M., Effler, A., Ehrens, P., Etzel, T., Evans, M., Evans, T., Fafone, V., Fairhurst, S., Faltas, Y., Fan, Y., Fazi, D., Fehrmann, H., Ferrante, I., Fidecaro, F., Finn, L.S., Fiori, I., Flaminio, R., Flasch, K., Foley, S., Forrest, C., Fotopoulos, N., Fournier, J.-D., Franc, J., Frasca, S., Frasconi, F., Frede, M., Frei, M., Frei, Z., Freise, A., Frey, R., Fricke, T.T., Friedrich, D., Fritschel, P., Frolov, V.V., Fulda, P., Fyffe, M., Galimberti, M., Gammaitoni, L., Garofoli, J.A., Garufi, F., Gemme, G., Genin, E., Gennai, A., Ghosh, S., Giaime, J.A., Giampanis, S., Giardina, K.D., Giazotto, A., Goetz, E., Goggin, L.M., González, G., Goßler, S., Gouaty, R., Granata, M., Grant, A., Gras, S., Gray, C., Greenhalgh, R.J.S., Gretarsson, A.M., Greverie, C., Grosso, R., Grote, H., Grunewald, S., Guidi, G.M., Gustafson, E.K., Gustafson, R., Hage, B., Hallam, J.M., Hammer, D., Hammond, G.D., Hanna, C., Hanson, J., Harms, J., Harry, G.M., Harry, I.W., Harstad, E.D., Haughian, K., Hayama, K., Hayau, J.-F., Hayler, T., Heefner, J., Heitmann, H., Hello, P., Heng, I.S., Heptonstall, A., Hewitson, M., Hild, S., Hirose, E., Hoak, D., Hodge, K.A., Holt, K., Hosken, D.J., Hough, J., Howell, E., Hoyland, D., Huet, D., Hughey, B., Husa, S., Huttner, S.H., Ingram, D.R., Isogai, T., Ivanov, A., Jaranowski, P., Johnson, W.W., Jones, D.I., Jones, G., Jones, R., Ju, L., Kalmus, P., Kalogera, V., Kandhasamy, S., Kanner, J., Katsavounidis, E., Kawabe, K., Kawamura, S., Kawazoe, F., Kells, W., Keppel, D.G., Khalaidovski, A., Khalili, F.Y., Khan, R., Khazanov, E., Kim, H., King, P.J., Kissel, J.S., Klimenko, S., Kokeyama, K., Kondrashov, V., Kopparapu, R., Koranda, S., Kowalska, I., Kozak, D., Kringel, V., Krishnan, B., Królak, A., Kuehn, G., Kullman, J., Kumar, R., Kwee, P., Lam, P.K., Landry, M., Lang, M., Lantz, B., Lastzka, N., Lazzarini, A., Leaci, P., Lei, M., Leindecker, N., Leonor, I., Leroy, N., Letendre, N., Li, T.G.F., Lin, H., Lindquist, P.E., Littenberg, T.B., Lockerbie, N.A., Lodhia, D., Lorenzini, M., Loriette, V., Lormand, M., Losurdo, G., Lu, P., Lubinski, M., Lucianetti, A., Lück, H., Lundgren, A., MacHenschalk, B., MacInnis, M., Mageswaran, M., Mailand, K., Majorana, E., Mak, C., Maksimovic, I., Man, N., Mandel, I., Mandic, V., Mantovani, M., Marchesoni, F., Marion, F., Márka, S., Márka, Z., Markosyan, A., Markowitz, J., Maros, E., Marque, J., Martelli, F., Martin, I.W., Martin, R.M., Marx, J.N., Mason, K., Masserot, A., Matichard, F., Matone, L., Matzner, R.A., Mavalvala, N., McCarthy, R., McClelland, D.E., McGuire, S.C., McIntyre, G., McKechan, D.J.A., Mehmet, M., Melatos, A., Melissinos, A.C., Mendell, G., Menéndez, D.F., Mercer, R.A., Merill, L., Meshkov, S., Messenger, C., Meyer, M.S., Miao, H., Michel, C., Milano, L., Miller, J., Minenkov, Y., Mino, Y., Mitra, S., Mitrofanov, V.P., Mitselmakher, G., Mittleman, R., Miyakawa, O., Moe, B., Mohan, M., Mohanty, S.D., Mohapatra, S.R.P., Moreau, J., Moreno, G., Morgado, N., Morgia, A., Mors, K., Mosca, S., Moscatelli, V., Mossavi, K., Mours, B., Mowlowry, C., Mueller, G., Mukherjee, S., Mullavey, A., Müller-Ebhardt, H., Munch, J., Murray, P.G., Nash, T., Nawrodt, R., Nelson, J., Neri, I., Newton, G., Nishida, E., Nishizawa, A., Nocera, F., Ochsner, E., O'Dell, J., Ogin, G.H., Oldenburg, R., O'Reilly, B., O'Shaughnessy, R., Ottaway, D.J., Ottens, R.S., Overmier, H., Owen, B.J., Page, A., Pagliaroli, G., Palladino, L., Palomba, C., Pan, Y., Pankow, C., Paoletti, F., Papa, M.A., Pardi, S., Parisi, M., Pasqualetti, A., Passaquieti, R., Passuello, D., Patel, P., Pathak, D., Pedraza, M., Pekowsky, L., Penn, S., Peralta, C., Perreca, A., Persichetti, G., Pichot, M., Pickenpack, M., Piergiovanni, F., Pietka, M., Pinard, L., Pinto, I.M., Pitkin, M., Pletsch, H.J., Plissi, M.V., Poggiani, R., Postiglione, F., Prato, M., Principe, M., Prix, R., Prodi, G.A., Prokhorov, L., Puncken, O., Punturo, M., Puppo, P., Quetschke, V., Raab, F.J., Rabeling, D.S., Rabeling, D.S., Radkins, H., Raffai, P., Raics, Z., Rakhmanov, M., Rapagnani, P., Raymond, V., Re, V., Reed, C.M., Reed, T., Regimbau, T., Rehbein, H., Reid, S., Reitze, D.H., Ricci, F., Riesen, R., Riles, K., Roberts, P., Robertson, N.A., Robinet, F., Robinson, C., Robinson, E.L., Rocchi, A., Roddy, S., Röver, C., Rolland, L., Rollins, J., Romano, J.D., Romano, R., Romie, J.H., Rosińska, D., Rowan, S., Rüdiger, A., Ruggi, P., Ryan, K., Sakata, S., Salemi, F., Sammut, L., Sancho De La Jordana, L., Sandberg, V., Sannibale, V., Santamaría, L., Santostasi, G., Saraf, S., Sarin, P., Sassolas, B., Sathyaprakash, B.S., Sato, S., Satterthwaite, M., Saulson, P.R., Savage, R., Schilling, R., Schnabel, R., Schofield, R., Schulz, B., Schutz, B.F., Schwinberg, P., Scott, J., Scott, S.M., Searle, A.C., Seifert, F., Sellers, D., Sengupta, A.S., Sentenac, D., Sergeev, A., Shapiro, B., Shawhan, P., Shoemaker, D.H., Sibley, A., Siemens, X., Sigg, D., Sintes, A.M., Skelton, G., Slagmolen, B.J.J., Slutsky, J., Smith, J.R., Smith, M.R., Smith, N.D., Somiya, K., Sorazu, B., Sperandio, L., Stein, A.J., Stein, L.C., Steplewski, S., Stochino, A., Stone, R., Strain, K.A., Strigin, S., Stroeer, A., Sturani, R., Stuver, A.L., Summerscales, T.Z., Sung, M., Susmithan, S., Sutton, P.J., Swinkels, B., Szokoly, G.P., Talukder, D., Tanner, D.B., Tarabrin, S.P., Taylor, J.R., Taylor, R., Thorne, K.A., Thorne, K.S., Thüring, A., Titsler, C., Tokmakov, K.V., Toncelli, A., Tonelli, M., Torres, C., Torrie, C.I., Tournefier, E., Travasso, F., Traylor, G., Trias, M., Trummer, J., Turner, L., Ugolini, D., Urbanek, K., Vahlbruch, H., Vajente, G., Vallisneri, M., Van Den Brand, J.F.J., Van Den Broeck, C., Van Der Putten, S., Van Der Sluys, M.V., Vass, S., Vaulin, R., Vavoulidis, M., Vecchio, A., Vedovato, G., Van Veggel, A.A., Veitch, J., Veitch, P.J., Veltkamp, C., Verkindt, D., Vetrano, F., Viceré, A., Villar, A., Vinet, J.-Y., Vocca, H., Vorvick, C., Vyachanin, S.P., Waldman, S.J., Wallace, L., Wanner, A., Ward, R.L., Was, M., Wei, P., Weinert, M., Weinstein, A.J., Weiss, R., Wen, L., Wen, S., Wessels, P., West, M., Westphal, T., Wette, K., Whelan, J.T., Whitcomb, S.E., Whiting, B.F., Wilkinson, C., Willems, P.A., Williams, H.R., Williams, L., Willke, B., Wilmut, I., Winkelmann, L., Winkler, W., Wipf, C.C., Wiseman, A.G., Woan, G., Wooley, R., Worden, J., Yakushin, I., Yamamoto, H., Yamamoto, K., Yeaton-Massey, D., Yoshida, S., Yvert, M., Zanolin, M., Zhang, L., Zhang, Z., Zhao, C., Zotov, N., Zucker, M.E., Zweizig, J.","All-sky search for gravitational-wave bursts in the first joint LIGO-GEO-Virgo run",2010,"Physical Review D - Particles, Fields, Gravitation and Cosmology","81","10", 102001,"","",,78,10.1103/PhysRevD.81.102001,"https://www.scopus.com/inward/record.uri?eid=2-s2.0-77954323077&doi=10.1103%2fPhysRevD.81.102001&partnerID=40&md5=8b123474e0a1f33cba71646233f3d777",Article,Scopus,2-s2.0-77954323077
"Abbott, B.P., Abbott, R., Acernese, F., Adhikari, R., Ajith, P., Allen, B., Allen, G., Alshourbagy, M., Amin, R.S., Anderson, S.B., Anderson, W.G., Antonucci, F., Aoudia, S., Arain, M.A., Araya, M., Armandula, H., Armor, P., Arun, K.G., Aso, Y., Aston, S., Astone, P., Aufmuth, P., Aulbert, C., Babak, S., Baker, P., Ballardin, G., Ballmer, S., Barker, C., Barker, D., Barone, F., Barr, B., Barriga, P., Barsotti, L., Barsuglia, M., Barton, M.A., Bartos, I., Bassiri, R., Bastarrika, M., Bauer, T.S., Behnke, B., Beker, M., Benacquista, M., Betzwieser, J., Beyersdorf, P.T., Bigotta, S., Bilenko, I.A., Billingsley, G., Birindelli, S., Biswas, R., Bizouard, M.A., Black, E., Blackburn, J.K., Blackburn, L., Blair, D., Bland, B., Boccara, C., Bodiya, T.P., Bogue, L., Bondu, F., Bonelli, L., Bork, R., Boschi, V., Bose, S., Bosi, L., Braccini, S., Bradaschia, C., Brady, P.R., Braginsky, V.B., Brau, J.E., Bridges, D.O., Brillet, A., Brinkmann, M., Brisson, V., Brooks, A.F., Brown, D.A., Brummit, A., Brunet, G., Budzyński, R., Bulik, T., Bullington, A., Bulten, H.J., Buonanno, A., Burmeister, O., Buskulic, D., Byer, R.L., Cadonati, L., Cagnoli, G., Calloni, E., Camp, J.B., Campagna, E., Cannizzo, J., Cannon, K.C., Canuel, B., Cao, J., Carbognani, F., Cardenas, L., Caride, S., Castaldi, G., Caudill, S., Cavagli, M., Cavalier, F., Cavalieri, R., Cella, G., Cepeda, C., Cesarini, E., Chalermsongsak, T., Chalkley, E., Charlton, P., Chassande-Mottin, E., Chatterji, S., Chelkowski, S., Chen, Y., Chincarini, A., Christensen, N., Chung, C.T.Y., Clark, D., Clark, J., Clayton, J.H., Cleva, F., Coccia, E., Cokelaer, T., Colacino, C.N., Colas, J., Colla, A., Colombini, M., Conte, R., Cook, D., Corbitt, T.R.C., Corda, C., Cornish, N., Corsi, A., Coulon, J.-P., Coward, D., Coyne, D.C., Creighton, J.D.E., Creighton, T.D., Cruise, A.M., Culter, R.M., Cumming, A., Cunningham, L., Cuoco, E., Danilishin, S.L., D'Antonio, S., Danzmann, K., Dari, A., Dattilo, V., Daudert, B., Davier, M., Davies, G., Daw, E.J., Day, R., De Rosa, R., Debra, D., Degallaix, J., Del Prete, M., Dergachev, V., Desai, S., Desalvo, R., Dhurandhar, S., Fiore, L.D., Lieto, A.D., Emilio, M.D.P., Virgilio, A.D., Díaz, M., Dietz, A., Donovan, F., Dooley, K.L., Doomes, E.E., Drago, M., Drever, R.W.P., Dueck, J., Duke, I., Dumas, J.-C., Dwyer, J.G., Echols, C., Edgar, M., Edwards, M., Effler, A., Ehrens, P., Espinoza, E., Etzel, T., Evans, M., Evans, T., Fafone, V., Fairhurst, S., Faltas, Y., Fan, Y., Fazi, D., Fehrmann, H., Ferrante, I., Fidecaro, F., Finn, L.S., Fiori, I., Flaminio, R., Flasch, K., Foley, S., Forrest, C., Fotopoulos, N., Fournier, J.-D., Franc, J., Franzen, A., Frasca, S., Frasconi, F., Frede, M., Frei, M., Frei, Z., Freise, A., Frey, R., Fricke, T., Fritschel, P., Frolov, V.V., Fyffe, M., Galdi, V., Gammaitoni, L., Garofoli, J.A., Garufi, F., Gemme, G., Genin, E., Gennai, A., Gholami, I., Giaime, J.A., Giampanis, S., Giardina, K.D., Giazotto, A., Goda, K., Goetz, E., Goggin, L.M., Gonzlez, G., Gorodetsky, M.L., Goezetler, S., Goler, S., Gouaty, R., Granata, M., Granata, V., Grant, A., Gras, S., Gray, C., Gray, M., Greenhalgh, R.J.S., Gretarsson, A.M., Greverie, C., Grimaldi, F., Grosso, R., Grote, H., Grunewald, S., Guenther, M., Guidi, G., Gustafson, E.K., Gustafson, R., Hage, B., Hallam, J.M., Hammer, D., Hammond, G.D., Hanna, C., Hanson, J., Harms, J., Harry, G.M., Harry, I.W., Harstad, E.D., Haughian, K., Hayama, K., Heefner, J., Heitmann, H., Hello, P., Heng, I.S., Heptonstall, A., Hewitson, M., Hild, S., Hirose, E., Hoak, D., Hodge, K.A., Holt, K., Hosken, D.J., Hough, J., Hoyland, D., Huet, D., Hughey, B., Huttner, S.H., Ingram, D.R., Isogai, T., Ito, M., Ivanov, A., Jaranowski, P., Johnson, B., Johnson, W.W., Jones, D.I., Jones, G., Jones, R., Ju, L., Kalmus, P., Kalogera, V., Kandhasamy, S., Kanner, J., Kasprzyk, D., Katsavounidis, E., Kawabe, K., Kawamura, S., Kawazoe, F., Kells, W., Keppel, D.G., Khalaidovski, A., Khalili, F.Y., Khan, R., Khazanov, E., King, P., Kissel, J.S., Klimenko, S., Kokeyama, K., Kondrashov, V., Kopparapu, R., Koranda, S., Kowalska, I., Kozak, D., Krishnan, B., Królak, A., Kumar, R., Kwee, P., Penna, P.L., Lam, P.K., Landry, M., Lantz, B., Lazzarini, A., Lei, H., Lei, M., Leindecker, N., Leonor, I., Leroy, N., Letendre, N., Li, C., Lin, H., Lindquist, P.E., Littenberg, T.B., Lockerbie, N.A., Lodhia, D., Longo, M., Lorenzini, M., Loriette, V., Lormand, M., Losurdo, G., Lu, P., Lubinski, M., Lucianetti, A., Lück, H., MacHenschalk, B., MacInnis, M., MacKowski, J.-M., Mageswaran, M., Mailand, K., Majorana, E., Man, N., Mandel, I., Mandic, V., Mantovani, M., Marchesoni, F., Marion, F., Mrka, S., Mrka, Z., Markosyan, A., Markowitz, J., Maros, E., Marque, J., Martelli, F., Martin, I.W., Martin, R.M., Marx, J.N., Mason, K., Masserot, A., Matichard, F., Matone, L., Matzner, R.A., Mavalvala, N., McCarthy, R., McClelland, D.E., McGuire, S.C., McHugh, M., McIntyre, G., McKechan, D.J.A., McKenzie, K., Mehmet, M., Melatos, A., Melissinos, A.C., Mendell, G., Menéndez, D.F., Menzinger, F., Mercer, R.A., Meshkov, S., Messenger, C., Meyer, M.S., Michel, C., Milano, L., Miller, J., Minelli, J., Minenkov, Y., Mino, Y., Mitrofanov, V.P., Mitselmakher, G., Mittleman, R., Miyakawa, O., Moe, B., Mohan, M., Mohanty, S.D., Mohapatra, S.R.P., Moreau, J., Moreno, G., Morgado, N., Morgia, A., Morioka, T., Mors, K., Mosca, S., Moscatelli, V., Mossavi, K., Mours, B., Mowlowry, C., Mueller, G., Muhammad, D., Mukherjee, S., Mukhopadhyay, H., Mullavey, A., Müller-Ebhardt, H., Munch, J., Murray, P.G., Myers, E., Myers, J., Nash, T., Nelson, J., Neri, I., Newton, G., Nishizawa, A., Nocera, F., Numata, K., Ochsner, E., O'Dell, J., Ogin, G.H., O'Reilly, B., O'Shaughnessy, R., Ottaway, D.J., Ottens, R.S., Overmier, H., Owen, B.J., Pagliaroli, G., Palomba, C., Pan, Y., Pankow, C., Paoletti, F., Papa, M.A., Parameshwaraiah, V., Pardi, S., Pasqualetti, A., Passaquieti, R., Passuello, D., Patel, P., Pedraza, M., Penn, S., Perreca, A., Persichetti, G., Pichot, M., Piergiovanni, F., Pierro, V., Pietka, M., Pinard, L., Pinto, I.M., Pitkin, M., Pletsch, H.J., Plissi, M.V., Poggiani, R., Postiglione, F., Prato, M., Principe, M., Prix, R., Prodi, G.A., Prokhorov, L., Puncken, O., Punturo, M., Puppo, P., Quetschke, V., Raab, F.J., Rabaste, O., Rabeling, D.S., Radkins, H., Raffai, P., Raics, Z., Rainer, N., Rakhmanov, M., Rapagnani, P., Raymond, V., Re, V., Reed, C.M., Reed, T., Regimbau, T., Rehbein, H., Reid, S., Reitze, D.H., Ricci, F., Riesen, R., Riles, K., Rivera, B., Roberts, P., Robertson, N.A., Robinet, F., Robinson, C., Robinson, E.L., Rocchi, A., Roddy, S., Rolland, L., Rollins, J., Romano, J.D., Romano, R., Romie, J.H., Rosińska, D., Röver, C., Rowan, S., Rüdiger, A., Ruggi, P., Russell, P., Ryan, K., Sakata, S., Salemi, F., De La Jordana, L.S., Sandberg, V., Sannibale, V., Santamaría, L., Saraf, S., Sarin, P., Sassolas, B., Sathyaprakash, B.S., Sato, S., Satterthwaite, M., Saulson, P.R., Savage, R., Savov, P., Scanlan, M., Schilling, R., Schnabel, R., Schofield, R., Schulz, B., Schutz, B.F., Schwinberg, P., Scott, J., Scott, S.M., Searle, A.C., Sears, B., Seifert, F., Sellers, D., Sengupta, A.S., Sentenac, D., Sergeev, A., Shapiro, B., Shawhan, P., Shoemaker, D.H., Sibley, A., Siemens, X., Sigg, D., Sinha, S., Sintes, A.M., Slagmolen, B.J.J., Slutsky, J., Smith, J.R., Smith, M.R., Smith, N.D., Somiya, K., Sorazu, B., Stein, A., Stein, L.C., Steplewski, S., Stochino, A., Stone, R., Strain, K.A., Strigin, S., Stroeer, A., Sturani, R., Stuver, A.L., Summerscales, T.Z., Sun, K.-X., Sung, M., Sutton, P.J., Swinkels, B., Szokoly, G.P., Talukder, D., Tang, L., Tanner, D.B., Tarabrin, S.P., Taylor, J.R., Taylor, R., Terenzi, R., Thacker, J., Thorne, K.A., Thorne, K.S., Thüring, A., Tokmakov, K.V., Toncelli, A., Tonelli, M., Torres, C., Torrie, C., Tournefier, E., Travasso, F., Traylor, G., Trias, M., Trummer, J., Ugolini, D., Ulmen, J., Urbanek, K., Vahlbruch, H., Vajente, G., Vallisneri, M., Van Den Brand, J.F.J., Van Den Broeck, C., Van Der Putten, S., Van Der Sluys, M.V., Van Veggel, A.A., Vass, S., Vaulin, R., Vavoulidis, M., Vecchio, A., Vedovato, G., Veitch, J., Veitch, P., Veltkamp, C., Verkindt, D., Vetrano, F., Viceré, A., Villar, A., Vinet, J.-Y., Vocca, H., Vorvick, C., Vyachanin, S.P., Waldman, S.J., Wallace, L., Ward, R.L., Was, M., Weidner, A., Weinert, M., Weinstein, A.J., Weiss, R., Wen, L., Wen, S., Wette, K., Whelan, J.T., Whitcomb, S.E., Whiting, B.F., Wilkinson, C., Willems, P.A., Williams, H.R., Williams, L., Willke, B., Wilmut, I., Winkelmann, L., Winkler, W., Wipf, C.C., Wiseman, A.G., Woan, G., Wooley, R., Worden, J., Wu, W., Yakushin, I., Yamamoto, H., Yan, Z., Yoshida, S., Yvert, M., Zanolin, M., Zhang, J., Zhang, L., Zhao, C., Zotov, N., Zucker, M.E., Zur Mühlen, H., Zweizig, A.J.","Search for gravitational-wave bursts associated with gamma-ray bursts using data from LIGO science run 5 and Virgo science run 1",2010,"Astrophysical Journal","715","2",,"1438","1452",,55,10.1088/0004-637X/715/2/1438,"https://www.scopus.com/inward/record.uri?eid=2-s2.0-77953003838&doi=10.1088%2f0004-637X%2f715%2f2%2f1438&partnerID=40&md5=dbc065c5dc09a3f3908748422dab7069",Article,Scopus,2-s2.0-77953003838
"Abadie, J., Abbott, B.P., Abbott, R., Accadia, T., Acernese, F., Adhikari, R., Ajith, P., Allen, B., Allen, G., Ceron, E.A., Amin, R.S., Anderson, S.B., Anderson, W.G., Antonucci, F., Aoudia, S., Arain, M.A., Araya, M., Arun, K.G., Aso, Y., Aston, S., Astone, P., Aufmuth, P., Aulbert, C., Babak, S., Baker, P., Ballardin, G., Ballmer, S., Barker, D., Barone, F., Barr, B., Barriga, P., Barsotti, L., Barsuglia, M., Barton, M.A., Bartos, I., Bassiri, R., Bastarrika, M., Bauer, T.S., Behnke, B., Beker, M.G., Belletoile, A., Benacquista, M., Betzwieser, J., Beyersdorf, P.T., Bigotta, S., Bilenko, I.A., Billingsley, G., Birindelli, S., Biswas, R., Bizouard, M.A., Black, E., Blackburn, J.K., Blackburn, L., Blair, D., Bland, B., Blom, M., Boccara, C., Bock, O., Bodiya, T.P., Bondarescu, R., Bondu, F., Bonelli, L., Bonnand, R., Bork, R., Born, M., Bose, S., Bosi, L., Braccini, S., Bradaschia, C., Brady, P.R., Braginsky, V.B., Brau, J.E., Breyer, J., Bridges, D.O., Brillet, A., Brinkmann, M., Brisson, V., Britzger, M., Brooks, A.F., Brown, D.A., Budzyński, R., Bulik, T., Bullington, A., Bulten, H.J., Buonanno, A., Burguet-Castell, J., Burmeister, O., Buskulic, D., Buy, C., Byer, R.L., Cadonati, L., Cagnoli, G., Cain, J., Calloni, E., Camp, J.B., Campagna, E., Cannizzo, J., Cannon, K.C., Canuel, B., Cao, J., Capano, C.D., Carbognani, F., Cardenas, L., Caudill, S., Cavagli, M., Cavalier, F., Cavalieri, R., Cella, G., Cepeda, C., Cesarini, E., Chalermsongsak, T., Chalkley, E., Charlton, P., Chassande-Mottin, E., Chatterji, S., Chelkowski, S., Chen, Y., Chincarini, A., Christensen, N., Chua, S.S.Y., Chung, C.T.Y., Clark, D., Clark, J., Clayton, J.H., Cleva, F., Coccia, E., Colacino, C.N., Colas, J., Colla, A., Colombini, M., Conte, R., Cook, D., Corbitt, T.R.C., Cornish, N., Corsi, A., Coulon, J.-P., Coward, D., Coyne, D.C., Creighton, J.D.E., Creighton, T.D., Cruise, A.M., Culter, R.M., Cumming, A., Cunningham, L., Cuoco, E., Dahl, K., Danilishin, S.L., D'Antonio, S., Danzmann, K., Dattilo, V., Daudert, B., Davier, M., Davies, G., Daw, E.J., Day, R., Dayanga, T., De Rosa, R., Debra, D., Degallaix, J., Del Prete, M., Dergachev, V., Desalvo, R., Dhurandhar, S., Fiore, L.D., Lieto, A.D., Emilio, M.D.P., Di Virgilio, A., Díaz, M., Dietz, A., Donovan, F., Dooley, K.L., Doomes, E.E., Drago, M., Drever, R.W.P., Driggers, J., Dueck, J., Duke, I., Dumas, J.-C., Edgar, M., Edwards, M., Effler, A., Ehrens, P., Etzel, T., Evans, M., Evans, T., Fafone, V., Fairhurst, S., Faltas, Y., Fan, Y., Fazi, D., Fehrmann, H., Ferrante, I., Fidecaro, F., Finn, L.S., Fiori, I., Flaminio, R., Flasch, K., Foley, S., Forrest, C., Fotopoulos, N., Fournier, J.-D., Franc, J., Frasca, S., Frasconi, F., Frede, M., Frei, M., Frei, Z., Freise, A., Frey, R., Fricke, T.T., Friedrich, D., Fritschel, P., Frolov, V.V., Fulda, P., Fyffe, M., Galimberti, M., Gammaitoni, L., Garofoli, J.A., Garufi, F., Gemme, G., Genin, E., Gennai, A., Ghosh, S., Giaime, J.A., Giampanis, S., Giardina, K.D., Giazotto, A., Goetz, E., Goggin, L.M., González, G., Goler, S., Gouaty, R., Granata, M., Grant, A., Gras, S., Gray, C., Greenhalgh, R.J.S., Gretarsson, A.M., Greverie, C., Grosso, R., Grote, H., Grunewald, S., Guidi, G.M., Gustafson, E.K., Gustafson, R., Hage, B., Hallam, J.M., Hammer, D., Hammond, G.D., Hanna, C., Hanson, J., Harms, J., Harry, G.M., Harry, I.W., Harstad, E.D., Haughian, K., Hayama, K., Hayler, T., Heefner, J., Heitmann, H., Hello, P., Heng, I.S., Heptonstall, A., Hewitson, M., Hild, S., Hirose, E., Hoak, D., Hodge, K.A., Holt, K., Hosken, D.J., Hough, J., Howell, E., Hoyland, D., Huet, D., Hughey, B., Husa, S., Huttner, S.H., Ingram, D.R., Isogai, T., Ivanov, A., Jaranowski, P., Johnson, W.W., Jones, D.I., Jones, G., Jones, R., Ju, L., Kalmus, P., Kalogera, V., Kandhasamy, S., Kanner, J., Katsavounidis, E., Kawabe, K., Kawamura, S., Kawazoe, F., Kells, W., Keppel, D.G., Khalaidovski, A., Khalili, F.Y., Khan, R., Khazanov, E., Kim, H., King, P.J., Kissel, J.S., Klimenko, S., Kokeyama, K., Kondrashov, V., Kopparapu, R., Koranda, S., Kowalska, I., Kozak, D., Kringel, V., Krishnan, B., Królak, A., Kuehn, G., Kullman, J., Kumar, R., Kwee, P., Lam, P.K., Landry, M., Lang, M., Lantz, B., Lastzka, N., Lazzarini, A., Leaci, P., Lei, M., Leindecker, N., Leonor, I., Leroy, N., Letendre, N., Li, T.G.F., Lin, H., Lindquist, P.E., Littenberg, T.B., Lockerbie, N.A., Lodhia, D., Lorenzini, M., Loriette, V., Lormand, M., Losurdo, G., Lu, P., Lubinski, M., Lucianetti, A., Lück, H., Lundgren, A., MacHenschalk, B., MacInnis, M., Mageswaran, M., Mailand, K., Majorana, E., Mak, C., Maksimovic, I., Man, N., Mandel, I., Mandic, V., Mantovani, M., Marchesoni, F., Marion, F., Márka, S., Márka, Z., Markosyan, A., Markowitz, J., Maros, E., Marque, J., Martelli, F., Martin, I.W., Martin, R.M., Marx, J.N., Mason, K., Masserot, A., Matichard, F., Matone, L., Matzner, R.A., Mavalvala, N., McCarthy, R., McClelland, D.E., McGuire, S.C., McIntyre, G., McKechan, D.J.A., Mehmet, M., Melatos, A., Melissinos, A.C., Mendell, G., Menéndez, D.F., Mercer, R.A., Merill, L., Meshkov, S., Messenger, C., Meyer, M.S., Miao, H., Michel, C., Milano, L., Miller, J., Minenkov, Y., Mino, Y., Mitra, S., Mitrofanov, V.P., Mitselmakher, G., Mittleman, R., Miyakawa, O., Moe, B., Mohan, M., Mohanty, S.D., Mohapatra, S.R.P., Moreau, J., Moreno, G., Morgado, N., Morgia, A., Mors, K., Mosca, S., Moscatelli, V., Mossavi, K., Mours, B., Mowlowry, C., Mueller, G., Mukherjee, S., Mullavey, A., Müller-Ebhardt, H., Munch, J., Murray, P.G., Nash, T., Nawrodt, R., Nelson, J., Neri, I., Newton, G., Nishida, E., Nishizawa, A., Nocera, F., Ochsner, E., O'Dell, J., Ogin, G.H., Oldenburg, R., O'Reilly, B., O'Shaughnessy, R., Ottaway, D.J., Ottens, R.S., Overmier, H., Owen, B.J., Page, A., Pagliaroli, G., Palomba, C., Pan, Y., Pankow, C., Paoletti, F., Papa, M.A., Pardi, S., Parisi, M., Pasqualetti, A., Passaquieti, R., Passuello, D., Patel, P., Pathak, D., Pedraza, M., Pekowsky, L., Penn, S., Peralta, C., Perreca, A., Persichetti, G., Pichot, M., Pickenpack, M., Piergiovanni, F., Pietka, M., Pinard, L., Pinto, I.M., Pitkin, M., Pletsch, H.J., Plissi, M.V., Poggiani, R., Postiglione, F., Prato, M., Predoi, V., Principe, M., Prix, R., Prodi, G.A., Prokhorov, L., Puncken, O., Punturo, M., Puppo, P., Quetschke, V., Raab, F.J., Rabeling, D.S., Radkins, H., Raffai, P., Raics, Z., Rakhmanov, M., Rapagnani, P., Raymond, V., Re, V., Reed, C.M., Reed, T., Regimbau, T., Rehbein, H., Reid, S., Reitze, D.H., Ricci, F., Riesen, R., Riles, K., Roberts, P., Robertson, N.A., Robinet, F., Robinson, C., Robinson, E.L., Rocchi, A., Roddy, S., Röver, C., Rolland, L., Rollins, J., Romano, J.D., Romano, R., Romie, J.H., Rosińska, D., Rowan, S., Rüdiger, A., Ruggi, P., Ryan, K., Sakata, S., Salemi, F., Sammut, L., De La Jordana, L.S., Sandberg, V., Sannibale, V., Santamaría, L., Santostasi, G., Saraf, S., Sarin, P., Sassolas, B., Sathyaprakash, B.S., Sato, S., Satterthwaite, M., Saulson, P.R., Savage, R., Schilling, R., Schnabel, R., Schofield, R., Schulz, B., Schutz, B.F., Schwinberg, P., Scott, J., Scott, S.M., Searle, A.C., Seifert, F., Sellers, D., Sengupta, A.S., Sentenac, D., Sergeev, A., Shapiro, B., Shawhan, P., Shoemaker, D.H., Sibley, A., Siemens, X., Sigg, D., Sintes, A.M., Skelton, G., Slagmolen, B.J.J., Slutsky, J., Smith, J.R., Smith, M.R., Smith, N.D., Somiya, K., Sorazu, B., Stein, A.J., Stein, L.C., Steplewski, S., Stochino, A., Stone, R., Strain, K.A., Strigin, S., Stroeer, A., Sturani, R., Stuver, A.L., Summerscales, T.Z., Sung, M., Susmithan, S., Sutton, P.J., Swinkels, B., Szokoly, G.P., Talukder, D., Tanner, D.B., Tarabrin, S.P., Taylor, J.R., Taylor, R., Thorne, K.A., Thorne, K.S., Thüring, A., Titsler, C., Tokmakov, K.V., Toncelli, A., Tonelli, M., Torres, C., Torrie, C.I., Tournefier, E., Travasso, F., Traylor, G., Trias, M., Trummer, J., Turner, L., Ugolini, D., Urbanek, K., Vahlbruch, H., Vajente, G., Vallisneri, M., Van Den Brand, J.F.J., Van Den Broeck, C., Van Der Putten, S., Van Der Sluys, M.V., Vass, S., Vaulin, R., Vavoulidis, M., Vecchio, A., Vedovato, G., Van Veggel, A.A., Veitch, J., Veitch, P.J., Veltkamp, C., Verkindt, D., Vetrano, F., Viceré, A., Villar, A., Vinet, J.-Y., Vocca, H., Vorvick, C., Vyachanin, S.P., Waldman, S.J., Wallace, L., Wanner, A., Ward, R.L., Was, M., Wei, P., Weinert, M., Weinstein, A.J., Weiss, R., Wen, L., Wen, S., Wessels, P., West, M., Westphal, T., Wette, K., Whelan, J.T., Whitcomb, S.E., Whiting, B.F., Wilkinson, C., Willems, P.A., Williams, H.R., Williams, L., Willke, B., Wilmut, I., Winkelmann, L., Winkler, W., Wipf, C.C., Wiseman, A.G., Woan, G., Wooley, R., Worden, J., Yakushin, I., Yamamoto, H., Yamamoto, K., Yeaton-Massey, D., Yoshida, S., Yu, P.P., Yvert, M., Zanolin, M., Zhang, L., Zhang, Z., Zhao, C., Zotov, N., Zucker, M.E., Zweizig, J.","Search for gravitational-wave inspiral signals associated with short gamma-ray bursts during LIGO'S fifth and Virgo's first science run",2010,"Astrophysical Journal","715","2",,"1453","1461",,81,10.1088/0004-637X/715/2/1453,"https://www.scopus.com/inward/record.uri?eid=2-s2.0-77952970524&doi=10.1088%2f0004-637X%2f715%2f2%2f1453&partnerID=40&md5=15449fdd3139ab9b4149bf250972fce4",Article,Scopus,2-s2.0-77952970524
"Abbott, B.P., Abbott, R., Acernese, F., Adhikari, R., Ajith, P., Allen, B., Allen, G., Alshourbagy, M., Amin, R.S., Anderson, S.B., Anderson, W.G., Antonucci, F., Aoudia, S., Arain, M.A., Araya, M., Armandula, H., Armor, P., Arun, K.G., Aso, Y., Aston, S., Astone, P., Aufmuth, P., Aulbert, C., Babak, S., Baker, P., Ballardin, G., Ballmer, S., Barker, C., Barker, D., Barone, F., Barr, B., Barriga, P., Barsotti, L., Barsuglia, M., Barton, M.A., Bartos, I., Bassiri, R., Bastarrika, M., Bauer, T.S., Behnke, B., Beker, M., Benacquista, M., Betzwieser, J., Beyersdorf, P.T., Bigotta, S., Bilenko, I.A., Billingsley, G., Birindelli, S., Biswas, R., Bizouard, M.A., Black, E., Blackburn, J.K., Blackburn, L., Blair, D., Bland, B., Boccara, C., Bodiya, T.P., Bogue, L., Bondu, F., Bonelli, L., Bork, R., Boschi, V., Bose, S., Bosi, L., Braccini, S., Bradaschia, C., Brady, P.R., Braginsky, V.B., Brau, J.E., Bridges, D.O., Brillet, A., Brinkmann, M., Brisson, V., Van Den Broeck, C., Brooks, A.F., Brown, D.A., Brummit, A., Brunet, G., Budzyński, R., Bulik, T., Bullington, A., Bulten, H.J., Buonanno, A., Burmeister, O., Buskulic, D., Byer, R.L., Cadonati, L., Cagnoli, G., Calloni, E., Camp, J.B., Campagna, E., Cannizzo, J., Cannon, K.C., Canuel, B., Cao, J., Carbognani, F., Cardenas, L., Caride, S., Castaldi, G., Caudill, S., Cavagli, M., Cavalier, F., Cavalieri, R., Cella, G., Cepeda, C., Cesarini, E., Chalermsongsak, T., Chalkley, E., Charlton, P., Chassande-Mottin, E., Chatterji, S., Chelkowski, S., Chen, Y., Chincarini, A., Christensen, N., Chung, C.T.Y., Clark, D., Clark, J., Clayton, J.H., Cleva, F., Coccia, E., Cokelaer, T., Colacino, C.N., Colas, J., Colla, A., Colombini, M., Conte, R., Cook, D., Corbitt, T.R.C., Corda, C., Cornish, N., Corsi, A., Coulon, J.-P., Coward, D., Coyne, D.C., Creighton, J.D.E., Creighton, T.D., Cruise, A.M., Culter, R.M., Cumming, A., Cunningham, L., Cuoco, E., Danilishin, S.L., D'antonio, S., Danzmann, K., Dari, A., Dattilo, V., Daudert, B., Davier, M., Davies, G., Daw, E.J., Day, R., De Rosa, R., Debra, D., Degallaix, J., Del Prete, M., Dergachev, V., Desai, S., Desalvo, R., Dhurandhar, S., Fiore, L.D., Lieto, A.D., Emilio, M.D., Virgilio, A.D., Díaz, M., Dietz, A., Donovan, F., Dooley, K.L., Doomes, E.E., Drago, M., Drever, R.W.P., Dueck, J., Duke, I., Dumas, J.-C., Dwyer, J.G., Echols, C., Edgar, M., Effler, A., Ehrens, P., Espinoza, E., Etzel, T., Evans, M., Evans, T., Fafone, V., Fairhurst, S., Faltas, Y., Fan, Y., Fazi, D., Fehrmann, H., Ferrante, I., Fidecaro, F., Finn, L.S., Fiori, I., Flaminio, R., Flasch, K., Foley, S., Forrest, C., Fotopoulos, N., Fournier, J.-D., Franc, J., Franzen, A., Frasca, S., Frasconi, F., Frede, M., Frei, M., Frei, Z., Freise, A., Frey, R., Fricke, T., Fritschel, P., Frolov, V.V., Fyffe, M., Galdi, V., Gammaitoni, L., Garofoli, J.A., Garufi, F., Gemme, G., Genin, E., Gennai, A., Gholami, I., Giaime, J.A., Giampanis, S., Giardina, K.D., Giazotto, A., Goda, K., Goetz, E., Goggin, L.M., Gonzlez, G., Gorodetsky, M.L., Goler, S., Gouaty, R., Granata, M., Granata, V., Grant, A., Gras, S., Gray, C., Gray, M., Greenhalgh, R.J.S., Gretarsson, A.M., Greverie, C., Grimaldi, F., Grosso, R., Grote, H., Grunewald, S., Guenther, M., Guidi, G., Gustafson, E.K., Gustafson, R., Hage, B., Hallam, J.M., Hammer, D., Hammond, G.D., Hanna, C., Hanson, J., Harms, J., Harry, G.M., Harry, I.W., Harstad, E.D., Haughian, K., Hayama, K., Heefner, J., Heitmann, H., Hello, P., Heng, I.S., Heptonstall, A., Hewitson, M., Hild, S., Hirose, E., Hoak, D., Hodge, K.A., Holt, K., Hosken, D.J., Hough, J., Hoyland, D., Huet, D., Hughey, B., Huttner, S.H., Ingram, D.R., Isogai, T., Ito, M., Ivanov, A., Jaranowski, P., Johnson, B., Johnson, W.W., Jones, D.I., Jones, G., Jones, R., De La Jordana, L.S., Ju, L., Kalmus, P., Kalogera, V., Kandhasamy, S., Kanner, J., Kasprzyk, D., Katsavounidis, E., Kawabe, K., Kawamura, S., Kawazoe, F., Kells, W., Keppel, D.G., Khalaidovski, A., Khalili, F.Y., Khan, R., Khazanov, E., King, P., Kissel, J.S., Klimenko, S., Kokeyama, K., Kondrashov, V., Kopparapu, R., Koranda, S., Kowalska, I., Kozak, D., Krishnan, B., Królak, A., Kumar, R., Kwee, P., Penna, P.L., Lam, P.K., Landry, M., Lantz, B., Lazzarini, A., Lei, H., Lei, M., Leindecker, N., Leonor, I., Leroy, N., Letendre, N., Li, C., Lin, H., Lindquist, P.E., Littenberg, T.B., Lockerbie, N.A., Lodhia, D., Longo, M., Lorenzini, M., Loriette, V., Lormand, M., Losurdo, G., Lu, P., Lubinski, M., Lucianetti, A., Lück, H., Machenschalk, B., Macinnis, M., Mackowski, J.-M., Mageswaran, M., Mailand, K., Majorana, E., Man, N., Mandel, I., Mandic, V., Mantovani, M., Marchesoni, F., Marion, F., Mrka, S., Mrka, Z., Markosyan, A., Markowitz, J., Maros, E., Marque, J., Martelli, F., Martin, I.W., Martin, R.M., Marx, J.N., Mason, K., Masserot, A., Matichard, F., Matone, L., Matzner, R.A., Mavalvala, N., Mccarthy, R., Mcclelland, D.E., Mcguire, S.C., Mchugh, M., Mcintyre, G., Mckechan, D.J.A., Mckenzie, K., Mehmet, M., Melatos, A., Melissinos, A.C., Mendell, G., Menéndez, D.F., Menzinger, F., Mercer, R.A., Meshkov, S., Messenger, C., Meyer, M.S., Michel, C., Milano, L., Miller, J., Minelli, J., Minenkov, Y., Mino, Y., Mitrofanov, V.P., Mitselmakher, G., Mittleman, R., Miyakawa, O., Moe, B., Mohan, M., Mohanty, S.D., Mohapatra, S.R.P., Moreau, J., Moreno, G., Morgado, N., Morgia, A., Morioka, T., Mors, K., Mosca, S., Moscatelli, V., Mossavi, K., Mours, B., Mowlowry, C., Mueller, G., Muhammad, D., Zur Mühlen, H., Mukherjee, S., Mukhopadhyay, H., Mullavey, A., Müller-Ebhardt, H., Munch, J., Murray, P.G., Myers, E., Myers, J., Nash, T., Nelson, J., Neri, I., Newton, G., Nishizawa, A., Nocera, F., Numata, K., Ochsner, E., O'dell, J., Ogin, G.H., O'reilly, B., O'shaughnessy, R., Ottaway, D.J., Ottens, R.S., Overmier, H., Owen, B.J., Pagliaroli, G., Palomba, C., Pan, Y., Pankow, C., Paoletti, F., Papa, M.A., Parameshwaraiah, V., Pardi, S., Pasqualetti, A., Passaquieti, R., Passuello, D., Patel, P., Pedraza, M., Penn, S., Perreca, A., Persichetti, G., Pichot, M., Piergiovanni, F., Pierro, V., Pietka, M., Pinard, L., Pinto, I.M., Pitkin, M., Pletsch, H.J., Plissi, M.V., Poggiani, R., Postiglione, F., Prato, M., Principe, M., Prix, R., Prodi, G.A., Prokhorov, L., Puncken, O., Punturo, M., Puppo, P., Quetschke, V., Raab, F.J., Rabaste, O., Rabeling, D.S., Radkins, H., Raffai, P., Raics, Z., Rainer, N., Rakhmanov, M., Rapagnani, P., Raymond, V., Re, V., Reed, C.M., Reed, T., Regimbau, T., Rehbein, H., Reid, S., Reitze, D.H., Ricci, F., Riesen, R., Riles, K., Rivera, B., Roberts, P., Robertson, N.A., Robinet, F., Robinson, C., Robinson, E.L., Rocchi, A., Roddy, S., Rolland, L., Rollins, J., Romano, J.D., Romano, R., Romie, J.H., Rosińska, D., Röver, C., Rowan, S., Rüdiger, A., Ruggi, P., Russell, P., Ryan, K., Sakata, S., Salemi, F., Sandberg, V., Sannibale, V., Santamaría, L., Saraf, S., Sarin, P., Sassolas, B., Sathyaprakash, B.S., Sato, S., Satterthwaite, M., Saulson, P.R., Savage, R., Savov, P., Scanlan, M., Schilling, R., Schnabel, R., Schofield, R., Schulz, B., Schutz, B.F., Schwinberg, P., Scott, J., Scott, S.M., Searle, A.C., Sears, B., Seifert, F., Sellers, D., Sengupta, A.S., Sentenac, D., Sergeev, A., Shapiro, B., Shawhan, P., Shoemaker, D.H., Sibley, A., Siemens, X., Sigg, D., Sinha, S., Sintes, A.M., Slagmolen, B.J.J., Slutsky, J., Van Der Sluys, M.V., Smith, J.R., Smith, M.R., Smith, N.D., Somiya, K., Sorazu, B., Stein, A., Stein, L.C., Steplewski, S., Stochino, A., Stone, R., Strain, K.A., Strigin, S., Stroeer, A., Sturani, R., Stuver, A.L., Summerscales, T.Z., Sun, K.-X., Sung, M., Sutton, P.J., Swinkels, B., Szokoly, G.P., Talukder, D., Tang, L., Tanner, D.B., Tarabrin, S.P., Taylor, J.R., Taylor, R., Terenzi, R., Thacker, J., Thorne, K.A., Thorne, K.S., Thüring, A., Tokmakov, K.V., Toncelli, A., Tonelli, M., Torres, C., Torrie, C., Tournefier, E., Travasso, F., Traylor, G., Trias, M., Trummer, J., Ugolini, D., Ulmen, J., Urbanek, K., Vahlbruch, H., Vajente, G., Vallisneri, M., Van Den Brand, J.F.J., Van Der Putten, S., Vass, S., Vaulin, R., Vavoulidis, M., Vecchio, A., Vedovato, G., Van Veggel, A.A., Veitch, J., Veitch, P., Veltkamp, C., Verkindt, D., Vetrano, F., Viceré, A., Villar, A., Vinet, J.-Y., Vocca, H., Vorvick, C., Vyachanin, S.P., Waldman, S.J., Wallace, L., Ward, R.L., Was, M., Weidner, A., Weinert, M., Weinstein, A.J., Weiss, R., Wen, L., Wen, S., Wette, K., Whelan, J.T., Whitcomb, S.E., Whiting, B.F., Wilkinson, C., Willems, P.A., Williams, H.R., Williams, L., Willke, B., Wilmut, I., Winkelmann, L., Winkler, W., Wipf, C.C., Wiseman, A.G., Woan, G., Wooley, R., Worden, J., Wu, W., Yakushin, I., Yamamoto, H., Yan, Z., Yoshida, S., Yvert, M., Zanolin, M., Zhang, J., Zhang, L., Zhao, C., Zotov, N., Zucker, M.E., Zweizig, J., Bégin, S., Corongiu, A., D'amico, N., Freire, P.C.C., Hessels, J.W.T., Hobbs, G.B., Kramer, M., Lyne, A.G., Manchester, R.N., Marshall, F.E., Middleditch, J., Possenti, A., Ransom, S.M., Stairs, I.H., Stappers, B.","Searches for gravitational waves from known pulsars with science run 5 ligo data",2010,"Astrophysical Journal","713","1",,"671","685",,120,10.1088/0004-637X/713/1/671,"https://www.scopus.com/inward/record.uri?eid=2-s2.0-77950283283&doi=10.1088%2f0004-637X%2f713%2f1%2f671&partnerID=40&md5=bda229a50ae0d2fc4b07a8e663c672be",Article,Scopus,2-s2.0-77950283283
"Abbott, B., Abbott, R., Adhikari, R., Agresti, J., Ajith, P., Allen, B., Amin, R., Anderson, S.B., Anderson, W.G., Arain, M., Araya, M., Armandula, H., Ashley, M., Aston, S., Aufmuth, P., Aulbert, C., Babak, S., Ballmer, S., Bantilan, H., Barish, B.C., Barker, C., Barker, D., Barr, B., Barriga, P., Barton, M.A., Bayer, K., Belczynski, K., Betzwieser, J., Beyersdorf, P.T., Bhawal, B., Bilenko, I.A., Billingsley, G., Biswas, R., Black, E., Blackburn, K., Blackburn, L., Blair, D., Bland, B., Bogenstahl, J., Bogue, L., Bork, R., Boschi, V., Bose, S., Brady, P.R., Braginsky, V.B., Brau, J.E., Brinkmann, M., Brooks, A., Brown, D.A., Bullington, A., Bunkowski, A., Buonanno, A., Burmeister, O., Busby, D., Byer, R.L., Cadonati, L., Cagnoli, G., Camp, J.B., Cannizzo, J., Cannon, K., Cantley, C.A., Cao, J., Cardenas, L., Casey, M.M., Castaldi, G., Cepeda, C., Chalkey, E., Charlton, P., Chatterji, S., Chelkowski, S., Chen, Y., Chiadini, F., Chin, D., Chin, E., Chow, J., Christensen, N., Clark, J., Cochrane, P., Cokelaer, T., Colacino, C.N., Coldwell, R., Conte, R., Cook, D., Corbitt, T., Coward, D., Coyne, D., Creighton, J.D.E., Creighton, T.D., Croce, R.P., Crooks, D.R.M., Cruise, A.M., Cumming, A., Dalrymple, J., D'Ambrosio, E., Danzmann, K., Davies, G., Debra, D., Degallaix, J., Degree, M., Demma, T., Dergachev, V., Desai, S., Desalvo, R., Dhurandhar, S., Díaz, M., Dickson, J., Di Credico, A., Diederichs, G., Dietz, A., Doomes, E.E., Drever, R.W.P., Dumas, J.-C., Dupuis, R.J., Dwyer, J.G., Ehrens, P., Espinoza, E., Etzel, T., Evans, M., Evans, T., Fairhurst, S., Fan, Y., Fazi, D., Fejer, M.M., Finn, L.S., Fiumara, V., Fotopoulos, N., Franzen, A., Franzen, K.Y., Freise, A., Frey, R., Fricke, T., Fritschel, P., Frolov, V.V., Fyffe, M., Galdi, V., Garofoli, J., Gholami, I., Giaime, J.A., Giampanis, S., Giardina, K.D., Goda, K., Goetz, E., Goggin, L.M., González, G., Gossler, S., Grant, A., Gras, S., Gray, C., Gray, M., Greenhalgh, J., Gretarsson, A.M., Grosso, R., Grote, H., Grunewald, S., Guenther, M., Gustafson, R., Hage, B., Hammer, D., Hanna, C., Hanson, J., Harms, J., Harry, G., Harstad, E., Hayler, T., Heefner, J., Heng, I.S., Heptonstall, A., Heurs, M., Hewitson, M., Hild, S., Hirose, E., Hoak, D., Hosken, D., Hough, J., Howell, E., Hoyland, D., Huttner, S.H., Ingram, D., Innerhofer, E., Ito, M., Itoh, Y., Ivanov, A., Jackrel, D., Johnson, B., Johnson, W.W., Jones, D.I., Jones, G., Jones, R., Ju, L., Kalmus, P., Kalogera, V., Kasprzyk, D., Katsavounidis, E., Kawabe, K., Kawamura, S., Kawazoe, F., Kells, W., Keppel, D.G., Khalili, F.Ya., Kim, C., King, P., Kissel, J.S., Klimenko, S., Kokeyama, K., Kondrashov, V., Kopparapu, R.K., Kozak, D., Krishnan, B., Kwee, P., Lam, P.K., Landry, M., Lantz, B., Lazzarini, A., Lee, B., Lei, M., Leiner, J., Leonhardt, V., Leonor, I., Libbrecht, K., Lindquist, P., Lockerbie, N.A., Longo, M., Lormand, M., Lubinski, M., Lück, H., MacHenschalk, B., MacInnis, M., Mageswaran, M., Mailand, K., Malec, M., Mandic, V., Marano, S., Márka, S., Markowitz, J., Maros, E., Martin, I., Marx, J.N., Mason, K., Matone, L., Matta, V., Mavalvala, N., McCarthy, R., McClelland, D.E., McGuire, S.C., McHugh, M., McKenzie, K., McNabb, J.W.C., McWilliams, S., Meier, T., Melissinos, A., Mendell, G., Mercer, R.A., Meshkov, S., Messaritaki, E., Messenger, C.J., Meyers, D., Mikhailov, E., Mitra, S., Mitrofanov, V.P., Mitselmakher, G., Mittleman, R., Miyakawa, O., Mohanty, S., Moreno, G., Mossavi, K., Mowlowry, C., Moylan, A., Mudge, D., Mueller, G., Mukherjee, S., Müller-Ebhardt, H., Munch, J., Murray, P., Myers, E., Myers, J., Nash, T., Newton, G., Nishizawa, A., Numata, K., O'Reilly, B., O'Shaughnessy, R., Ottaway, D.J., Overmier, H., Owen, B.J., Pan, Y., Papa, M.A., Parameshwaraiah, V., Patel, P., Pedraza, M., Penn, S., Pierro, V., Pinto, I.M., Pitkin, M., Pletsch, H., Plissi, M.V., Postiglione, F., Prix, R., Quetschke, V., Raab, F., Rabeling, D., Radkins, H., Rahkola, R., Rainer, N., Rakhmanov, M., Ramsunder, M., Rawlins, K., Ray-Majumder, S., Re, V., Rehbein, H., Reid, S., Reitze, D.H., Ribichini, L., Riesen, R., Riles, K., Rivera, B., Robertson, N.A., Robinson, C., Robinson, E.L., Roddy, S., Rodriguez, A., Rogan, A.M., Rollins, J., Romano, J.D., Romie, J., Route, R., Rowan, S., Rüdiger, A., Ruet, L., Russell, P., Ryan, K., Sakata, S., Samidi, M., Sancho De La Jordana, L., Sandberg, V., Sannibale, V., Saraf, S., Sarin, P., Sathyaprakash, B.S., Sato, S., Saulson, P.R., Savage, R., Savov, P., Schediwy, S., Schilling, R., Schnabel, R., Schofield, R., Schutz, B.F., Schwinberg, P., Scott, S.M., Searle, A.C., Sears, B., Seifert, F., Sellers, D., Sengupta, A.S., Shawhan, P., Shoemaker, D.H., Sibley, A., Sidles, J.A., Siemens, X., Sigg, D., Sinha, S., Sintes, A.M., Slagmolen, B.J.J., Slutsky, J., Smith, J.R., Smith, M.R., Somiya, K., Strain, K.A., Strom, D.M., Stuver, A., Summerscales, T.Z., Sun, K.-X., Sung, M., Sutton, P.J., Takahashi, H., Tanner, D.B., Tarallo, M., Taylor, R., Taylor, R., Thacker, J., Thorne, K.A., Thorne, K.S., Thüring, A., Tokmakov, K.V., Torres, C., Torrie, C., Traylor, G., Trias, M., Tyler, W., Ugolini, D., Ungarelli, C., Urbanek, K., Vahlbruch, H., Vallisneri, M., Van Den Broeck, C., Varvella, M., Vass, S., Vecchio, A., Veitch, J., Veitch, P., Villar, A., Vorvick, C., Vyachanin, S.P., Waldman, S.J., Wallace, L., Ward, H., Ward, R., Watts, K., Webber, D., Weidner, A., Weinert, M., Weinstein, A., Weiss, R., Wen, S., Wette, K., Whelan, J.T., Whitbeck, D.M., Whitcomb, S.E., Whiting, B.F., Wilkinson, C., Willems, P.A., Williams, L., Willke, B., Wilmut, I., Winkler, W., Wipf, C.C., Wise, S., Wiseman, A.G., Woan, G., Woods, D., Wooley, R., Worden, J., Wu, W., Yakushin, I., Yamamoto, H., Yan, Z., Yoshida, S., Yunes, N., Zanolin, M., Zhang, J., Zhang, L., Zhao, C., Zotov, N., Zucker, M., Zur Mühlen, H., Zweizig, J.","Erratum: All-sky search for periodic gravitational waves in LIGO S4 data (Physical Review D (2008) 77 (022001))",2009,"Physical Review D - Particles, Fields, Gravitation and Cosmology","80","12", 129904,"","",,1,10.1103/PhysRevD.80.129904,"https://www.scopus.com/inward/record.uri?eid=2-s2.0-73449142107&doi=10.1103%2fPhysRevD.80.129904&partnerID=40&md5=573903adb5dc225e4c05c587d8787dd6",Erratum,Scopus,2-s2.0-73449142107
"Abbott, B.P., Abbott, R., Adhikari, R., Ajith, P., Allen, B., Allen, G., Amin, R.S., Anderson, S.B., Anderson, W.G., Arain, M.A., Araya, M., Armandula, H., Armor, P., Aso, Y., Aston, S., Aufmuth, P., Aulbert, C., Babak, S., Baker, P., Ballmer, S., Barker, C., Barker, D., Barr, B., Barriga, P., Barsotti, L., Barton, M.A., Bartos, I., Bassiri, R., Bastarrika, M., Behnke, B., Benacquista, M., Betzwieser, J., Beyersdorf, P.T., Bilenko, I.A., Billingsley, G., Biswas, R., Black, E., Blackburn, J.K., Blackburn, L., Blair, D., Bland, B., Bodiya, T.P., Bogue, L., Bork, R., Boschi, V., Bose, S., Brady, P.R., Braginsky, V.B., Brau, J.E., Bridges, D.O., Brinkmann, M., Brooks, A.F., Brown, D.A., Brummit, A., Brunet, G., Bullington, A., Buonanno, A., Burmeister, O., Byer, R.L., Cadonati, L., Camp, J.B., Cannizzo, J., Cannon, K.C., Cao, J., Cardenas, L., Caride, S., Castaldi, G., Caudill, S., Cavaglià, M., Cepeda, C., Chalermsongsak, T., Chalkley, E., Charlton, P., Chatterji, S., Chelkowski, S., Chen, Y., Christensen, N., Chung, C.T.Y., Clark, D., Clark, J., Clayton, J.H., Cokelaer, T., Colacino, C.N., Conte, R., Cook, D., Corbitt, T.R.C., Cornish, N., Coward, D., Coyne, D.C., Di Credico, A., Creighton, J.D.E., Creighton, T.D., Cruise, A.M., Culter, R.M., Cumming, A., Cunningham, L., Danilishin, S.L., Danzmann, K., Daudert, B., Davies, G., Daw, E.J., Debra, D., Degallaix, J., Dergachev, V., Desai, S., Desalvo, R., Dhurandhar, S., Díaz, M., Dietz, A., Donovan, F., Dooley, K.L., Doomes, E.E., Drever, R.W.P., Dueck, J., Duke, I., Dumas, J.-C., Dwyer, J.G., Echols, C., Edgar, M., Effler, A., Ehrens, P., Espinoza, E., Etzel, T., Evans, M., Evans, T., Fairhurst, S., Faltas, Y., Fan, Y., Fazi, D., Fehrmann, H., Finn, L.S., Flasch, K., Foley, S., Forrest, C., Fotopoulos, N., Franzen, A., Frede, M., Frei, M., Frei, Z., Freise, A., Frey, R., Fricke, T., Fritschel, P., Frolov, V.V., Fyffe, M., Galdi, V., Garofoli, J.A., Gholami, I., Giaime, J.A., Giampanis, S., Giardina, K.D., Goda, K., Goetz, E., Goggin, L.M., González, G., Gorodetsky, M.L., Goßler, S., Gouaty, R., Grant, A., Gras, S., Gray, C., Gray, M., Greenhalgh, R.J.S., Gretarsson, A.M., Grimaldi, F., Grosso, R., Grote, H., Grunewald, S., Guenther, M., Gustafson, E.K., Gustafson, R., Hage, B., Hallam, J.M., Hammer, D., Hammond, G.D., Hanna, C., Hanson, J., Harms, J., Harry, G.M., Harry, I.W., Harstad, E.D., Haughian, K., Hayama, K., Heefner, J., Heng, I.S., Heptonstall, A., Hewitson, M., Hild, S., Hirose, E., Hoak, D., Hodge, K.A., Holt, K., Hosken, D.J., Hough, J., Hoyland, D., Hughey, B., Huttner, S.H., Ingram, D.R., Isogai, T., Ito, M., Ivanov, A., Johnson, B., Johnson, W.W., Jones, D.I., Jones, G., Jones, R., Ju, L., Kalmus, P., Kalogera, V., Kandhasamy, S., Kanner, J., Kasprzyk, D., Katsavounidis, E., Kawabe, K., Kawamura, S., Kawazoe, F., Kells, W., Keppel, D.G., Khalaidovski, A., Khalili, F.Y., Khan, R., Khazanov, E., King, P., Kissel, J.S., Klimenko, S., Kokeyama, K., Kondrashov, V., Kopparapu, R., Koranda, S., Kozak, D., Krishnan, B., Kumar, R., Kwee, P., Lam, P.K., Landry, M., Lantz, B., Lazzarini, A., Lei, H., Lei, M., Leindecker, N., Leonor, I., Li, C., Lin, H., Lindquist, P.E., Littenberg, T.B., Lockerbie, N.A., Lodhia, D., Longo, M., Lormand, M., Lu, P., Lubinski, M., Lucianetti, A., Lück, H., MacHenschalk, B., MacInnis, M., Mageswaran, M., Mailand, K., Mandel, I., Mandic, V., Márka, S., Márka, Z., Markosyan, A., Markowitz, J., Maros, E., Martin, I.W., Martin, R.M., Marx, J.N., Mason, K., Matichard, F., Matone, L., Matzner, R.A., Mavalvala, N., McCarthy, R., McClelland, D.E., McGuire, S.C., McHugh, M., McIntyre, G., McKechan, D.J.A., McKenzie, K., Mehmet, M., Melatos, A., Melissinos, A.C., Menéndez, D.F., Mendell, G., Mercer, R.A., Meshkov, S., Messenger, C., Meyer, M.S., Miller, J., Minelli, J., Mino, Y., Mitrofanov, V.P., Mitselmakher, G., Mittleman, R., Miyakawa, O., Moe, B., Mohanty, S.D., Mohapatra, S.R.P., Moreno, G., Morioka, T., Mors, K., Mossavi, K., Mowlowry, C., Mueller, G., Müller-Ebhardt, H., Muhammad, D., Mukherjee, S., Mukhopadhyay, H., Mullavey, A., Munch, J., Murray, P.G., Myers, E., Myers, J., Nash, T., Nelson, J., Newton, G., Nishizawa, A., Numata, K., O'Dell, J., O'Reilly, B., O'Shaughnessy, R., Ochsner, E., Ogin, G.H., Ottaway, D.J., Ottens, R.S., Overmier, H., Owen, B.J., Pan, Y., Pankow, C., Papa, M.A., Parameshwaraiah, V., Patel, P., Pedraza, M., Penn, S., Perraca, A., Pierro, V., Pinto, I.M., Pitkin, M., Pletsch, H.J., Plissi, M.V., Postiglione, F., Principe, M., Prix, R., Prokhorov, L., Puncken, O., Quetschke, V., Raab, F.J., Rabeling, D.S., Radkins, H., Raffai, P., Raics, Z., Rainer, N., Rakhmanov, M., Raymond, V., Reed, C.M., Reed, T., Rehbein, H., Reid, S., Reitze, D.H., Riesen, R., Riles, K., Rivera, B., Roberts, P., Robertson, N.A., Robinson, C., Robinson, E.L., Roddy, S., Röver, C., Rollins, J., Romano, J.D., Romie, J.H., Rowan, S., Rüdiger, A., Russell, P., Ryan, K., Sakata, S., De La Jordana, L.S., Sandberg, V., Sannibale, V., Santamaría, L., Saraf, S., Sarin, P., Sathyaprakash, B.S., Sato, S., Satterthwaite, M., Saulson, P.R., Savage, R., Savov, P., Scanlan, M., Schilling, R., Schnabel, R., Schofield, R., Schulz, B., Schutz, B.F., Schwinberg, P., Scott, J., Scott, S.M., Searle, A.C., Sears, B., Seifert, F., Sellers, D., Sengupta, A.S., Sergeev, A., Shapiro, B., Shawhan, P., Shoemaker, D.H., Sibley, A., Siemens, X., Sigg, D., Sinha, S., Sintes, A.M., Slagmolen, B.J.J., Slutsky, J., Smith, J.R., Smith, M.R., Smith, N.D., Somiya, K., Sorazu, B., Stein, A., Stein, L.C., Steplewski, S., Stochino, A., Stone, R., Strain, K.A., Strigin, S., Stroeer, A., Stuver, A.L., Summerscales, T.Z., Sun, K.-X., Sung, M., Sutton, P.J., Szokoly, G.P., Talukder, D., Tang, L., Tanner, D.B., Tarabrin, S.P., Taylor, J.R., Taylor, R., Thacker, J., Thorne, K.A., Thorne, K.S., Thüring, A., Tokmakov, K.V., Torres, C., Torrie, C., Traylor, G., Trias, M., Ugolini, D., Ulmen, J., Urbanek, K., Vahlbruch, H., Vallisneri, M., Van Den Broeck, C., Van Der Sluys, M.V., Van Veggel, A.A., Vass, S., Vaulin, R., Vecchio, A., Veitch, J., Veitch, P., Veltkamp, C., Villadsen, J., Villar, A., Vorvick, C., Vyachanin, S.P., Waldman, S.J., Wallace, L., Ward, R.L., Weidner, A., Weinert, M., Weinstein, A.J., Weiss, R., Wen, L., Wen, S., Wette, K., Whelan, J.T., Whitcomb, S.E., Whiting, B.F., Wilkinson, C., Willems, P.A., Williams, H.R., Williams, L., Willke, B., Wilmut, I., Winkelmann, L., Winkler, W., Wipf, C.C., Wiseman, A.G., Woan, G., Wooley, R., Worden, J., Wu, W., Yakushin, I., Yamamoto, H., Yan, Z., Yoshida, S., Zanolin, M., Zhang, J., Zhang, L., Zhao, C., Zotov, N., Zucker, M.E., Zur Mühlen, H., Zweizig, J.","Search for high frequency gravitational-wave bursts in the first calendar year of LIGO's fifth science run",2009,"Physical Review D - Particles, Fields, Gravitation and Cosmology","80","10", 102002,"","",,16,10.1103/PhysRevD.80.102002,"https://www.scopus.com/inward/record.uri?eid=2-s2.0-72149104812&doi=10.1103%2fPhysRevD.80.102002&partnerID=40&md5=6e783b1a4bbd3592991d6535b321e0a2",Article,Scopus,2-s2.0-72149104812
"Abbott, B.P., Abbott, R., Adhikari, R., Ajith, P., Allen, B., Allen, G., Amin, R.S., Anderson, S.B., Anderson, W.G., Arain, M.A., Araya, M., Armandula, H., Armor, P., Aso, Y., Aston, S., Aufmuth, P., Aulbert, C., Babak, S., Baker, P., Ballmer, S., Barker, C., Barker, D., Barr, B., Barriga, P., Barsotti, L., Barton, M.A., Bartos, I., Bassiri, R., Bastarrika, M., Behnke, B., Benacquista, M., Betzwieser, J., Beyersdorf, P.T., Bilenko, I.A., Billingsley, G., Biswas, R., Black, E., Blackburn, J.K., Blackburn, L., Blair, D., Bland, B., Bodiya, T.P., Bogue, L., Bork, R., Boschi, V., Bose, S., Brady, P.R., Braginsky, V.B., Brau, J.E., Bridges, D.O., Brinkmann, M., Brooks, A.F., Brown, D.A., Brummit, A., Brunet, G., Bullington, A., Buonanno, A., Burmeister, O., Byer, R.L., Cadonati, L., Camp, J.B., Cannizzo, J., Cannon, K.C., Cao, J., Cardenas, L., Caride, S., Castaldi, G., Caudill, S., Cavaglià, M., Cepeda, C., Chalermsongsak, T., Chalkley, E., Charlton, P., Chatterji, S., Chelkowski, S., Chen, Y., Christensen, N., Chung, C.T.Y., Clark, D., Clark, J., Clayton, J.H., Cokelaer, T., Colacino, C.N., Conte, R., Cook, D., Corbitt, T.R.C., Cornish, N., Coward, D., Coyne, D.C., Creighton, J.D.E., Creighton, T.D., Cruise, A.M., Culter, R.M., Cumming, A., Cunningham, L., Danilishin, S.L., Danzmann, K., Daudert, B., Davies, G., Daw, E.J., Debra, D., Degallaix, J., Dergachev, V., Desai, S., Desalvo, R., Dhurandhar, S., Díaz, M., Di Credico, A., Dietz, A., Donovan, F., Dooley, K.L., Doomes, E.E., Drever, R.W.P., Dueck, J., Duke, I., Dumas, J.-C., Dwyer, J.G., Echols, C., Edgar, M., Effler, A., Ehrens, P., Espinoza, E., Etzel, T., Evans, M., Evans, T., Fairhurst, S., Faltas, Y., Fan, Y., Fazi, D., Fehrmann, H., Finn, L.S., Flasch, K., Foley, S., Forrest, C., Fotopoulos, N., Franzen, A., Frede, M., Frei, M., Frei, Z., Freise, A., Frey, R., Fricke, T., Fritschel, P., Frolov, V.V., Fyffe, M., Galdi, V., Garofoli, J.A., Gholami, I., Giaime, J.A., Giampanis, S., Giardina, K.D., Goda, K., Goetz, E., Goggin, L.M., González, G., Gorodetsky, M.L., Goßler, S., Gouaty, R., Grant, A., Gras, S., Gray, C., Gray, M., Greenhalgh, R.J.S., Gretarsson, A.M., Grimaldi, F., Grosso, R., Grote, H., Grunewald, S., Guenther, M., Gustafson, E.K., Gustafson, R., Hage, B., Hallam, J.M., Hammer, D., Hammond, G.D., Hanna, C., Hanson, J., Harms, J., Harry, G.M., Harry, I.W., Harstad, E.D., Haughian, K., Hayama, K., Heefner, J., Heng, I.S., Heptonstall, A., Hewitson, M., Hild, S., Hirose, E., Hoak, D., Hodge, K.A., Holt, K., Hosken, D.J., Hough, J., Hoyland, D., Hughey, B., Huttner, S.H., Ingram, D.R., Isogai, T., Ito, M., Ivanov, A., Johnson, B., Johnson, W.W., Jones, D.I., Jones, G., Jones, R., Ju, L., Kalmus, P., Kalogera, V., Kandhasamy, S., Kanner, J., Kasprzyk, D., Katsavounidis, E., Kawabe, K., Kawamura, S., Kawazoe, F., Kells, W., Keppel, D.G., Khalaidovski, A., Khalili, F.Y., Khan, R., Khazanov, E., King, P., Kissel, J.S., Klimenko, S., Kokeyama, K., Kondrashov, V., Kopparapu, R., Koranda, S., Kozak, D., Krishnan, B., Kumar, R., Kwee, P., Lam, P.K., Landry, M., Lantz, B., Lazzarini, A., Lei, H., Lei, M., Leindecker, N., Leonor, I., Li, C., Lin, H., Lindquist, P.E., Littenberg, T.B., Lockerbie, N.A., Lodhia, D., Longo, M., Lormand, M., Lu, P., Lubinski, M., Lucianetti, A., Lück, H., MacHenschalk, B., MacInnis, M., Mageswaran, M., Mailand, K., Mandel, I., Mandic, V., Márka, S., Márka, Z., Markosyan, A., Markowitz, J., Maros, E., Martin, I.W., Martin, R.M., Marx, J.N., Mason, K., Matichard, F., Matone, L., Matzner, R.A., Mavalvala, N., McCarthy, R., McClelland, D.E., McGuire, S.C., McHugh, M., McIntyre, G., McKechan, D.J.A., McKenzie, K., Mehmet, M., Melatos, A., Melissinos, A.C., Menéndez, D.F., Mendell, G., Mercer, R.A., Meshkov, S., Messenger, C., Meyer, M.S., Miller, J., Minelli, J., Mino, Y., Mitrofanov, V.P., Mitselmakher, G., Mittleman, R., Miyakawa, O., Moe, B., Mohanty, S.D., Mohapatra, S.R.P., Moreno, G., Morioka, T., Mors, K., Mossavi, K., Mowlowry, C., Mueller, G., Müller-Ebhardt, H., Muhammad, D., Mukherjee, S., Mukhopadhyay, H., Mullavey, A., Munch, J., Murray, P.G., Myers, E., Myers, J., Nash, T., Nelson, J., Newton, G., Nishizawa, A., Numata, K., O'Dell, J., O'Reilly, B., O'Shaughnessy, R., Ochsner, E., Ogin, G.H., Ottaway, D.J., Ottens, R.S., Overmier, H., Owen, B.J., Pan, Y., Pankow, C., Papa, M.A., Parameshwaraiah, V., Patel, P., Pedraza, M., Penn, S., Perraca, A., Pierro, V., Pinto, I.M., Pitkin, M., Pletsch, H.J., Plissi, M.V., Postiglione, F., Principe, M., Prix, R., Prokhorov, L., Puncken, O., Quetschke, V., Raab, F.J., Rabeling, D.S., Radkins, H., Raffai, P., Raics, Z., Rainer, N., Rakhmanov, M., Raymond, V., Reed, C.M., Reed, T., Rehbein, H., Reid, S., Reitze, D.H., Riesen, R., Riles, K., Rivera, B., Roberts, P., Robertson, N.A., Robinson, C., Robinson, E.L., Roddy, S., Röver, C., Rollins, J., Romano, J.D., Romie, J.H., Rowan, S., Rüdiger, A., Russell, P., Ryan, K., Sakata, S., Sancho De La Jordana, L., Sandberg, V., Sannibale, V., Santamaría, L., Saraf, S., Sarin, P., Sathyaprakash, B.S., Sato, S., Satterthwaite, M., Saulson, P.R., Savage, R., Savov, P., Scanlan, M., Schilling, R., Schnabel, R., Schofield, R., Schulz, B., Schutz, B.F., Schwinberg, P., Scott, J., Scott, S.M., Searle, A.C., Sears, B., Seifert, F., Sellers, D., Sengupta, A.S., Sergeev, A., Shapiro, B., Shawhan, P., Shoemaker, D.H., Sibley, A., Siemens, X., Sigg, D., Sinha, S., Sintes, A.M., Slagmolen, B.J.J., Slutsky, J., Smith, J.R., Smith, M.R., Smith, N.D., Somiya, K., Sorazu, B., Stein, A., Stein, L.C., Steplewski, S., Stochino, A., Stone, R., Strain, K.A., Strigin, S., Stroeer, A., Stuver, A.L., Summerscales, T.Z., Sun, K.-X., Sung, M., Sutton, P.J., Szokoly, G.P., Talukder, D., Tang, L., Tanner, D.B., Tarabrin, S.P., Taylor, J.R., Taylor, R., Thacker, J., Thorne, K.A., Thüring, A., Tokmakov, K.V., Torres, C., Torrie, C., Traylor, G., Trias, M., Ugolini, D., Ulmen, J., Urbanek, K., Vahlbruch, H., Vallisneri, M., Van Den Broeck, C., Van Der Sluys, M.V., Van Veggel, A.A., Vass, S., Vaulin, R., Vecchio, A., Veitch, J., Veitch, P., Veltkamp, C., Villar, A., Vorvick, C., Vyachanin, S.P., Waldman, S.J., Wallace, L., Ward, R.L., Weidner, A., Weinert, M., Weinstein, A.J., Weiss, R., Wen, L., Wen, S., Wette, K., Whelan, J.T., Whitcomb, S.E., Whiting, B.F., Wilkinson, C., Willems, P.A., Williams, H.R., Williams, L., Willke, B., Wilmut, I., Winkelmann, L., Winkler, W., Wipf, C.C., Wiseman, A.G., Woan, G., Wooley, R., Worden, J., Wu, W., Yakushin, I., Yamamoto, H., Yan, Z., Yoshida, S., Zanolin, M., Zhang, J., Zhang, L., Zhao, C., Zotov, N., Zucker, M.E., Zur Mühlen, H., Zweizig, J.","Search for gravitational-wave bursts in the first year of the fifth LIGO science run",2009,"Physical Review D - Particles, Fields, Gravitation and Cosmology","80","10", 102001,"","",,59,10.1103/PhysRevD.80.102001,"https://www.scopus.com/inward/record.uri?eid=2-s2.0-72649091302&doi=10.1103%2fPhysRevD.80.102001&partnerID=40&md5=3596ee6864c188cbbaa49bc7e809ef36",Article,Scopus,2-s2.0-72649091302
"Abbott, B.P., Abbott, R., Adhikari, R., Ajith, P., Allen, B., Allen, G., Amin, R.S., Anderson, S.B., Anderson, W.G., Arain, M.A., Araya, M., Armandula, H., Armor, P., Aso, Y., Aston, S., Aufmuth, P., Aulbert, C., Babak, S., Baker, P., Ballmer, S., Barker, C., Barker, D., Barr, B., Barriga, P., Barsotti, L., Barton, M.A., Bartos, I., Bassiri, R., Bastarrika, M., Behnke, B., Benacquista, M., Betzwieser, J., Beyersdorf, P.T., Bilenko, I.A., Billingsley, G., Biswas, R., Black, E., Blackburn, J.K., Blackburn, L., Blair, D., Bland, B., Bodiya, T.P., Bogue, L., Bork, R., Boschi, V., Bose, S., Brady, P.R., Braginsky, V.B., Brau, J.E., Bridges, D.O., Brinkmann, M., Brooks, A.F., Brown, D.A., Brummit, A., Brunet, G., Bullington, A., Buonanno, A., Burmeister, O., Byer, R.L., Cadonati, L., Camp, J.B., Cannizzo, J., Cannon, K.C., Cao, J., Cardenas, L., Caride, S., Castaldi, G., Caudill, S., Cavaglià, M., Cepeda, C., Chalermsongsak, T., Chalkley, E., Charlton, P., Chatterji, S., Chelkowski, S., Chen, Y., Christensen, N., Chung, C.T.Y., Clark, D., Clark, J., Clayton, J.H., Cokelaer, T., Colacino, C.N., Conte, R., Cook, D., Corbitt, T.R.C., Cornish, N., Coward, D., Coyne, D.C., Creighton, J.D.E., Creighton, T.D., Cruise, A.M., Culter, R.M., Cumming, A., Cunningham, L., Danilishin, S.L., Danzmann, K., Daudert, B., Davies, G., Daw, E.J., Debra, D., Degallaix, J., Dergachev, V., Desai, S., Desalvo, R., Dhurandhar, S., Díaz, M., Dietz, A., Donovan, F., Dooley, K.L., Doomes, E.E., Drever, R.W.P., Dueck, J., Duke, I., Dumas, J.-C., Dwyer, J.G., Echols, C., Edgar, M., Effler, A., Ehrens, P., Espinoza, E., Etzel, T., Evans, M., Evans, T., Fairhurst, S., Faltas, Y., Fan, Y., Fazi, D., Fehrmann, H., Finn, L.S., Flasch, K., Foley, S., Forrest, C., Fotopoulos, N., Franzen, A., Frede, M., Frei, M., Frei, Z., Freise, A., Frey, R., Fricke, T., Fritschel, P., Frolov, V.V., Fyffe, M., Galdi, V., Garofoli, J.A., Gholami, I., Giaime, J.A., Giampanis, S., Giardina, K.D., Goda, K., Goetz, E., Goggin, L.M., González, G., Gorodetsky, M.L., Goßler, S., Gouaty, R., Grant, A., Gras, S., Gray, C., Gray, M., Greenhalgh, R.J.S., Gretarsson, A.M., Grimaldi, F., Grosso, R., Grote, H., Grunewald, S., Guenther, M., Gustafson, E.K., Gustafson, R., Hage, B., Hallam, J.M., Hammer, D., Hammond, G.D., Hanna, C., Hanson, J., Harms, J., Harry, G.M., Harry, I.W., Harstad, E.D., Haughian, K., Hayama, K., Heefner, J., Heng, I.S., Heptonstall, A., Hewitson, M., Hild, S., Hirose, E., Hoak, D., Hodge, K.A., Holt, K., Hosken, D.J., Hough, J., Hoyland, D., Hughey, B., Huttner, S.H., Ingram, D.R., Isogai, T., Ito, M., Ivanov, A., Johnson, B., Johnson, W.W., Jones, D.I., Jones, G., Jones, R., Ju, L., Kalmus, P., Kalogera, V., Kandhasamy, S., Kanner, J., Kasprzyk, D., Katsavounidis, E., Kawabe, K., Kawamura, S., Kawazoe, F., Kells, W., Keppel, D.G., Khalaidovski, A., Khalili, F.Y., Khan, R., Khazanov, E., King, P., Kissel, J.S., Klimenko, S., Kokeyama, K., Kondrashov, V., Kopparapu, R., Koranda, S., Kozak, D., Krishnan, B., Kumar, R., Kwee, P., Lam, P.K., Landry, M., Lantz, B., Lazzarini, A., Lei, H., Lei, M., Leindecker, N., Leonor, I., Li, C., Lin, H., Lindquist, P.E., Littenberg, T.B., Lockerbie, N.A., Lodhia, D., Longo, M., Lormand, M., Lu, P., Lubinski, M., Lucianetti, A., Lück, H., MacHenschalk, B., MacInnis, M., Mageswaran, M., Mailand, K., Mandel, I., Mandic, V., Márka, S., Márka, Z., Markosyan, A., Markowitz, J., Maros, E., Martin, I.W., Martin, R.M., Marx, J.N., Mason, K., Matichard, F., Matone, L., Matzner, R.A., Mavalvala, N., McCarthy, R., McClelland, D.E., McGuire, S.C., McHugh, M., McIntyre, G., McKechan, D.J.A., McKenzie, K., Mehmet, M., Melatos, A., Melissinos, A.C., Menéndez, D.F., Mendell, G., Mercer, R.A., Meshkov, S., Messenger, C., Meyer, M.S., Miller, J., Minelli, J., Mino, Y., Mitrofanov, V.P., Mitselmakher, G., Mittleman, R., Miyakawa, O., Moe, B., Mohanty, S.D., Mohapatra, S.R.P., Moreno, G., Morioka, T., Mors, K., Mossavi, K., Mowlowry, C., Mueller, G., Müller-Ebhardt, H., Muhammad, D., Mukherjee, S., Mukhopadhyay, H., Mullavey, A., Munch, J., Murray, P.G., Myers, E., Myers, J., Nash, T., Nelson, J., Newton, G., Nishizawa, A., Numata, K., O'Dell, J., O'Reilly, B., O'Shaughnessy, R., Ochsner, E., Ogin, G.H., Ottaway, D.J., Ottens, R.S., Overmier, H., Owen, B.J., Pan, Y., Pankow, C., Papa, M.A., Parameshwaraiah, V., Patel, P., Pedraza, M., Penn, S., Perreca, A., Pierro, V., Pinto, I.M., Pitkin, M., Pletsch, H.J., Plissi, M.V., Postiglione, F., Principe, M., Prix, R., Prokhorov, L., Punken, O., Quetschke, V., Raab, F.J., Rabeling, D.S., Radkins, H., Raffai, P., Raics, Z., Rainer, N., Rakhmanov, M., Raymond, V., Reed, C.M., Reed, T., Rehbein, H., Reid, S., Reitze, D.H., Riesen, R., Riles, K., Rivera, B., Roberts, P., Robertson, N.A., Robinson, C., Robinson, E.L., Roddy, S., Röver, C., Rollins, J., Romano, J.D., Romie, J.H., Rowan, S., Rüdiger, A., Russell, P., Ryan, K., Sakata, S., Sancho De La Jordana, L., Sandberg, V., Sannibale, V., Santamaría, L., Saraf, S., Sarin, P., Sathyaprakash, B.S., Sato, S., Satterthwaite, M., Saulson, P.R., Savage, R., Savov, P., Scanlan, M., Schilling, R., Schnabel, R., Schofield, R., Schulz, B., Schutz, B.F., Schwinberg, P., Scott, J., Scott, S.M., Searle, A.C., Sears, B., Seifert, F., Sellers, D., Sengupta, A.S., Sergeev, A., Shapiro, B., Shawhan, P., Shoemaker, D.H., Sibley, A., Siemens, X., Sigg, D., Sinha, S., Sintes, A.M., Slagmolen, B.J.J., Slutsky, J., Smith, J.R., Smith, M.R., Smith, N.D., Somiya, K., Sorazu, B., Stein, A., Stein, L.C., Steplewski, S., Stochino, A., Stone, R., Strain, K.A., Strigin, S., Stroeer, A., Stuver, A.L., Summerscales, T.Z., Sun, K.-X., Sung, M., Sutton, P.J., Szokoly, G.P., Talukder, D., Tang, L., Tanner, D.B., Tarabrin, S.P., Taylor, J.R., Taylor, R., Thacker, J., Thorne, K.A., Thorne, K.S., Thüring, A., Tokmakov, K.V., Torres, C., Torrie, C., Traylor, G., Trias, M., Ugolini, D., Ulmen, J., Urbanek, K., Vahlbruch, H., Vallisneri, M., Van Den Broeck, C., Van Der Sluys, M.V., Van Veggel, A.A., Vass, S., Vaulin, R., Vecchio, A., Veitch, J., Veitch, P., Veltkamp, C., Villar, A., Vorvick, C., Vyachanin, S.P., Waldman, S.J., Wallace, L., Ward, R.L., Weidner, A., Weinert, M., Weinstein, A.J., Weiss, R., Wen, L., Wen, S., Wette, K., Whelan, J.T., Whitcomb, S.E., Whiting, B.F., Wilkinson, C., Willems, P.A., Williams, H.R., Williams, L., Willke, B., Wilmut, I., Winkelmann, L., Winkler, W., Wipf, C.C., Wiseman, A.G., Woan, G., Wooley, R., Worden, J., Wu, W., Yakushin, I., Yamamoto, H., Yan, Z., Yoshida, S., Zanolin, M., Zhang, J., Zhang, L., Zhao, C., Zotov, N., Zucker, M.E., Zur Mühlen, H., Zweizig, J., Robinet, F.","First LIGO search for gravitational wave bursts from cosmic (super)strings",2009,"Physical Review D - Particles, Fields, Gravitation and Cosmology","80","6", 062002,"","",,16,10.1103/PhysRevD.80.062002,"https://www.scopus.com/inward/record.uri?eid=2-s2.0-70349829477&doi=10.1103%2fPhysRevD.80.062002&partnerID=40&md5=211d4b9a76a7a20a156461ed9b8c743a",Article,Scopus,2-s2.0-70349829477
"Abbott, B.P., Abbott, R., Adhikari, R., Ajith, P., Allen, B., Allen, G., Amin, R.S., Anderson, S.B., Anderson, W.G., Arain, M.A., Araya, M., Armandula, H., Armor, P., Aso, Y., Aston, S., Aufmuth, P., Aulbert, C., Babak, S., Baker, P., Ballmer, S., Barker, C., Barker, D., Barr, B., Barriga, P., Barsotti, L., Barton, M.A., Bartos, I., Bassiri, R., Bastarrika, M., Behnke, B., Benacquista, M., Betzwieser, J., Beyersdorf, P.T., Bilenko, I.A., Billingsley, G., Biswas, R., Black, E., Blackburn, J.K., Blackburn, L., Blair, D., Bland, B., Bodiya, T.P., Bogue, L., Bork, R., Boschi, V., Bose, S., Brady, P.R., Braginsky, V.B., Brau, J.E., Bridges, D.O., Brinkmann, M., Brooks, A.F., Brown, D.A., Brummit, A., Brunet, G., Bullington, A., Buonanno, A., Burmeister, O., Byer, R.L., Cadonati, L., Camp, J.B., Cannizzo, J., Cannon, K.C., Cao, J., Cardenas, L., Cardoso, V., Caride, S., Castaldi, G., Caudill, S., Cavaglià, M., Cepeda, C., Chalermsongsak, T., Chalkley, E., Charlton, P., Chatterji, S., Chelkowski, S., Chen, Y., Christensen, N., Chung, C.T.Y., Clark, D., Clark, J., Clayton, J.H., Cokelaer, T., Colacino, C.N., Conte, R., Cook, D., Corbitt, T.R.C., Cornish, N., Coward, D., Coyne, D.C., Creighton, J.D.E., Creighton, T.D., Cruise, A.M., Culter, R.M., Cumming, A., Cunningham, L., Danilishin, S.L., Danzmann, K., Daudert, B., Davies, G., Daw, E.J., Debra, D., Degallaix, J., Dergachev, V., Desai, S., Desalvo, R., Dhurandhar, S., Díaz, M., Dietz, A., Donovan, F., Dooley, K.L., Doomes, E.E., Drever, R.W.P., Dueck, J., Duke, I., Dumas, J.-C., Dwyer, J.G., Echols, C., Edgar, M., Effler, A., Ehrens, P., Espinoza, E., Etzel, T., Evans, M., Evans, T., Fairhurst, S., Faltas, Y., Fan, Y., Fazi, D., Fehrmann, H., Finn, L.S., Flasch, K., Foley, S., Forrest, C., Fotopoulos, N., Franzen, A., Frede, M., Frei, M., Frei, Z., Freise, A., Frey, R., Fricke, T., Fritschel, P., Frolov, V.V., Fyffe, M., Galdi, V., Garofoli, J.A., Gholami, I., Giaime, J.A., Giampanis, S., Giardina, K.D., Goda, K., Goetz, E., Goggin, L.M., González, G., Gorodetsky, M.L., Goßler, S., Gouaty, R., Grant, A., Gras, S., Gray, C., Gray, M., Greenhalgh, R.J.S., Gretarsson, A.M., Grimaldi, F., Grosso, R., Grote, H., Grunewald, S., Guenther, M., Gustafson, E.K., Gustafson, R., Hage, B., Hallam, J.M., Hammer, D., Hammond, G.D., Hanna, C., Hanson, J., Harms, J., Harry, G.M., Harry, I.W., Harstad, E.D., Haughian, K., Hayama, K., Heefner, J., Heng, I.S., Heptonstall, A., Hewitson, M., Hild, S., Hirose, E., Hoak, D., Hodge, K.A., Holt, K., Hosken, D.J., Hough, J., Hoyland, D., Hughey, B., Huttner, S.H., Ingram, D.R., Isogai, T., Ito, M., Ivanov, A., Johnson, B., Johnson, W.W., Jones, D.I., Jones, G., Jones, R., Ju, L., Kalmus, P., Kalogera, V., Kandhasamy, S., Kanner, J., Kasprzyk, D., Katsavounidis, E., Kawabe, K., Kawamura, S., Kawazoe, F., Kells, W., Keppel, D.G., Khalaidovski, A., Khalili, F.Y., Khan, R., Khazanov, E., King, P., Kissel, J.S., Klimenko, S., Kokeyama, K., Kondrashov, V., Kopparapu, R., Koranda, S., Kozak, D., Krishnan, B., Kumar, R., Kwee, P., Lam, P.K., Landry, M., Lantz, B., Lazzarini, A., Lei, H., Lei, M., Leindecker, N., Leonor, I., Li, C., Lin, H., Lindquist, P.E., Littenberg, T.B., Lockerbie, N.A., Lodhia, D., Longo, M., Lormand, M., Lu, P., Lubinski, M., Lucianetti, A., Lück, H., MacHenschalk, B., MacInnis, M., Mageswaran, M., Mailand, K., Mandel, I., Mandic, V., Márka, S., Márka, Z., Markosyan, A., Markowitz, J., Maros, E., Martin, I.W., Martin, R.M., Marx, J.N., Mason, K., Matichard, F., Matone, L., Matzner, R.A., Mavalvala, N., McCarthy, R., McClelland, D.E., McGuire, S.C., McHugh, M., McIntyre, G., McKechan, D.J.A., McKenzie, K., Mehmet, M., Melatos, A., Melissinos, A.C., Menéndez, D.F., Mendell, G., Mercer, R.A., Meshkov, S., Messenger, C., Meyer, M.S., Miller, J., Minelli, J., Mino, Y., Mitrofanov, V.P., Mitselmakher, G., Mittleman, R., Miyakawa, O., Moe, B., Mohanty, S.D., Mohapatra, S.R.P., Moreno, G., Morioka, T., Mors, K., Mossavi, K., Mowlowry, C., Mueller, G., Müller-Ebhardt, H., Muhammad, D., Mukherjee, S., Mukhopadhyay, H., Mullavey, A., Munch, J., Murray, P.G., Myers, E., Myers, J., Nash, T., Nelson, J., Newton, G., Nishizawa, A., Numata, K., O'Dell, J., O'Reilly, B., O'Shaughnessy, R., Ochsner, E., Ogin, G.H., Ottaway, D.J., Ottens, R.S., Overmier, H., Owen, B.J., Pan, Y., Pankow, C., Papa, M.A., Parameshwaraiah, V., Patel, P., Pedraza, M., Penn, S., Perraca, A., Pierro, V., Pinto, I.M., Pitkin, M., Pletsch, H.J., Plissi, M.V., Postiglione, F., Principe, M., Prix, R., Prokhorov, L., Punken, O., Quetschke, V., Raab, F.J., Rabeling, D.S., Radkins, H., Raffai, P., Raics, Z., Rainer, N., Rakhmanov, M., Raymond, V., Reed, C.M., Reed, T., Rehbein, H., Reid, S., Reitze, D.H., Riesen, R., Riles, K., Rivera, B., Roberts, P., Robertson, N.A., Robinson, C., Robinson, E.L., Roddy, S., Röver, C., Rollins, J., Romano, J.D., Romie, J.H., Rowan, S., Rüdiger, A., Russell, P., Ryan, K., Sakata, S., De La Jordana, L.S., Sandberg, V., Sannibale, V., Santamaría, L., Saraf, S., Sarin, P., Sathyaprakash, B.S., Sato, S., Satterthwaite, M., Saulson, P.R., Savage, R., Savov, P., Scanlan, M., Schilling, R., Schnabel, R., Schofield, R., Schulz, B., Schutz, B.F., Schwinberg, P., Scott, J., Scott, S.M., Searle, A.C., Sears, B., Seifert, F., Sellers, D., Sengupta, A.S., Sergeev, A., Shapiro, B., Shawhan, P., Shoemaker, D.H., Sibley, A., Siemens, X., Sigg, D., Sinha, S., Sintes, A.M., Slagmolen, B.J.J., Slutsky, J., Smith, J.R., Smith, M.R., Smith, N.D., Somiya, K., Sorazu, B., Stein, A., Stein, L.C., Steplewski, S., Stochino, A., Stone, R., Strain, K.A., Strigin, S., Stroeer, A., Stuver, A.L., Summerscales, T.Z., Sun, K.-X., Sung, M., Sutton, P.J., Szokoly, G.P., Talukder, D., Tang, L., Tanner, D.B., Tarabrin, S.P., Taylor, J.R., Taylor, R., Thacker, J., Thorne, K.A., Thorne, K.S., Thüring, A., Tokmakov, K.V., Torres, C., Torrie, C., Traylor, G., Trias, M., Ugolini, D., Ulmen, J., Urbanek, K., Vahlbruch, H., Vallisneri, M., Van Den Broeck, C., Van Der Sluys, M.V., Van Veggel, A.A., Vass, S., Vaulin, R., Vecchio, A., Veitch, J., Veitch, P., Veltkamp, C., Villar, A., Vorvick, C., Vyachanin, S.P., Waldman, S.J., Wallace, L., Ward, R.L., Weidner, A., Weinert, M., Weinstein, A.J., Weiss, R., Wen, L., Wen, S., Wette, K., Whelan, J.T., Whitcomb, S.E., Whiting, B.F., Wilkinson, C., Willems, P.A., Williams, H.R., Williams, L., Willke, B., Wilmut, I., Winkelmann, L., Winkler, W., Wipf, C.C., Wiseman, A.G., Woan, G., Wooley, R., Worden, J., Wu, W., Yakushin, I., Yamamoto, H., Yan, Z., Yoshida, S., Zanolin, M., Zhang, J., Zhang, L., Zhao, C., Zotov, N., Zucker, M.E., Zur Mühlen, H., Zweizig, J.","Search for gravitational wave ringdowns from perturbed black holes in LIGO S4 data",2009,"Physical Review D - Particles, Fields, Gravitation and Cosmology","80","6", 062001,"","",,40,10.1103/PhysRevD.80.062001,"https://www.scopus.com/inward/record.uri?eid=2-s2.0-70349835598&doi=10.1103%2fPhysRevD.80.062001&partnerID=40&md5=919f70b9d491a2c306783b443a741284",Article,Scopus,2-s2.0-70349835598
"Abbott, B.P., Abbott, R., Adhikari, R., Ajith, P., Allen, B., Allen, G., Amin, R.S., Anderson, S.B., Anderson, W.G., Arain, M.A., Araya, M., Armandula, H., Armor, P., Aso, Y., Aston, S., Aufmuth, P., Aulbert, C., Babak, S., Baker, P., Ballmer, S., Barker, C., Barker, D., Barr, B., Barriga, P., Barsotti, L., Barton, M.A., Bartos, I., Bassiri, R., Bastarrika, M., Behnke, B., Benacquista, M., Betzwieser, J., Beyersdorf, P.T., Bilenko, I.A., Billingsley, G., Biswas, R., Black, E., Blackburn, J.K., Blackburn, L., Blair, D., Bland, B., Bodiya, T.P., Bogue, L., Bork, R., Boschi, V., Bose, S., Brady, P.R., Braginsky, V.B., Brau, J.E., Bridges, D.O., Brinkmann, M., Brooks, A.F., Brown, D.A., Brummit, A., Brunet, G., Bullington, A., Buonanno, A., Burmeister, O., Byer, R.L., Cadonati, L., Camp, J.B., Cannizzo, J., Cannon, K.C., Cao, J., Capano, C.D., Cardenas, L., Caride, S., Castaldi, G., Caudill, S., Cavaglià, M., Cepeda, C., Chalermsongsak, T., Chalkley, E., Charlton, P., Chatterji, S., Chelkowski, S., Chen, Y., Christensen, N., Chung, C.T.Y., Clark, D., Clark, J., Clayton, J.H., Cokelaer, T., Colacino, C.N., Conte, R., Cook, D., Corbitt, T.R.C., Cornish, N., Coward, D., Coyne, D.C., Creighton, J.D.E., Creighton, T.D., Cruise, A.M., Culter, R.M., Cumming, A., Cunningham, L., Danilishin, S.L., Danzmann, K., Daudert, B., Davies, G., Daw, E.J., Debra, D., Degallaix, J., Dergachev, V., Desai, S., Desalvo, R., Dhurandhar, S., Díaz, M., Dietz, A., Donovan, F., Dooley, K.L., Doomes, E.E., Drever, R.W.P., Dueck, J., Duke, I., Dumas, J.-C., Dwyer, J.G., Echols, C., Edgar, M., Effler, A., Ehrens, P., Ely, G., Espinoza, E., Etzel, T., Evans, M., Evans, T., Fairhurst, S., Faltas, Y., Fan, Y., Fazi, D., Fehrmann, H., Finn, L.S., Flasch, K., Foley, S., Forrest, C., Fotopoulos, N., Franzen, A., Frede, M., Frei, M., Frei, Z., Freise, A., Frey, R., Fricke, T., Fritschel, P., Frolov, V.V., Fyffe, M., Galdi, V., Garofoli, J.A., Gholami, I., Giaime, J.A., Giampanis, S., Giardina, K.D., Goda, K., Goetz, E., Goggin, L.M., González, G., Gorodetsky, M.L., Goßler, S., Gouaty, R., Grant, A., Gras, S., Gray, C., Gray, M., Greenhalgh, R.J.S., Gretarsson, A.M., Grimaldi, F., Grosso, R., Grote, H., Grunewald, S., Guenther, M., Gustafson, E.K., Gustafson, R., Hage, B., Hallam, J.M., Hammer, D., Hammond, G.D., Hanna, C., Hanson, J., Harms, J., Harry, G.M., Harry, I.W., Harstad, E.D., Haughian, K., Hayama, K., Heefner, J., Heng, I.S., Heptonstall, A., Hewitson, M., Hild, S., Hirose, E., Hoak, D., Hodge, K.A., Holt, K., Hosken, D.J., Hough, J., Hoyland, D., Hughey, B., Huttner, S.H., Ingram, D.R., Isogai, T., Ito, M., Ivanov, A., Johnson, B., Johnson, W.W., Jones, D.I., Jones, G., Jones, R., Ju, L., Kalmus, P., Kalogera, V., Kandhasamy, S., Kanner, J., Kasprzyk, D., Katsavounidis, E., Kawabe, K., Kawamura, S., Kawazoe, F., Kells, W., Keppel, D.G., Khalaidovski, A., Khalili, F.Y., Khan, R., Khazanov, E., King, P., Kissel, J.S., Klimenko, S., Kokeyama, K., Kondrashov, V., Kopparapu, R., Koranda, S., Kozak, D., Krishnan, B., Kumar, R., Kwee, P., Lam, P.K., Landry, M., Lantz, B., Lazzarini, A., Lei, H., Lei, M., Leindecker, N., Leonor, I., Li, C., Lin, H., Lindquist, P.E., Littenberg, T.B., Lockerbie, N.A., Lodhia, D., Longo, M., Lormand, M., Lu, P., Lubinski, M., Lucianetti, A., Lück, H., Lundgren, A.P., MacHenschalk, B., MacInnis, M., Mageswaran, M., Mailand, K., Mandel, I., Mandic, V., Márka, S., Márka, Z., Markosyan, A., Markowitz, J., Maros, E., Martin, I.W., Martin, R.M., Marx, J.N., Mason, K., Matichard, F., Matone, L., Matzner, R.A., Mavalvala, N., McCarthy, R., McClelland, D.E., McGuire, S.C., McHugh, M., McIntyre, G., McKechan, D.J.A., McKenzie, K., Mehmet, M., Melatos, A., Melissinos, A.C., Menéndez, D.F., Mendell, G., Mercer, R.A., Meshkov, S., Messenger, C., Meyer, M.S., Miller, J., Minelli, J., Mino, Y., Mitrofanov, V.P., Mitselmakher, G., Mittleman, R., Miyakawa, O., Moe, B., Mohanty, S.D., Mohapatra, S.R.P., Moreno, G., Morioka, T., Mors, K., Mossavi, K., Mowlowry, C., Mueller, G., Müller-Ebhardt, H., Muhammad, D., Mukherjee, S., Mukhopadhyay, H., Mullavey, A., Munch, J., Murray, P.G., Myers, E., Myers, J., Nash, T., Nelson, J., Newton, G., Nishizawa, A., Numata, K., O'Dell, J., O'Reilly, B., O'Shaughnessy, R., Ochsner, E., Ogin, G.H., Ottaway, D.J., Ottens, R.S., Overmier, H., Owen, B.J., Pan, Y., Pankow, C., Papa, M.A., Parameshwaraiah, V., Patel, P., Pedraza, M., Penn, S., Perraca, A., Pierro, V., Pinto, I.M., Pitkin, M., Pletsch, H.J., Plissi, M.V., Postiglione, F., Principe, M., Prix, R., Prokhorov, L., Punken, O., Quetschke, V., Raab, F.J., Rabeling, D.S., Radkins, H., Raffai, P., Raics, Z., Rainer, N., Rakhmanov, M., Raymond, V., Reed, C.M., Reed, T., Rehbein, H., Reid, S., Reitze, D.H., Riesen, R., Riles, K., Rivera, B., Roberts, P., Robertson, N.A., Robinson, C., Robinson, E.L., Roddy, S., Röver, C., Rollins, J., Romano, J.D., Romie, J.H., Rowan, S., Rüdiger, A., Russell, P., Ryan, K., Sakata, S., Sancho De La Jordana, L., Sandberg, V., Sannibale, V., Santamaría, L., Saraf, S., Sarin, P., Sathyaprakash, B.S., Sato, S., Satterthwaite, M., Saulson, P.R., Savage, R., Savov, P., Scanlan, M., Schilling, R., Schnabel, R., Schofield, R., Schulz, B., Schutz, B.F., Schwinberg, P., Scott, J., Scott, S.M., Searle, A.C., Sears, B., Seifert, F., Sellers, D., Sengupta, A.S., Sergeev, A., Shapiro, B., Shawhan, P., Shoemaker, D.H., Sibley, A., Siemens, X., Sigg, D., Sinha, S., Sintes, A.M., Slagmolen, B.J.J., Slutsky, J., Smith, J.R., Smith, M.R., Smith, N.D., Somiya, K., Sorazu, B., Stein, A., Stein, L.C., Steplewski, S., Stochino, A., Stone, R., Strain, K.A., Strigin, S., Stroeer, A., Stuver, A.L., Summerscales, T.Z., Sun, K.-X., Sung, M., Sutton, P.J., Szokoly, G.P., Talukder, D., Tang, L., Tanner, D.B., Tarabrin, S.P., Taylor, J.R., Taylor, R., Thacker, J., Thorne, K.A., Thorne, K.S., Thüring, A., Tokmakov, K.V., Torres, C., Torrie, C., Traylor, G., Trias, M., Ugolini, D., Ulmen, J., Urbanek, K., Vahlbruch, H., Vallisneri, M., Van Den Broeck, C., Van Der Sluys, M.V., Van Veggel, A.A., Vass, S., Vaulin, R., Vecchio, A., Veitch, J., Veitch, P., Veltkamp, C., Villar, A., Vorvick, C., Vyachanin, S.P., Waldman, S.J., Wallace, L., Ward, R.L., Weidner, A., Weinert, M., Weinstein, A.J., Weiss, R., Wen, L., Wen, S., Wette, K., Whelan, J.T., Whitcomb, S.E., Whiting, B.F., Wilkinson, C., Willems, P.A., Williams, H.R., Williams, L., Willke, B., Wilmut, I., Winkelmann, L., Winkler, W., Wipf, C.C., Wiseman, A.G., Woan, G., Wooley, R., Worden, J., Wu, W., Yakushin, I., Yamamoto, H., Yan, Z., Yoshida, S., Zanolin, M., Zhang, J., Zhang, L., Zhao, C., Zotov, N., Zucker, M.E., Zur Mühlen, H., Zweizig, J.","Search for gravitational waves from low mass compact binary coalescence in 186 days of LIGO's fifth science run",2009,"Physical Review D - Particles, Fields, Gravitation and Cosmology","80","4", 047101,"","",,46,10.1103/PhysRevD.80.047101,"https://www.scopus.com/inward/record.uri?eid=2-s2.0-70049100431&doi=10.1103%2fPhysRevD.80.047101&partnerID=40&md5=0753e45ec5b299c5ef9dc15f17c0fbb0",Article,Scopus,2-s2.0-70049100431
"Abbott, B.P., Abbott, R., Acernese, F., Adhikari, R., Ajith, P., Allen, B., Allen, G., Alshourbagy, M., Amin, R.S., Anderson, S.B., Anderson, W.G., Antonucci, F., Aoudia, S., Arain, M.A., Araya, M., Armandula, H., Armor, P., Arun, K.G., Aso, Y., Aston, S., Astone, P., Aufmuth, P., Aulbert, C., Babak, S., Baker, P., Ballardin, G., Ballmer, S., Barker, C., Barker, D., Barone, F., Barr, B., Barriga, P., Barsotti, L., Barsuglia, M., Barton, M.A., Bartos, I., Bassiri, R., Bastarrika, M., Bauer, Th.S., Behnke, B., Beker, M., Benacquista, M., Betzwieser, J., Beyersdorf, P.T., Bigotta, S., Bilenko, I.A., Billingsley, G., Birindelli, S., Biswas, R., Bizouard, M.A., Black, E., Blackburn, J.K., Blackburn, L., Blair, D., Bland, B., Boccara, C., Bodiya, T.P., Bogue, L., Bondu, F., Bonelli, L., Bork, R., Boschi, V., Bose, S., Bosi, L., Braccini, S., Bradaschia, C., Brady, P.R., Braginsky, V.B., Van Den Brand, J.F.J., Brau, J.E., Bridges, D.O., Brillet, A., Brinkmann, M., Brisson, V., Van Den Broeck, C., Brooks, A.F., Brown, D.A., Brummit, A., Brunet, G., Bullington, A., Bulten, H.J., Buonanno, A., Burmeister, O., Buskulic, D., Byer, R.L., Cadonati, L., Cagnoli, G., Calloni, E., Camp, J.B., Campagna, E., Cannizzo, J., Cannon, K.C., Canuel, B., Cao, J., Carbognani, F., Cardenas, L., Caride, S., Castaldi, G., Caudill, S., Cavaglià, M., Cavalier, F., Cavalieri, R., Cella, G., Cepeda, C., Cesarini, E., Chalermsongsak, T., Chalkley, E., Charlton, P., Chassande-Mottin, E., Chatterji, S., Chelkowski, S., Chen, Y., Christensen, N., Chung, C.T.Y., Clark, D., Clark, J., Clayton, J.H., Cleva, F., Coccia, E., Cokelaer, T., Colacino, C.N., Colas, J., Colla, A., Colombini, M., Conte, R., Cook, D., Corbitt, T.R.C., Corda, C., Cornish, N., Corsi, A., Coulon, J.-P., Coward, D., Coyne, D.C., Creighton, J.D.E., Creighton, T.D., Cruise, A.M., Culter, R.M., Cumming, A., Cunningham, L., Cuoco, E., Danilishin, S.L., D'Antonio, S., Danzmann, K., Dari, A., Dattilo, V., Daudert, B., Davier, M., Davies, G., Daw, E.J., Day, R., De Rosa, R., Debra, D., Degallaix, J., Del Prete, M., Dergachev, V., Desai, S., Desalvo, R., Dhurandhar, S., Di Fiore, L., Di Lieto, A., Di Paolo Emilio, M., Di Virgilio, A., Díaz, M., Dietz, A., Donovan, F., Dooley, K.L., Doomes, E.E., Drago, M., Drever, R.W.P., Dueck, J., Duke, I., Dumas, J.-C., Dwyer, J.G., Echols, C., Edgar, M., Effler, A., Ehrens, P., Ely, G., Espinoza, E., Etzel, T., Evans, M., Evans, T., Fafone, V., Fairhurst, S., Faltas, Y., Fan, Y., Fazi, D., Fehrmann, H., Ferrante, I., Fidecaro, F., Finn, L.S., Fiori, I., Flaminio, R., Flasch, K., Foley, S., Forrest, C., Fotopoulos, N., Fournier, J.-D., Franc, J., Franzen, A., Frasca, S., Frasconi, F., Frede, M., Frei, M., Frei, Z., Freise, A., Frey, R., Fricke, T., Fritschel, P., Frolov, V.V., Fyffe, M., Galdi, V., Gammaitoni, L., Garofoli, J.A., Garufi, F., Genin, E., Gennai, A., Gholami, I., Giaime, J.A., Giampanis, S., Giardina, K.D., Giazotto, A., Goda, K., Goetz, E., Goggin, L.M., González, G., Gorodetsky, M.L., Goßler, S., Gouaty, R., Granata, M., Granata, V., Grant, A., Gras, S., Gray, C., Gray, M., Greenhalgh, R.J.S., Gretarsson, A.M., Greverie, C., Grimaldi, F., Grosso, R., Grote, H., Grunewald, S., Guenther, M., Guidi, G., Gustafson, E.K., Gustafson, R., Hage, B., Hallam, J.M., Hammer, D., Hammond, G.D., Hanna, C., Hanson, J., Harms, J., Harry, G.M., Harry, I.W., Harstad, E.D., Haughian, K., Hayama, K., Heefner, J., Heitmann, H., Hello, P., Heng, I.S., Heptonstall, A., Hewitson, M., Hild, S., Hirose, E., Hoak, D., Hodge, K.A., Holt, K., Hosken, D.J., Hough, J., Hoyland, D., Huet, D., Hughey, B., Huttner, S.H., Ingram, D.R., Isogai, T., Ito, M., Ivanov, A., Johnson, B., Johnson, W.W., Jones, D.I., Jones, G., Jones, R., Sancho De La Jordana, L., Ju, L., Kalmus, P., Kalogera, V., Kandhasamy, S., Kanner, J., Kasprzyk, D., Katsavounidis, E., Kawabe, K., Kawamura, S., Kawazoe, F., Kells, W., Keppel, D.G., Khalaidovski, A., Khalili, F.Y., Khan, R., Khazanov, E., King, P., Kissel, J.S., Klimenko, S., Kokeyama, K., Kondrashov, V., Kopparapu, R., Koranda, S., Kozak, D., Krishnan, B., Kumar, R., Kwee, P., La Penna, P., Lam, P.K., Landry, M., Lantz, B., Laval, M., Lazzarini, A., Lei, H., Lei, M., Leindecker, N., Leonor, I., Leroy, N., Letendre, N., Li, C., Lin, H., Lindquist, P.E., Littenberg, T.B., Lockerbie, N.A., Lodhia, D., Longo, M., Lorenzini, M., Loriette, V., Lormand, M., Losurdo, G., Lu, P., Lubinski, M., Lucianetti, A., Lück, H., MacHenschalk, B., MacInnis, M., MacKowski, J.-M., Mageswaran, M., Mailand, K., Majorana, E., Man, N., Mandel, I., Mandic, V., Mantovani, M., Marchesoni, F., Marion, F., Márka, S., Márka, Z., Markosyan, A., Markowitz, J., Maros, E., Marque, J., Martelli, F., Martin, I.W., Martin, R.M., Marx, J.N., Mason, K., Masserot, A., Matichard, F., Matone, L., Matzner, R.A., Mavalvala, N., McCarthy, R., McClelland, D.E., McGuire, S.C., McHugh, M., McIntyre, G., McKechan, D.J.A., McKenzie, K., Mehmet, M., Melatos, A., Melissinos, A.C., Mendell, G., Menéndez, D.F., Menzinger, F., Mercer, R.A., Meshkov, S., Messenger, C., Meyer, M.S., Michel, C., Milano, L., Miller, J., Minelli, J., Minenkov, Y., Mino, Y., Mitrofanov, V.P., Mitselmakher, G., Mittleman, R., Miyakawa, O., Moe, B., Mohan, M., Mohanty, S.D., Mohapatra, S.R.P., Moreau, J., Moreno, G., Morgado, N., Morgia, A., Morioka, T., Mors, K., Mosca, S., Mossavi, K., Mours, B., Mowlowry, C., Mueller, G., Muhammad, D., Zur Mühlen, H., Mukherjee, S., Mukhopadhyay, H., Mullavey, A., Müller-Ebhardt, H., Munch, J., Murray, P.G., Myers, E., Myers, J., Nash, T., Nelson, J., Neri, I., Newton, G., Nishizawa, A., Nocera, F., Numata, K., Ochsner, E., O'Dell, J., Ogin, G.H., O'Reilly, B., O'Shaughnessy, R., Ottaway, D.J., Ottens, R.S., Overmier, H., Owen, B.J., Pagliaroli, G., Palomba, C., Pan, Y., Pankow, C., Paoletti, F., Papa, M.A., Parameshwaraiah, V., Pardi, S., Pasqualetti, A., Passaquieti, R., Passuello, D., Patel, P., Pedraza, M., Penn, S., Perreca, A., Persichetti, G., Pichot, M., Piergiovanni, F., Pierro, V., Pinard, L., Pinto, I.M., Pitkin, M., Pletsch, H.J., Plissi, M.V., Poggiani, R., Postiglione, F., Principe, M., Prix, R., Prodi, G.A., Prokhorov, L., Punken, O., Punturo, M., Puppo, P., Van Der Putten, S., Quetschke, V., Raab, F.J., Rabaste, O., Rabeling, D.S., Radkins, H., Raffai, P., Raics, Z., Rainer, N., Rakhmanov, M., Rapagnani, P., Raymond, V., Re, V., Reed, C.M., Reed, T., Regimbau, T., Rehbein, H., Reid, S., Reitze, D.H., Ricci, F., Riesen, R., Riles, K., Rivera, B., Roberts, P., Robertson, N.A., Robinet, F., Robinson, C., Robinson, E.L., Rocchi, A., Roddy, S., Rolland, L., Rollins, J., Romano, J.D., Romano, R., Romie, J.H., Röver, C., Rowan, S., Rüdiger, A., Ruggi, P., Russell, P., Ryan, K., Sakata, S., Salemi, F., Sandberg, V., Sannibale, V., Santamaría, L., Saraf, S., Sarin, P., Sassolas, B., Sathyaprakash, B.S., Sato, S., Satterthwaite, M., Saulson, P.R., Savage, R., Savov, P., Scanlan, M., Schilling, R., Schnabel, R., Schofield, R., Schulz, B., Schutz, B.F., Schwinberg, P., Scott, J., Scott, S.M., Searle, A.C., Sears, B., Seifert, F., Sellers, D., Sengupta, A.S., Sentenac, D., Sergeev, A., Shapiro, B., Shawhan, P., Shoemaker, D.H., Sibley, A., Siemens, X., Sigg, D., Sinha, S., Sintes, A.M., Slagmolen, B.J.J., Slutsky, J., Van Der Sluys, M.V., Smith, J.R., Smith, M.R., Smith, N.D., Somiya, K., Sorazu, B., Stein, A., Stein, L.C., Steplewski, S., Stochino, A., Stone, R., Strain, K.A., Strigin, S., Stroeer, A., Sturani, R., Stuver, A.L., Summerscales, T.Z., Sun, K.-X., Sung, M., Sutton, P.J., Swinkels, B.L., Szokoly, G.P., Talukder, D., Tang, L., Tanner, D.B., Tarabrin, S.P., Taylor, J.R., Taylor, R., Terenzi, R., Thacker, J., Thorne, K.A., Thorne, K.S., Thüring, A., Tokmakov, K.V., Toncelli, A., Tonelli, M., Torres, C., Torrie, C., Tournefier, E., Travasso, F., Traylor, G., Trias, M., Trummer, J., Ugolini, D., Ulmen, J., Urbanek, K., Vahlbruch, H., Vajente, G., Vallisneri, M., Vass, S., Vaulin, R., Vavoulidis, M., Vecchio, A., Vedovato, G., Van Veggel, A.A., Veitch, J., Veitch, P., Veltkamp, C., Verkindt, D., Vetrano, F., Viceré, A., Villar, A., Vinet, J.-Y., Vocca, H., Vorvick, C., Vyachanin, S.P., Waldman, S.J., Wallace, L., Ward, H., Ward, R.L., Was, M., Weidner, A., Weinert, M., Weinstein, A.J., Weiss, R., Wen, L., Wen, S., Wette, K., Whelan, J.T., Whitcomb, S.E., Whiting, B.F., Wilkinson, C., Willems, P.A., Williams, H.R., Williams, L., Willke, B., Wilmut, I., Winkelmann, L., Winkler, W., Wipf, C.C., Wiseman, A.G., Woan, G., Wooley, R., Worden, J., Wu, W., Yakushin, I., Yamamoto, H., Yan, Z., Yoshida, S., Yvert, M., Zanolin, M., Zhang, J., Zhang, L., Zhao, C., Zotov, N., Zucker, M.E., Zweizig, J.","An upper limit on the stochastic gravitational-wave background of cosmological origin",2009,"Nature","460","7258",,"990","994",,228,10.1038/nature08278,"https://www.scopus.com/inward/record.uri?eid=2-s2.0-69149102393&doi=10.1038%2fnature08278&partnerID=40&md5=8f2b78df4227a134dc9150e069e4244d",Article,Scopus,2-s2.0-69149102393
"Abbott, B.P., Abbott, R., Adhikari, R., Ajith, P., Allen, B., Allen, G., Amin, R.S., Anderson, S.B., Anderson, W.G., Arain, M.A., Araya, M., Armandula, H., Armor, P., Aso, Y., Aston, S., Aufmuth, P., Aulbert, C., Babak, S., Baker, P., Ballmer, S., Barker, C., Barker, D., Barr, B., Barriga, P., Barsotti, L., Barton, M.A., Bartos, I., Bassiri, R., Bastarrika, M., Behnke, B., Benacquista, M., Betzwieser, J., Beyersdorf, P.T., Bilenko, I.A., Billingsley, G., Biswas, R., Black, E., Blackburn, J.K., Blackburn, L., Blair, D., Bland, B., Bodiya, T.P., Bogue, L., Bork, R., Boschi, V., Bose, S., Brady, P.R., Braginsky, V.B., Brau, J.E., Bridges, D.O., Brinkmann, M., Brooks, A.F., Brown, D.A., Brummit, A., Brunet, G., Bullington, A., Buonanno, A., Burmeister, O., Byer, R.L., Cadonati, L., Camp, J.B., Cannizzo, J., Cannon, K.C., Cao, J., Cardenas, L., Caride, S., Castaldi, G., Caudill, S., Cavaglià, M., Cepeda, C., Chalermsongsak, T., Chalkley, E., Charlton, P., Chatterji, S., Chelkowski, S., Chen, Y., Christensen, N., Chung, C.T.Y., Clark, D., Clark, J., Clayton, J.H., Cokelaer, T., Colacino, C.N., Conte, R., Cook, D., Corbitt, T.R.C., Cornish, N., Coward, D., Coyne, D.C., Creighton, J.D.E., Creighton, T.D., Cruise, A.M., Culter, R.M., Cumming, A., Cunningham, L., Danilishin, S.L., Danzmann, K., Daudert, B., Davies, G., Daw, E.J., Debra, D., Degallaix, J., Dergachev, V., Desai, S., Desalvo, R., Dhurandhar, S., Díaz, M., Dietz, A., Donovan, F., Dooley, K.L., Doomes, E.E., Drever, R.W.P., Dueck, J., Duke, I., Dumas, J.-C., Dwyer, J.G., Echols, C., Edgar, M., Effler, A., Ehrens, P., Ely, G., Espinoza, E., Etzel, T., Evans, M., Evans, T., Fairhurst, S., Faltas, Y., Fan, Y., Fazi, D., Fehrmann, H., Finn, L.S., Flasch, K., Foley, S., Forrest, C., Fotopoulos, N., Franzen, A., Frede, M., Frei, M., Frei, Z., Freise, A., Frey, R., Fricke, T., Fritschel, P., Frolov, V.V., Fyffe, M., Galdi, V., Garofoli, J.A., Gholami, I., Giaime, J.A., Giampanis, S., Giardina, K.D., Goda, K., Goetz, E., Goggin, L.M., González, G., Gorodetsky, M.L., Goßler, S., Gouaty, R., Grant, A., Gras, S., Gray, C., Gray, M., Greenhalgh, R.J.S., Gretarsson, A.M., Grimaldi, F., Grosso, R., Grote, H., Grunewald, S., Guenther, M., Gustafson, E.K., Gustafson, R., Hage, B., Hallam, J.M., Hammer, D., Hammond, G.D., Hanna, C., Hanson, J., Harms, J., Harry, G.M., Harry, I.W., Harstad, E.D., Haughian, K., Hayama, K., Heefner, J., Heng, I.S., Heptonstall, A., Hewitson, M., Hild, S., Hirose, E., Hoak, D., Hodge, K.A., Holt, K., Hosken, D.J., Hough, J., Hoyland, D., Hughey, B., Huttner, S.H., Ingram, D.R., Isogai, T., Ito, M., Ivanov, A., Johnson, B., Johnson, W.W., Jones, D.I., Jones, G., Jones, R., Ju, L., Kalmus, P., Kalogera, V., Kandhasamy, S., Kanner, J., Kasprzyk, D., Katsavounidis, E., Kawabe, K., Kawamura, S., Kawazoe, F., Kells, W., Keppel, D.G., Khalaidovski, A., Khalili, F.Y., Khan, R., Khazanov, E., King, P., Kissel, J.S., Klimenko, S., Kokeyama, K., Kondrashov, V., Kopparapu, R., Koranda, S., Kozak, D., Krishnan, B., Kumar, R., Kwee, P., Lam, P.K., Landry, M., Lantz, B., Lazzarini, A., Lei, H., Lei, M., Leindecker, N., Leonor, I., Li, C., Lin, H., Lindquist, P.E., Littenberg, T.B., Lockerbie, N.A., Lodhia, D., Longo, M., Lormand, M., Lu, P., Lubinski, M., Lucianetti, A., Lück, H., MacHenschalk, B., MacInnis, M., Mageswaran, M., Mailand, K., Mandel, I., Mandic, V., Márka, S., Márka, Z., Markosyan, A., Markowitz, J., Maros, E., Martin, I.W., Martin, R.M., Marx, J.N., Mason, K., Matichard, F., Matone, L., Matzner, R.A., Mavalvala, N., McCarthy, R., McClelland, D.E., McGuire, S.C., McHugh, M., McIntyre, G., McKechan, D.J.A., McKenzie, K., Mehmet, M., Melatos, A., Melissinos, A.C., Menéndez, D.F., Mendell, G., Mercer, R.A., Meshkov, S., Messenger, C., Meyer, M.S., Miller, J., Minelli, J., Mino, Y., Mitrofanov, V.P., Mitselmakher, G., Mittleman, R., Miyakawa, O., Moe, B., Mohanty, S.D., Mohapatra, S.R.P., Moreno, G., Morioka, T., Mors, K., Mossavi, K., Mowlowry, C., Mueller, G., Müller-Ebhardt, H., Muhammad, D., Mukherjee, S., Mukhopadhyay, H., Mullavey, A., Munch, J., Murray, P.G., Myers, E., Myers, J., Nash, T., Nelson, J., Newton, G., Nishizawa, A., Numata, K., O'Dell, J., O'Reilly, B., O'Shaughnessy, R., Ochsner, E., Ogin, G.H., Ottaway, D.J., Ottens, R.S., Overmier, H., Owen, B.J., Pan, Y., Pankow, C., Papa, M.A., Parameshwaraiah, V., Patel, P., Pedraza, M., Penn, S., Perreca, A., Pierro, V., Pinto, I.M., Pitkin, M., Pletsch, H.J., Plissi, M.V., Postiglione, F., Principe, M., Prix, R., Prokhorov, L., Punken, O., Quetschke, V., Raab, F.J., Rabeling, D.S., Radkins, H., Raffai, P., Raics, Z., Rainer, N., Rakhmanov, M., Raymond, V., Reed, C.M., Reed, T., Rehbein, H., Reid, S., Reitze, D.H., Riesen, R., Riles, K., Rivera, B., Roberts, P., Robertson, N.A., Robinson, C., Robinson, E.L., Roddy, S., Röver, C., Rollins, J., Romano, J.D., Romie, J.H., Rowan, S., Rüdiger, A., Russell, P., Ryan, K., Sakata, S., Sancho De La Jordana, L., Sandberg, V., Sannibale, V., Santamaría, L., Saraf, S., Sarin, P., Sathyaprakash, B.S., Sato, S., Satterthwaite, M., Saulson, P.R., Savage, R., Savov, P., Scanlan, M., Schilling, R., Schnabel, R., Schofield, R., Schulz, B., Schutz, B.F., Schwinberg, P., Scott, J., Scott, S.M., Searle, A.C., Sears, B., Seifert, F., Sellers, D., Sengupta, A.S., Sergeev, A., Shapiro, B., Shawhan, P., Shoemaker, D.H., Sibley, A., Siemens, X., Sigg, D., Sinha, S., Sintes, A.M., Slagmolen, B.J.J., Slutsky, J., Smith, J.R., Smith, M.R., Smith, N.D., Somiya, K., Sorazu, B., Stein, A., Stein, L.C., Steplewski, S., Stochino, A., Stone, R., Strain, K.A., Strigin, S., Stroeer, A., Stuver, A.L., Summerscales, T.Z., Sun, K.-X., Sung, M., Sutton, P.J., Szokoly, G.P., Talukder, D., Tang, L., Tanner, D.B., Tarabrin, S.P., Taylor, J.R., Taylor, R., Thacker, J., Thorne, K.A., Thorne, K.S., Thüring, A., Tokmakov, K.V., Torres, C., Torrie, C., Traylor, G., Trias, M., Ugolini, D., Ulmen, J., Urbanek, K., Vahlbruch, H., Vallisneri, M., Van Den Broeck, C., Van Der Sluys, M.V., Van Veggel, A.A., Vass, S., Vaulin, R., Vecchio, A., Veitch, J., Veitch, P., Veltkamp, C., Villar, A., Vorvick, C., Vyachanin, S.P., Waldman, S.J., Wallace, L., Ward, R.L., Weidner, A., Weinert, M., Weinstein, A.J., Weiss, R., Wen, L., Wen, S., Wette, K., Whelan, J.T., Whitcomb, S.E., Whiting, B.F., Wilkinson, C., Willems, P.A., Williams, H.R., Williams, L., Willke, B., Wilmut, I., Winkelmann, L., Winkler, W., Wipf, C.C., Wiseman, A.G., Woan, G., Wooley, R., Worden, J., Wu, W., Yakushin, I., Yamamoto, H., Yan, Z., Yoshida, S., Zanolin, M., Zhang, J., Zhang, L., Zhao, C., Zotov, N., Zucker, M.E., Zur Mühlen, H., Zweizig, J., Anderson, D.P.","Einstein@Home search for periodic gravitational waves in early S5 LIGO data",2009,"Physical Review D - Particles, Fields, Gravitation and Cosmology","80","4", 042003,"","",,37,10.1103/PhysRevD.80.042003,"https://www.scopus.com/inward/record.uri?eid=2-s2.0-70049105742&doi=10.1103%2fPhysRevD.80.042003&partnerID=40&md5=36c100cdfeaf78888f030ff1291bf585",Article,Scopus,2-s2.0-70049105742
"Abbott, B.P., Abbott, R., Adhikari, R., Ajith, P., Allen, B., Allen, G., Amin, R.S., Anderson, S.B., Anderson, W.G., Arain, M.A., Araya, M., Armandula, H., Armor, P., Aso, Y., Aston, S., Aufmuth, P., Aulbert, C., Babak, S., Baker, P., Ballmer, S., Barker, C., Barker, D., Barr, B., Barriga, P., Barsotti, L., Barton, M.A., Bartos, I., Bassiri, R., Bastarrika, M., Behnke, B., Benacquista, M., Betzwieser, J., Beyersdorf, P.T., Bilenko, I.A., Billingsley, G., Biswas, R., Black, E., Blackburn, J.K., Blackburn, L., Blair, D., Bland, B., Bodiya, T.P., Bogue, L., Bork, R., Boschi, V., Bose, S., Brady, P.R., Braginsky, V.B., Brau, J.E., Bridges, D.O., Brinkmann, M., Brooks, A.F., Brown, D.A., Brummit, A., Brunet, G., Bullington, A., Buonanno, A., Burmeister, O., Byer, R.L., Cadonati, L., Camp, J.B., Cannizzo, J., Cannon, K.C., Cao, J., Cardenas, L., Caride, S., Castaldi, G., Caudill, S., Cavagli, M., Cepeda, C., Chalermsongsak, T., Chalkley, E., Charlton, P., Chatterji, S., Chelkowski, S., Chen, Y., Christensen, N., Chung, C.T.Y., Clark, D., Clark, J., Clayton, J.H., Cokelaer, T., Colacino, C.N., Conte, R., Cook, D., Corbitt, T.R.C., Cornish, N., Coward, D., Coyne, D.C., Creighton, J.D.E., Creighton, T.D., Cruise, A.M., Culter, R.M., Cumming, A., Cunningham, L., Danilishin, S.L., Danzmann, K., Daudert, B., Davies, G., Daw, E.J., Debra, D., Degallaix, J., Dergachev, V., Desai, S., Desalvo, R., Dhurandhar, S., Díaz, M., Dietz, A., Donovan, F., Dooley, K.L., Doomes, E.E., Drever, R.W.P., Dueck, J., Duke, I., Dumas, J.-C., Dwyer, J.G., Echols, C., Edgar, M., Effler, A., Ehrens, P., Espinoza, E., Etzel, T., Evans, M., Evans, T., Fairhurst, S., Faltas, Y., Fan, Y., Fazi, D., Fehrmenn, H., Finn, L.S., Flasch, K., Foley, S., Forrest, C., Fotopoulos, N., Franzen, A., Frede, M., Frei, M., Frei, Z., Freise, A., Frey, R., Fricke, T., Fritschel, P., Frolov, V.V., Fyffe, M., Galdi, V., Garofoli, J.A., Gholami, I., Giaime, J.A., Giampanis, S., Giardina, K.D., Goda, K., Goetz, E., Goggin, L.M., Gonzlez, G., Gorodetsky, M.L., Goler, S., Gouaty, R., Grant, A., Gras, S., Gray, C., Gray, M., Greenhalgh, R.J.S., Gretarsson, A.M., Grimaldi, F., Grosso, R., Grote, H., Grunewald, S., Guenther, M., Gustafson, E.K., Gustafson, R., Hage, B., Hallam, J.M., Hammer, D., Hammond, G.D., Hanna, C., Hanson, J., Harms, J., Harry, G.M., Harry, I.W., Harstad, E.D., Haughian, K., Hayama, K., Heefner, J., Heng, I.S., Heptonstall, A., Hewitson, M., Hild, S., Hirose, E., Hoak, D., Hodge, K.A., Holt, K., Hosken, D.J., Hough, J., Hoyland, D., Hughey, B., Huttner, S.H., Ingram, D.R., Isogai, T., Ito, M., Ivanov, A., Johnson, B., Johnson, W.W., Jones, D.I., Jones, G., Jones, R., Ju, L., Kalmus, P., Kalogera, V., Kandhasamy, S., Kanner, J., Kasprzyk, D., Katsavounidis, E., Kawabe, K., Kawamura, S., Kawazoe, F., Kells, W., Keppel, D.G., Khalaidovski, A., Khalili, F.Y., Khan, R., Khazanov, E., King, P., Kissel, J.S., Klimenko, S., Kokeyama, K., Kondrashov, V., Kopparapu, R., Koranda, S., Kozak, D., Krishnan, B., Kumar, R., Kwee, P., Lam, P.K., Landry, M., Lantz, B., Lazzarini, A., Lei, H., Lei, M., Leindecker, N., Leonor, I., Li, C., Lin, H., Lindquist, P.E., Littenberg, T.B., Lockerbie, N.A., Lodhia, D., Longo, M., Lormand, M., Lu, P., Lubinski, M., Lucianetti, A., Lück, H., MacHenschalk, B., MacInnis, M., Mageswaran, M., Mailand, K., Mandel, I., Mandic, V., Mrka, S., Mrka, Z., Markosyan, A., Markowitz, J., Maros, E., Martin, I.W., Martin, R.M., Marx, J.N., Mason, K., Matichard, F., Matone, L., Matzner, R.A., Mavalvala, N., McCarthy, R., McClelland, D.E., McGuire, S.C., McHugh, M., McIntyre, G., McKechan, D.J.A., McKenzie, K., Mehmet, M., Melatos, A., Melissinos, A.C., Menéndez, D.F., Mendell, G., Mercer, R.A., Meshkov, S., Messenger, C., Meyer, M.S., Miller, J., Minelli, J., Mino, Y., Mitrofanov, V.P., Mitselmakher, G., Mittleman, R., Miyakawa, O., Moe, B., Mohanty, S.D., Mohapatra, S.R.P., Moreno, G., Morioka, T., Mors, K., Mossavi, K., Mowlowry, C., Mueller, G., Müller-Ebhardt, H., Muhammad, D., Mukherjee, S., Mukhopadhyay, H., Mullavey, A., Munch, J., Murray, P.G., Myers, E., Myers, J., Nash, T., Nelson, J., Newton, G., Nishizawa, A., Numata, K., O'Dell, J., O'Reilly, B., O'Shaughnessy, R., Ochsner, E., Ogin, G.H., Ottaway, D.J., Ottens, R.S., Overmier, H., Owen, B.J., Pan, Y., Pankow, C., Papa, M.A., Parameshwaraiah, V., Patel, P., Pedraza, M., Penn, S., Perraca, A., Pierro, V., Pinto, I.M., Pitkin, M., Pletsch, H.J., Plissi, M.V., Postiglione, F., Principe, M., Prix, R., Prokhorov, L., Punken, O., Quetschke, V., Raab, F.J., Rabeling, D.S., Radkins, H., Raffai, P., Raics, Z., Rainer, N., Rakhmanov, M., Raymond, V., Reed, C.M., Reed, T., Rehbein, H., Reid, S., Reitze, D.H., Riesen, R., Riles, K., Rivera, B., Roberts, P., Robertson, N.A., Robinson, C., Robinson, E.L., Roddy, S., Röver, C., Rollins, J., Romano, J.D., Romie, J.H., Rowan, S., Rüdiger, A., Russell, P., Ryan, K., Sakata, S., De La Jordana, L.S., Sandberg, V., Sannibale, V., Santamaría, L., Saraf, S., Sarin, P., Sathyaprakash, B.S., Sato, S., Satterthwaite, M., Saulson, P.R., Savage, R., Savov, P., Scanlan, M., Schilling, R., Schnabel, R., Schofield, R., Schulz, B., Schutz, B.F., Schwinberg, P., Scott, J., Scott, S.M., Searle, A.C., Sears, B., Seifert, F., Sellers, D., Sengupta, A.S., Sergeev, A., Shapiro, B., Shawhan, P., Shoemaker, D.H., Sibley, A., Siemens, X., Sigg, D., Sinha, S., Sintes, A.M., Slagmolen, B.J.J., Slutsky, J., Smith, J.R., Smith, M.R., Smith, N.D., Somiya, K., Sorazu, B., Stein, A., Stein, L.C., Steplewski, S., Stochino, A., Stone, R., Strain, K.A., Strigin, S., Stroeer, A., Stuver, A.L., Summerscales, T.Z., Sun, K.-X., Sung, M., Sutton, P.J., Szokoly, G.P., Talukder, D., Tang, L., Tanner, D.B., Tarabrin, S.P., Taylor, J.R., Taylor, R., Thacker, J., Thorne, K.A., Thüring, A., Tokmakov, K.V., Torres, C., Torrie, C., Traylor, G., Trias, M., Ugolini, D., Ulmen, J., Urbanek, K., Vahlbruch, H., Vallisneri, M., Broeck, C.V.D., Van Der Sluys, M.V., Van Veggel, A.A., Vass, S., Vaulin, R., Vecchio, A., Veitch, J., Veitch, P., Veltkamp, C., Villar, A., Vorvick, C., Vyachanin, S.P., Waldman, S.J., Wallace, L., Ward, R.L., Weidner, A., Weinert, M., Weinstein, A.J., Weiss, R., Wen, L., Wen, S., Wette, K., Whelan, J.T., Whitcomb, S.E., Whiting, B.F., Wilkinson, C., Willems, P.A., Williams, H.R., Williams, L., Willke, B., Wilmut, I., Winkelmann, L., Winkler, W., Wipf, C.C., Wiseman, A.G., Woan, G., Wooley, R., Worden, J., Wu, W., Yakushin, I., Yamamoto, H., Yan, Z., Yoshida, S., Zanolin, M., Zhang, J., Zhang, L., Zhao, C., Zotov, N., Zucker, M.E., Mühlen, H.Z., Zweizig, J.","LIGO: The laser interferometer gravitational-wave observatory",2009,"Reports on Progress in Physics","72","7", 076901,"","",,486,10.1088/0034-4885/72/7/076901,"https://www.scopus.com/inward/record.uri?eid=2-s2.0-67949088671&doi=10.1088%2f0034-4885%2f72%2f7%2f076901&partnerID=40&md5=500b77082752e89ef87c0d0fe19a22c3",Article,Scopus,2-s2.0-67949088671
"Abbott, B., Abbott, R., Adhikari, R., Ajith, P., Allen, B., Allen, G., Amin, R., Anderson, S.B., Anderson, W.G., Arain, M.A., Araya, M., Armandula, H., Armor, P., Aso, Y., Aston, S., Aufmuth, P., Aulbert, C., Babak, S., Ballmer, S., Bantilan, H., Barish, B.C., Barker, C., Barker, D., Barr, B., Barriga, P., Barton, M.A., Bastarrika, M., Bayer, K., Betzwieser, J., Beyersdorf, P.T., Bilenko, I.A., Billingsley, G., Biswas, R., Black, E., Blackburn, K., Blackburn, L., Blair, D., Bland, B., Bodiya, T.P., Bogue, L., Bork, R., Boschi, V., Bose, S., Brady, P.R., Braginsky, V.B., Brau, J.E., Brinkmann, M., Brooks, A., Brown, D.A., Brunet, G., Bullington, A., Buonanno, A., Burmeister, O., Byer, R.L., Cadonati, L., Cagnoli, G., Camp, J.B., Cannizzo, J., Cannon, K., Cao, J., Cardenas, L., Casebolt, T., Castaldi, G., Cepeda, C., Chalkley, E., Charlton, P., Chatterji, S., Chelkowski, S., Chen, Y., Christensen, N., Clark, D., Clark, J., Cokelaer, T., Conte, R., Cook, D., Corbitt, T., Coyne, D., Creighton, J.D.E., Cumming, A., Cunningham, L., Cutler, R.M., Dalrymple, J., Danilishin, S., Danzmann, K., Davies, G., DeBra, D., Degallaix, J., Degree, M., Dergachev, V., Desai, S., DeSalvo, R., Dhurandhar, S., Díaz, M., Dickson, J., Dietz, A., Donovan, F., Dooley, K.L., Doomes, E.E., Drever, R.W.P., Duke, I., Dumas, J.-C., Dupuis, R.J., Dwyer, J.G., Echols, C., Effler, A., Ehrens, P., Espinoza, E., Etzel, T., Evans, T., Fairhurst, S., Fan, Y., Fazi, D., Fehrmann, H., Fejer, M.M., Finn, L.S., Flasch, K., Fotopoulos, N., Freise, A., Frey, R., Fricke, T., Fritschel, P., Frolov, V.V., Fyffe, M., Garofoli, J., Gholami, I., Giaime, J.A., Giampanis, S., Giardina, K.D., Goda, K., Goetz, E., Goggin, L., González, G., Gossler, S., Gouaty, R., Grant, A., Gras, S., Gray, C., Gray, M., Greenhalgh, R.J.S., Gretarsson, A.M., Grimaldi, F., Grosso, R., Grote, H., Grunewald, S., Guenther, M., Gustafson, E.K., Gustafson, R., Hage, B., Hallam, J.M., Hammer, D., Hanna, C., Hanson, J., Harms, J., Harry, G., Harstad, E., Hayama, K., Hayler, T., Heefner, J., Heng, I.S., Hennessy, M., Heptonstall, A., Hewitson, M., Hild, S., Hirose, E., Hoak, D., Hosken, D., Hough, J., Huttner, S.H., Ingram, D., Ito, M., Ivanov, A., Johnson, B., Johnson, W.W., Jones, D.I., Jones, G., Jones, R., Ju, L., Kalmus, P., Kalogera, V., Kamat, S., Kanner, J., Kasprzyk, D., Katsavounidis, E., Kawabe, K., Kawamura, S., Kawazoe, F., Kells, W., Keppel, D.G., Khalili, F.Y., Khan, R., Khazanov, E., Kim, C., King, P., Kisse, J.S., Klimenko, S., Kokeyama, K., Kondrashov, V., Kopparapu, R.K., Kozak, D., Kozhevatov, I., Krishnan, B., Kwee, P., Lam, P.K., Landry, M., Lang, M.M., Lantz, B., Lazzarini, A., Lei, M., Leindecker, N., Leonhardt, V., Leonor, I., Libbrecht, K., Lin, H., Lindquist, P., Lockerbie, N.A., Lodhia, D., Lormand, M., Lu, P., Lubinski, M., Lucianetti, A., Lück, H., Machenschalk, B., MacInnis, M., Mageswaran, M., Mailand, K., Mandic, V., Márka, S., Márka, Z., Markosyan, A., Markowitz, J., Maros, E., Martin, I., Martin, R.M., Marx, J.N., Mason, K., Matichard, F., Matone, L., Matzner, R., Mavalvala, N., McCarthy, R., McClelland, D.E., McGuire, S.C., McHugh, M., McIntyre, G., McIvor, G., McKechan, D., McKenzie, K., Meier, T., Melissinos, A., Mendell, G., Mercer, R.A., Meshkov, S., Messenger, C.J., Meyers, D., Miao, H., Miller, J., Minelli, J., Mitra, S., Mitrofanov, V.P., Mitselmakher, G., Mittleman, R., Miyakawa, O., Moe, B., Mohanty, S., Moreno, G., Mossavi, K., Mow-Lowry, C., Mueller, G., Mukherjee, S., Mukhopadhyay, H., Müller-Ebhardt, H., Munch, J., Murray, P., Myers, E., Myers, J., Nash, T., Nelson, J., Newton, G., Nishizawa, A., Numata, K., O'Dell, J., Ogin, G., O'Reilly, B., O'Shaughnessy, R., Ottaway, D.J., Ottens, R.S., Overmier, H., Owen, B.J., Pan, Y., Pankow, C., Papa, M.A., Parameshwaraiah, V., Patel, P., Pedraza, M., Penn, S., Perreca, A., Petrie, T., Pinto, I.M., Pitkin, M., Pletsch, H.J., Plissi, M.V., Postiglione, F., Principe, M., Prix, R., Quetschke, V., Raab, F., Rabeling, D.S., Radkins, H., Rainer, N., Rakhmanov, M., Ramsunder, M., Rehbein, H., Reid, S., Reitze, D.H., Riesen, R., Riles, K., Rivera, B., Robertson, N.A., Robinson, C., Robinson, E.L., Roddy, S., Rodriguez, A., Rogan, A.M., Rollins, J., Romano, J.D., Romie, J., Route, R., Rowan, S., Rüdiger, A., Ruet, L., Russell, P., Ryan, K., Sakata, S., Samidi, M., De La Jordana, L.S., Sandberg, V., Sannibale, V., Saraf, S., Sarin, P., Sathyaprakash, B.S., Sato, S., Saulson, P.R., Savage, R., Savov, P., Schediwy, S.W., Schilling, R., Schnabel, R., Schofield, R., Schutz, B.F., Schwinberg, P., Scott, S.M., Searle, A.C., Sears, B., Seifert, F., Sellers, D., Sengupta, A.S., Shawhan, P., Shoemaker, D.H., Sibley, A., Siemens, X., Sigg, D., Sinha, S., Sintes, A.M., Slagmolen, B.J.J., Slutsky, J., Smith, J.R., Smith, M.R., Smith, N.D., Somiya, K., Sorazu, B., Stein, L.C., Stochino, A., Stone, R., Strain, K.A., Strom, D.M., Stuver, A., Summerscales, T.Z., Sun, K.-X., Sung, M., Sutton, P.J., Takahashi, H., Tanner, D.B., Taylor, R., Taylor, R., Thacker, J., Thorne, K.A., Thorne, K.S., Thüring, A., Tokmakov, K.V., Torres, C., Torrie, C., Traylor, G., Trias, M., Tyler, W., Ugolini, D., Ulmen, J., Urbanek, K., Vahlbruch, H., Van Den Broeck, C., Van Der Sluys, M., Vass, S., Vaulin, R., Vecchio, A., Veitch, J., Veitch, P., Villar, A., Vorvick, C., Vyatchanin, S.P., Waldman, S.J., Wallace, L., Ward, H., Ward, R., Weinert, M., Weinstein, A., Weiss, R., Wen, S., Wette, K., Whelan, J.T., Whitcomb, S.E., Whiting, B.F., Wilkinson, C., Willems, P.A., Williams, H.R., Williams, L., Willke, B., Wilmut, I., Winkler, W., Wipf, C.C., Wiseman, A.G., Woan, G., Wooley, R., Worden, J., Wu, W., Yakushin, I., Yamamoto, H., Yan, Z., Yoshida, S., Zanolin, M., Zhang, J., Zhang, L., Zhao, C., Zotov, N., Zucker, M., Zweizig, J.","Observation of a kilogram-scale oscillator near its quantum ground state",2009,"New Journal of Physics","11",, 073032,"","",,64,10.1088/1367-2630/11/7/073032,"https://www.scopus.com/inward/record.uri?eid=2-s2.0-67949098859&doi=10.1088%2f1367-2630%2f11%2f7%2f073032&partnerID=40&md5=330018f0afe97b72d7bc5350f8dba73c",Article,Scopus,2-s2.0-67949098859
"Abbott, B.P., Abbott, R., Adhikari, R., Ajith, P., Allen, B., Allen, G., Amin, R.S., Anderson, S.B., Anderson, W.G., Arain, M.A., Araya, M., Armandula, H., Armor, P., Aso, Y., Aston, S., Aufmuth, P., Aulbert, C., Babak, S., Baker, P., Ballmer, S., Barker, C., Barker, D., Barr, B., Barriga, P., Barsotti, L., Barton, M.A., Bartos, I., Bassiri, R., Bastarrika, M., Behnke, B., Benacquista, M., Betzwieser, J., Beyersdorf, P.T., Bilenko, I.A., Billingsley, G., Biswas, R., Black, E., Blackburn, J.K., Blackburn, L., Blair, D., Bland, B., Bodiya, T.P., Bogue, L., Bork, R., Boschi, V., Bose, S., Brady, P.R., Braginsky, V.B., Brau, J.E., Bridges, D.O., Brinkmann, M., Brooks, A.F., Brown, D.A., Brummit, A., Brunet, G., Bullington, A., Buonanno, A., Burmeister, O., Byer, R.L., Cadonati, L., Camp, J.B., Cannizzo, J., Cannon, K.C., Cao, J., Capano, C.D., Cardenas, L., Caride, S., Castaldi, G., Caudill, S., Cavaglià, M., Cepeda, C., Chalermsongsak, T., Chalkley, E., Charlton, P., Chatterji, S., Chelkowski, S., Chen, Y., Christensen, N., Chung, C.T.Y., Clark, D., Clark, J., Clayton, J.H., Cokelaer, T., Colacino, C.N., Conte, R., Cook, D., Corbitt, T.R.C., Cornish, N., Coward, D., Coyne, D.C., Creighton, J.D.E., Creighton, T.D., Cruise, A.M., Culter, R.M., Cumming, A., Cunningham, L., Danilishin, S.L., Danzmann, K., Daudert, B., Davies, G., Daw, E.J., Debra, D., Degallaix, J., Dergachev, V., Desai, S., Desalvo, R., Dhurandhar, S., Díaz, M., Dietz, A., Donovan, F., Dooley, K.L., Doomes, E.E., Drever, R.W.P., Dueck, J., Duke, I., Dumas, J.-C., Dwyer, J.G., Echols, C., Edgar, M., Effler, A., Ehrens, P., Ely, G., Espinoza, E., Etzel, T., Evans, M., Evans, T., Fairhurst, S., Faltas, Y., Fan, Y., Fazi, D., Fehrmann, H., Finn, L.S., Flasch, K., Foley, S., Forrest, C., Fotopoulos, N., Franzen, A., Frede, M., Frei, M., Frei, Z., Freise, A., Frey, R., Fricke, T., Fritschel, P., Frolov, V.V., Fyffe, M., Galdi, V., Garofoli, J.A., Gholami, I., Giaime, J.A., Giampanis, S., Giardina, K.D., Goda, K., Goetz, E., Goggin, L.M., González, G., Gorodetsky, M.L., Goßler, S., Gouaty, R., Grant, A., Gras, S., Gray, C., Gray, M., Greenhalgh, R.J.S., Gretarsson, A.M., Grimaldi, F., Grosso, R., Grote, H., Grunewald, S., Guenther, M., Gustafson, E.K., Gustafson, R., Hage, B., Hallam, J.M., Hammer, D., Hammond, G.D., Hanna, C., Hanson, J., Harms, J., Harry, G.M., Harry, I.W., Harstad, E.D., Haughian, K., Hayama, K., Heefner, J., Heng, I.S., Heptonstall, A., Hewitson, M., Hild, S., Hirose, E., Hoak, D., Hodge, K.A., Holt, K., Hosken, D.J., Hough, J., Hoyland, D., Hughey, B., Huttner, S.H., Ingram, D.R., Isogai, T., Ito, M., Ivanov, A., Johnson, B., Johnson, W.W., Jones, D.I., Jones, G., Jones, R., Ju, L., Kalmus, P., Kalogera, V., Kandhasamy, S., Kanner, J., Kasprzyk, D., Katsavounidis, E., Kawabe, K., Kawamura, S., Kawazoe, F., Kells, W., Keppel, D.G., Khalaidovski, A., Khalili, F.Y., Khan, R., Khazanov, E., King, P., Kissel, J.S., Klimenko, S., Kokeyama, K., Kondrashov, V., Kopparapu, R., Koranda, S., Kozak, D., Krishnan, B., Kumar, R., Kwee, P., Laljani, V., Lam, P.K., Landry, M., Lantz, B., Lazzarini, A., Lei, H., Lei, M., Leindecker, N., Leonor, I., Li, C., Lin, H., Lindquist, P.E., Littenberg, T.B., Lockerbie, N.A., Lodhia, D., Longo, M., Lormand, M., Lu, P., Lubinski, M., Lucianetti, A., Lück, H., Lundgren, A., MacHenschalk, B., MacInnis, M., Mageswaran, M., Mailand, K., Mandel, I., Mandic, V., Márka, S., Márka, Z., Markosyan, A., Markowitz, J., Maros, E., Martin, I.W., Martin, R.M., Marx, J.N., Mason, K., Matichard, F., Matone, L., Matzner, R.A., Mavalvala, N., McCarthy, R., McClelland, D.E., McGuire, S.C., McHugh, M., McIntyre, G., McKechan, D.J.A., McKenzie, K., Mehmet, M., Melatos, A., Melissinos, A.C., Menéndez, D.F., Mendell, G., Mercer, R.A., Meshkov, S., Messenger, C., Meyer, M.S., Miller, J., Minelli, J., Mino, Y., Mitrofanov, V.P., Mitselmakher, G., Mittleman, R., Miyakawa, O., Moe, B., Mohanty, S.D., Mohapatra, S.R.P., Moreno, G., Morioka, T., Mors, K., Mossavi, K., Mowlowry, C., Mueller, G., Müller-Ebhardt, H., Muhammad, D., Mukherjee, S., Mukhopadhyay, H., Mullavey, A., Munch, J., Murray, P.G., Myers, E., Myers, J., Nash, T., Nelson, J., Newton, G., Nishizawa, A., Numata, K., O'Dell, J., O'Reilly, B., O'Shaughnessy, R., Ochsner, E., Ogin, G.H., Ottaway, D.J., Ottens, R.S., Overmier, H., Owen, B.J., Pan, Y., Pankow, C., Papa, M.A., Parameshwaraiah, V., Patel, P., Pedraza, M., Penn, S., Perraca, A., Pierro, V., Pinto, I.M., Pitkin, M., Pletsch, H.J., Plissi, M.V., Postiglione, F., Principe, M., Prix, R., Prokhorov, L., Punken, O., Quetschke, V., Raab, F.J., Rabeling, D.S., Radkins, H., Raffai, P., Raics, Z., Rainer, N., Rakhmanov, M., Raymond, V., Reed, C.M., Reed, T., Rehbein, H., Reid, S., Reitze, D.H., Riesen, R., Riles, K., Rivera, B., Roberts, P., Robertson, N.A., Robinson, C., Robinson, E.L., Roddy, S., Röver, C., Rollins, J., Romano, J.D., Romie, J.H., Rowan, S., Rüdiger, A., Russell, P., Ryan, K., Sakata, S., De La Jordana, L.S., Sandberg, V., Sannibale, V., Santamaría, L., Saraf, S., Sarin, P., Sathyaprakash, B.S., Sato, S., Satterthwaite, M., Saulson, P.R., Savage, R., Savov, P., Scanlan, M., Schilling, R., Schnabel, R., Schofield, R., Schulz, B., Schutz, B.F., Schwinberg, P., Scott, J., Scott, S.M., Searle, A.C., Sears, B., Seifert, F., Sellers, D., Sengupta, A.S., Sergeev, A., Shapiro, B., Shawhan, P., Shoemaker, D.H., Sibley, A., Siemens, X., Sigg, D., Sinha, S., Sintes, A.M., Slagmolen, B.J.J., Slutsky, J., Smith, J.R., Smith, M.R., Smith, N.D., Somiya, K., Sorazu, B., Stein, A., Stein, L.C., Steplewski, S., Stochino, A., Stone, R., Strain, K.A., Strigin, S., Stroeer, A., Stuver, A.L., Summerscales, T.Z., Sun, K.-X., Sung, M., Sutton, P.J., Szokoly, G.P., Talukder, D., Tang, L., Tanner, D.B., Tarabrin, S.P., Taylor, J.R., Taylor, R., Thacker, J., Thorne, K.A., Thorne, K.S., Thüring, A., Tokmakov, K.V., Torres, C., Torrie, C., Traylor, G., Trias, M., Ugolini, D., Ulmen, J., Urbanek, K., Vahlbruch, H., Vallisneri, M., Van Den Broeck, C., Van Der Sluys, M.V., Van Veggel, A.A., Vass, S., Vaulin, R., Vecchio, A., Veitch, J., Veitch, P., Veltkamp, C., Villar, A., Vorvick, C., Vyachanin, S.P., Waldman, S.J., Wallace, L., Ward, R.L., Weidner, A., Weinert, M., Weinstein, A.J., Weiss, R., Wen, L., Wen, S., Wette, K., Whelan, J.T., Whitcomb, S.E., Whiting, B.F., Wilkinson, C., Willems, P.A., Williams, H.R., Williams, L., Willke, B., Wilmut, I., Winkelmann, L., Winkler, W., Wipf, C.C., Wiseman, A.G., Woan, G., Wooley, R., Worden, J., Wu, W., Yakushin, I., Yamamoto, H., Yan, Z., Yoshida, S., Zanolin, M., Zhang, J., Zhang, L., Zhao, C., Zotov, N., Zucker, M.E., Zur Mühlen, H., Zweizig, J.","Search for gravitational waves from low mass binary coalescences in the first year of LIGO's S5 data",2009,"Physical Review D - Particles, Fields, Gravitation and Cosmology","79","12", 122001,"","",,90,10.1103/PhysRevD.79.122001,"https://www.scopus.com/inward/record.uri?eid=2-s2.0-67649382244&doi=10.1103%2fPhysRevD.79.122001&partnerID=40&md5=7b9f27385e0c9c95a6e71bf290edc0ad",Article,Scopus,2-s2.0-67649382244
"Abbott, B.P., Abbott, R., Adhikari, R., Ajith, P., Allen, B., Allen, G., Amin, R.S., Anderson, S.B., Anderson, W.G., Arain, M.A., Araya, M., Armandula, H., Armor, P., Aso, Y., Aston, S., Aufmuth, P., Aulbert, C., Babak, S., Baker, P., Ballmer, S., Bantilan, H., Barish, B.C., Barker, C., Barker, D., Barr, B., Barriga, P., Barsotti, L., Barton, M.A., Bartos, I., Bassiri, R., Bastarrika, M., Behnke, B., Benacquista, M., Betzwieser, J., Beyersdorf, P.T., Bilenko, I.A., Billingsley, G., Biswas, R., Black, E., Blackburn, J.K., Blackburn, L., Blair, D., Bland, B., Bodiya, T.P., Bogue, L., Bork, R., Boschi, V., Bose, S., Brady, P.R., Braginsky, V.B., Brau, J.E., Brinkmann, M., Brooks, A.F., Brown, D.A., Brunet, G., Bullington, A., Buonanno, A., Burmeister, O., Byer, R.L., Cadonati, L., Cagnoli, G., Camp, J.B., Cannizzo, J., Cannon, K.C., Cao, J., Cardenas, L., Cardoso, V., Caride, S., Casebolt, T., Castaldi, G., Caudill, S., Cavaglià, M., Cepeda, C., Chalkley, E., Charlton, P., Chatterji, S., Chelkowski, S., Chen, Y., Christensen, N., Clark, D., Clark, J., Clayton, J.H., Cokelaer, T., Conte, R., Cook, D., Corbitt, T.R.C., Cornish, N., Coyne, D.C., Creighton, J.D.E., Creighton, T.D., Cruise, A.M., Cumming, A., Cunningham, L., Cutler, R.M., Danzmann, K., Daudert, B., Davies, G., Debra, D., Degallaix, J., Dergachev, V., Desai, S., Desalvo, R., Dhurandhar, S., Díaz, M., Dickson, J., Dietz, A., Donovan, F., Dooley, K.L., Doomes, E.E., Drever, R.W.P., Duke, I., Dumas, J.-C., Dwyer, J., Echols, C., Edgar, M., Effler, A., Ehrens, P., Ely, G., Espinoza, E., Etzel, T., Evans, M., Evans, T., Fairhurst, S., Faltas, Y., Fan, Y., Fazi, D., Fejer, M.M., Finn, L.S., Flasch, K., Foley, S., Forrest, C., Fotopoulos, N., Franzen, A., Frei, Z., Freise, A., Frey, R., Fricke, T.T., Fritschel, P., Frolov, V.V., Fyffe, M., Garofoli, J.A., Gholami, I., Giaime, J.A., Giampanis, S., Giardina, K.D., Goda, K., Goetz, E., Goggin, L.M., González, G., Gossler, S., Gouaty, R., Grant, A., Gras, S., Gray, C., Gray, M., Greenhalgh, R.J.S., Gretarsson, A.M., Grimaldi, F., Grosso, R., Grote, H., Grunewald, S., Guenther, M., Gustafson, E.K., Gustafson, R., Hage, B., Hallam, J.M., Hanna, C., Hanson, J., Harms, J., Harry, G.M., Harstad, E.D., Haughian, E., Hayama, K., Hayler, T., Heefner, J., Heng, I.S., Heptonstall, A., Hewitson, M., Hild, S., Hirose, E., Hoak, D., Holt, K., Hosken, D., Hough, J., Huttner, S.H., Ingram, D., Ito, M., Ivanov, A., Johnson, B., Johnson, W.W., Jones, D.I., Jones, G., Jones, R., Ju, L., Kalmus, P., Kalogera, V., Kamat, S., Kanner, J., Kasprzyk, D., Katsavounidis, E., Kawabe, K., Kawamura, S., Kawazoe, F., Kells, W., Keppel, D.G., Khalaidovski, A., Khalili, F.Y., Khan, R., Khazanov, E., King, P., Kissel, J.S., Klimenko, S., Kocsis, B., Kokeyama, K., Kondrashov, V., Kopparapu, R., Koranda, S., Kozak, D., Kozhevatov, I., Krishnan, B., Kwee, P., Landry, M., Lantz, B., Lazzarini, A., Lei, M., Leonor, I., Li, C., Lin, H., Lindquist, P.E., Littenberg, T.B., Lockerbie, N.A., Lodhia, D., Lormand, M., Lu, P., Lubinski, M., Lucianetti, A., Lück, H., MacHenschalk, B., MacInnis, M., Mageswaran, M., Mailand, K., Mandel, I., Mandic, V., Márka, S., Márka, Z., Markosyan, A., Markowitz, J., Maros, E., Martin, I.W., Martin, R.M., Marx, J.N., Mason, K., Matichard, F., Matone, L., Matzner, R., Mavalvala, N., McCarthy, R., McClelland, D.E., McGuire, S.C., McHugh, M., McIntyre, G., McKechan, D., McKenzie, K., Mehmet, M., Melissinos, A., Mendell, G., Mercer, R.A., Meshkov, S., Messenger, C.J., Meyers, D., Miller, A., Miller, J., Minelli, J., Mitra, S., Mitrofanov, V.P., Mitselmakher, G., Mittleman, R., Miyakawa, O., Moe, B., Mohanty, S.D., Moreno, G., Mors, K., Mossavi, K., Mowlowry, C., Mueller, G., Muhammad, D., Mukherjee, S., Mukhopadhyay, H., Mullavey, A., Müller-Ebhardt, H., Munch, J., Murray, P.G., Myers, E., Myers, J., Nash, T., Nelson, J., Newton, G., Nishizawa, A., Numata, K., Ochsner, E., O'Dell, J., Ogin, G., O'Reilly, B., O'Shaughnessy, R., Ottaway, D.J., Ottens, R.S., Overmier, H., Owen, B.J., Pan, Y., Pankow, C., Papa, M.A., Parameshwaraiah, V., Patel, P., Pedraza, M., Penn, S., Perraca, A., Petrie, T., Pinto, I.M., Pitkin, M., Pletsch, H.J., Plissi, M.V., Postiglione, F., Principe, M., Prix, R., Quetschke, V., Raab, F.J., Rabeling, D.S., Radkins, H., Raffai, P., Rainer, N., Rakhmanov, M., Ramsunder, M., Reed, T., Rehbein, H., Reid, S., Reitze, D.H., Riesen, R., Riles, K., Rivera, B., Robertson, N.A., Robinson, C., Robinson, E.L., Roddy, S., Rogan, A.M., Rollins, J., Romano, J.D., Romie, J.H., Rowan, S., Rüdiger, A., Ruet, L., Russell, P., Ryan, K., Sakata, S., Sancho De La Jordana, L., Sandberg, V., Sannibale, V., Santamaria, L., Saraf, S., Sarin, P., Sathyaprakash, B.S., Sato, S., Saulson, P.R., Savage, R., Savov, P., Scanlan, M., Schediwy, S.W., Schilling, R., Schnabel, R., Schofield, R., Schutz, B.F., Schwinberg, P., Scott, J., Scott, S.M., Searle, A.C., Sears, B., Seifert, F., Sellers, D., Sengupta, A.S., Sergeev, A., Shapiro, B., Shawhan, P., Shoemaker, D.H., Sibley, A., Siemens, X., Sigg, D., Sinha, S., Sintes, A.M., Slagmolen, B.J.J., Slutsky, J., Smith, J.R., Smith, M.R., Smith, N.D., Somiya, K., Sorazu, B., Stein, L.C., Strain, K.A., Stuver, A., Summerscales, T.Z., Sun, K.-X., Sung, M., Sutton, P.J., Takahashi, H., Tanner, D.B., Taylor, R., Taylor, R., Thacker, J., Thorne, K.A., Thorne, K.S., Thüring, A., Tokmakov, K.V., Torres, C., Torrie, C., Traylor, G., Trias, M., Ugolini, D., Urbanek, K., Vahlbruch, H., Van Den Broeck, C., Van Der Sluys, M.V., Van Veggel, A.A., Vass, S., Vaulin, R., Vecchio, A., Veitch, J.D., Veitch, P., Villar, A., Vorvick, C., Vyachanin, S.P., Waldman, S.J., Wallace, L., Ward, H., Ward, R.L., Weinert, M., Weinstein, A.J., Weiss, R., Wen, L., Wen, S., Wette, K., Whelan, J.T., Whitcomb, S.E., Whiting, B.F., Wilkinson, C., Willems, P.A., Williams, H.R., Williams, L., Willke, B., Wilmut, I., Winkler, W., Wipf, C.C., Wiseman, A.G., Woan, G., Wooley, R., Worden, J., Wu, W., Yakushin, I., Yamamoto, H., Yan, Z., Yoshida, S., Zanolin, M., Zhang, J., Zhang, L., Zhao, C., Zotov, N., Zucker, M.E., Zur Mühlen, H., Zweizig, J.","All-Sky LIGO search for periodic gravitational waves in the early fifth-science-run data",2009,"Physical Review Letters","102","11", 111102,"","",,55,10.1103/PhysRevLett.102.111102,"https://www.scopus.com/inward/record.uri?eid=2-s2.0-63549087877&doi=10.1103%2fPhysRevLett.102.111102&partnerID=40&md5=03ed4608131e3147ccff0df1b7decee0",Article,Scopus,2-s2.0-63549087877
"Abbott, B., Abbott, R., Adhikari, R., Ajith, P., Allen, B., Allen, G., Amin, R., Anderson, D.P., Anderson, S.B., Anderson, W.G., Arain, M.A., Araya, M., Armandula, H., Armor, P., Aso, Y., Aston, S., Aufmuth, P., Aulbert, C., Babak, S., Ballmer, S., Bantilan, H., Barish, B.C., Barker, C., Barker, D., Barr, B., Barriga, P., Barton, M.A., Bastarrika, M., Bayer, K., Betzwieser, J., Beyersdorf, P.T., Bilenko, I.A., Billingsley, G., Biswas, R., Black, E., Blackburn, K., Blackburn, L., Blair, D., Bland, B., Bodiya, T.P., Bogue, L., Bork, R., Boschi, V., Bose, S., Brady, P.R., Braginsky, V.B., Brau, J.E., Brinkmann, M., Brooks, A., Brown, D.A., Brunet, G., Bullington, A., Buonanno, A., Burmeister, O., Byer, R.L., Cadonati, L., Cagnoli, G., Camp, J.B., Cannizzo, J., Cannon, K., Cao, J., Cardenas, L., Casebolt, T., Castaldi, G., Cepeda, C., Chalkley, E., Charlton, P., Chatterji, S., Chelkowski, S., Chen, Y., Christensen, N., Clark, D., Clark, J., Cokelaer, T., Conte, R., Cook, D., Corbitt, T., Coyne, D., Creighton, J.D.E., Creighton, T.D., Cumming, A., Cunningham, L., Cutler, R.M., Dalrymple, J., Danzmann, K., Davies, G., DeBra, D., Degallaix, J., Degree, M., Dergachev, V., Desai, S., DeSalvo, R., Dhurandhar, S., Díaz, M., Dickson, J., Dietz, A., Donovan, F., Dooley, K.L., Doomes, E.E., Drever, R.W.P., Duke, I., Dumas, J.-C., Dupuis, R.J., Dwyer, J.G., Echols, C., Effler, A., Ehrens, P., Ely, G., Espinoza, E., Etzel, T., Evans, T., Fairhurst, S., Fan, Y., Fazi, D., Fehrmann, H., Fejer, M.M., Finn, L.S., Flasch, K., Fotopoulos, N., Freise, A., Frey, R., Fricke, T., Fritschel, P., Frolov, V.V., Fyffe, M., Garofoli, J., Gholami, I., Giaime, J.A., Giampanis, S., Giardina, K.D., Goda, K., Goetz, E., Goggin, L., González, G., Gossler, S., Gouaty, R., Grant, A., Gras, S., Gray, C., Gray, M., Greenhalgh, R.J.S., Gretarsson, A.M., Grimaldi, F., Grosso, R., Grote, H., Grunewald, S., Guenther, M., Gustafson, E.K., Gustafson, R., Hage, B., Hallam, J.M., Hammer, D., Hanna, C., Hanson, J., Harms, J., Harry, G., Harstad, E., Hayama, K., Hayler, T., Heefner, J., Heng, I.S., Hennessy, M., Heptonstall, A., Hewitson, M., Hild, S., Hirose, E., Hoak, D., Hosken, D., Hough, J., Huttner, S.H., Ingram, D., Ito, M., Ivanov, A., Johnson, B., Johnson, W.W., Jones, D.I., Jones, G., Jones, R., Ju, L., Kalmus, P., Kalogera, V., Kamat, S., Kanner, J., Kasprzyk, D., Katsavounidis, E., Kawabe, K., Kawamura, S., Kawazoe, F., Kells, W., Keppel, D.G., Khalili, F.Ya., Khan, R., Khazanov, E., Kim, C., King, P., Kissel, J.S., Klimenko, S., Kokeyama, K., Kondrashov, V., Kopparapu, R.K., Kozak, D., Kozhevatov, I., Krishnan, B., Kwee, P., Lam, P.K., Landry, M., Lang, M.M., Lantz, B., Lazzarini, A., Lei, M., Leindecker, N., Leonhardt, V., Leonor, I., Libbrecht, K., Lin, H., Lindquist, P., Lockerbie, N.A., Lodhia, D., Lormand, M., Lu, P., Lubinski, M., Lucianetti, A., Lück, H., Machenschalk, B., MacInnis, M., Mageswaran, M., Mailand, K., Mandic, V., Márka, S., Márka, Z., Markosyan, A., Markowitz, J., Maros, E., Martin, I., Martin, R.M., Marx, J.N., Mason, K., Matichard, F., Matone, L., Matzner, R., Mavalvala, N., McCarthy, R., McClelland, D.E., McGuire, S.C., McHugh, M., McIntyre, G., McIvor, G., McKechan, D., McKenzie, K., Meier, T., Melissinos, A., Mendell, G., Mercer, R.A., Meshkov, S., Messenger, C.J., Meyers, D., Miller, J., Minelli, J., Mitra, S., Mitrofanov, V.P., Mitselmakher, G., Mittleman, R., Miyakawa, O., Moe, B., Mohanty, S., Moreno, G., Mossavi, K., Mowlowry, C., Mueller, G., Mukherjee, S., Mukhopadhyay, H., Müller-Ebhardt, H., Munch, J., Murray, P., Myers, E., Myers, J., Nash, T., Nelson, J., Newton, G., Nishizawa, A., Numata, K., O'Dell, J., Ogin, G., O'Reilly, B., O'Shaughnessy, R., Ottaway, D.J., Ottens, R.S., Overmier, H., Owen, B.J., Pan, Y., Pankow, C., Papa, M.A., Parameshwaraiah, V., Patel, P., Pedraza, M., Penn, S., Perreca, A., Petrie, T., Pinto, I.M., Pitkin, M., Pletsch, H.J., Plissi, M.V., Postiglione, F., Principe, M., Prix, R., Quetschke, V., Raab, F., Rabeling, D.S., Radkins, H., Rainer, N., Rakhmanov, M., Ramsunder, M., Rehbein, H., Reid, S., Reitze, D.H., Riesen, R., Riles, K., Rivera, B., Robertson, N.A., Robinson, C., Robinson, E.L., Roddy, S., Rodriguez, A., Rogan, A.M., Rollins, J., Romano, J.D., Romie, J., Route, R., Rowan, S., Rüdiger, A., Ruet, L., Russell, P., Ryan, K., Sakata, S., Samidi, M., De La Jordana, L.S., Sandberg, V., Sannibale, V., Saraf, S., Sarin, P., Sathyaprakash, B.S., Sato, S., Saulson, P.R., Savage, R., Savov, P., Schediwy, S.W., Schilling, R., Schnabel, R., Schofield, R., Schutz, B.F., Schwinberg, P., Scott, S.M., Searle, A.C., Sears, B., Seifert, F., Sellers, D., Sengupta, A.S., Shawhan, P., Shoemaker, D.H., Sibley, A., Siemens, X., Sigg, D., Sinha, S., Sintes, A.M., Slagmolen, B.J.J., Slutsky, J., Smith, J.R., Smith, M.R., Smith, N.D., Somiya, K., Sorazu, B., Stein, L.C., Stochino, A., Stone, R., Strain, K.A., Strom, D.M., Stuver, A., Summerscales, T.Z., Sun, K.-X., Sung, M., Sutton, P.J., Takahashi, H., Tanner, D.B., Taylor, R., Taylor, R., Thacker, J., Thorne, K.A., Thorne, K.S., Thüring, A., Tokmakov, K.V., Torres, C., Torrie, C., Traylor, G., Trias, M., Tyler, W., Ugolini, D., Ulmen, J., Urbanek, K., Vahlbruch, H., Van Den Broeck, C., Van Der Sluys, M., Vass, S., Vaulin, R., Vecchio, A., Veitch, J., Veitch, P., Vigeland, S., Villar, A., Vorvick, C., Vyachanin, S.P., Waldman, S.J., Wallace, L., Ward, H., Ward, R., Weinert, M., Weinstein, A., Weiss, R., Wen, S., Wette, K., Whelan, J.T., Whitbeck, D.M., Whitcomb, S.E., Whiting, B.F., Wilkinson, C., Willems, P.A., Williams, H.R., Williams, L., Willke, B., Wilmut, I., Winkler, W., Wipf, C.C., Wiseman, A.G., Woan, G., Wooley, R., Worden, J., Wu, W., Yakushin, I., Yamamoto, H., Yan, Z., Yoshida, S., Zanolin, M., Zhang, J., Zhang, L., Zhao, C., Zotov, N., Zucker, M., Zweizig, J.","Einstein@Home search for periodic gravitational waves in LIGO S4 data",2009,"Physical Review D - Particles, Fields, Gravitation and Cosmology","79","2", 022001,"","",,46,10.1103/PhysRevD.79.022001,"https://www.scopus.com/inward/record.uri?eid=2-s2.0-59649101675&doi=10.1103%2fPhysRevD.79.022001&partnerID=40&md5=3f6b1a6ef5974591c859e9f5c0dd5d10",Article,Scopus,2-s2.0-59649101675
"Abbott, B., Abbott, R., Adhikari, R., Ajith, P., Allen, B., Allen, G., Amin, R., Anderson, S.B., Anderson, W.G., Arain, M.A., Araya, M., Armandula, H., Armor, P., Aso, Y., Aston, S., Aufmuth, P., Aulbert, C., Babak, S., Ballmer, S., Bantilan, H., Barish, B.C., Barker, C., Barker, D., Barr, B., Barriga, P., Barton, M.A., Bastarrika, M., Bayer, K., Betzwieser, J., Beyersdorf, P.T., Bilenko, I.A., Billingsley, G., Biswas, R., Black, E., Blackburn, K., Blackburn, L., Blair, D., Bland, B., Bodiya, T.P., Bogue, L., Bork, R., Boschi, V., Bose, S., Brady, P.R., Braginsky, V.B., Brau, J.E., Brinkmann, M., Brooks, A., Brown, D.A., Brunet, G., Bullington, A., Buonanno, A., Burmeister, O., Byer, R.L., Cadonati, L., Cagnoli, G., Camp, J.B., Cannizzo, J., Cannon, K., Cao, J., Cardenas, L., Casebolt, T., Castaldi, G., Cepeda, C., Chalkley, E., Charlton, P., Chatterji, S., Chelkowski, S., Chen, Y., Christensen, N., Clark, D., Clark, J., Cokelaer, T., Conte, R., Cook, D., Corbitt, T., Coyne, D., Creighton, J.D.E., Cumming, A., Cunningham, L., Cutler, R.M., Dalrymple, J., Danzmann, K., Davies, G., Debra, D., Degallaix, J., Degree, M., Dergachev, V., Desai, S., Desalvo, R., Dhurandhar, S., Díaz, M., Dickson, J., Dietz, A., Donovan, F., Dooley, K.L., Doomes, E.E., Drever, R.W.P., Duke, I., Dumas, J.-C., Dupuis, R.J., Dwyer, J.G., Echols, C., Effler, A., Ehrens, P., Espinoza, E., Etzel, T., Evans, T., Fairhurst, S., Fan, Y., Fazi, D., Fehrmann, H., Fejer, M.M., Finn, L.S., Flasch, K., Fotopoulos, N., Freise, A., Frey, R., Fricke, T., Fritschel, P., Frolov, V.V., Fyffe, M., Garofoli, J., Gholami, I., Giaime, J.A., Giampanis, S., Giardina, K.D., Goda, K., Goetz, E., Goggin, L., González, G., Gossler, S., Gouaty, R., Grant, A., Gras, S., Gray, C., Gray, M., Greenhalgh, R.J.S., Gretarsson, A.M., Grimaldi, F., Grosso, R., Grote, H., Grunewald, S., Guenther, M., Gustafson, E.K., Gustafson, R., Hage, B., Hallam, J.M., Hammer, D., Hanna, C., Hanson, J., Harms, J., Harry, G., Harstad, E., Hayama, K., Hayler, T., Heefner, J., Heng, I.S., Hennessy, M., Heptonstall, A., Hewitson, M., Hild, S., Hirose, E., Hoak, D., Hosken, D., Hough, J., Huttner, S.H., Ingram, D., Ito, M., Ivanov, A., Johnson, B., Johnson, W.W., Jones, D.I., Jones, G., Jones, R., Ju, L., Kalmus, P., Kalogera, V., Kamat, S., Kanner, J., Kasprzyk, D., Katsavounidis, E., Kawabe, K., Kawamura, S., Kawazoe, F., Kells, W., Keppel, D.G., Khalili, F.Ya., Khan, R., Khazanov, E., Kim, C., King, P., Kissel, J.S., Klimenko, S., Kokeyama, K., Kondrashov, V., Kopparapu, R.K., Kozak, D., Kozhevatov, I., Krishnan, B., Kwee, P., Lam, P.K., Landry, M., Lang, M.M., Lantz, B., Lazzarini, A., Lei, M., Leindecker, N., Leonhardt, V., Leonor, I., Libbrecht, K., Lin, H., Lindquist, P., Lockerbie, N.A., Lodhia, D., Lormand, M., Lu, P., Lubinski, M., Lucianetti, A., Lück, H., MacHenschalk, B., MacInnis, M., Mageswaran, M., Mailand, K., Mandic, V., Márka, S., Márka, Z., Markosyan, A., Markowitz, J., Maros, E., Martin, I., Martin, R.M., Marx, J.N., Mason, K., Matichard, F., Matone, L., Matzner, R., Mavalvala, N., McCarthy, R., McClelland, D.E., McGuire, S.C., McHugh, M., McIntyre, G., McIvor, G., McKechan, D., McKenzie, K., Meier, T., Melissinos, A., Mendell, G., Mercer, R.A., Meshkov, S., Messenger, C.J., Meyers, D., Miller, J., Minelli, J., Mitra, S., Mitrofanov, V.P., Mitselmakher, G., Mittleman, R., Miyakawa, O., Moe, B., Mohanty, S., Moreno, G., Mossavi, K., Mowlowry, C., Mueller, G., Mukherjee, S., Mukhopadhyay, H., Müller-Ebhardt, H., Munch, J., Murray, P., Myers, E., Myers, J., Nash, T., Nelson, J., Newton, G., Nishizawa, A., Numata, K., O'Dell, J., Ogin, G., O'Reilly, B., O'Shaughnessy, R., Ottaway, D.J., Ottens, R.S., Overmier, H., Owen, B.J., Pan, Y., Pankow, C., Papa, M.A., Parameshwaraiah, V., Patel, P., Pedraza, M., Penn, S., Perreca, A., Petrie, T., Pinto, I.M., Pitkin, M., Pletsch, H.J., Plissi, M.V., Postiglione, F., Principe, M., Prix, R., Quetschke, V., Raab, F., Rabeling, D.S., Radkins, H., Rainer, N., Rakhmanov, M., Ramsunder, M., Rehbein, H., Reid, S., Reitze, D.H., Riesen, R., Riles, K., Rivera, B., Robertson, N.A., Robinson, C., Robinson, E.L., Roddy, S., Rodriguez, A., Rogan, A.M., Rollins, J., Romano, J.D., Romie, J., Route, R., Rowan, S., Rüdiger, A., Ruet, L., Russell, P., Ryan, K., Sakata, S., Samidi, M., Sancho De La Jordana, L., Sandberg, V., Sannibale, V., Saraf, S., Sarin, P., Sathyaprakash, B.S., Sato, S., Saulson, P.R., Savage, R., Savov, P., Schediwy, S.W., Schilling, R., Schnabel, R., Schofield, R., Schutz, B.F., Schwinberg, P., Scott, S.M., Searle, A.C., Sears, B., Seifert, F., Sellers, D., Sengupta, A.S., Shawhan, P., Shoemaker, D.H., Sibley, A., Siemens, X., Sigg, D., Sinha, S., Sintes, A.M., Slagmolen, B.J.J., Slutsky, J., Smith, J.R., Smith, M.R., Smith, N.D., Somiya, K., Sorazu, B., Stein, L.C., Stochino, A., Stone, R., Strain, K.A., Strom, D.M., Stuver, A., Summerscales, T.Z., Sun, K.-X., Sung, M., Sutton, P.J., Takahashi, H., Tanner, D.B., Taylor, R., Taylor, R., Thacker, J., Thorne, K.A., Thorne, K.S., Thüring, A., Tokmakov, K.V., Torres, C., Torrie, C., Traylor, G., Trias, M., Tyler, W., Ugolini, D., Ulmen, J., Urbanek, K., Vahlbruch, H., Van Den Broeck, C., Van Der Sluys, M., Vass, S., Vaulin, R., Vecchio, A., Veitch, J., Veitch, P., Villar, A., Vorvick, C., Vyachanin, S.P., Waldman, S.J., Wallace, L., Ward, H., Ward, R., Weinert, M., Weinstein, A., Weiss, R., Wen, S., Wette, K., Whelan, J.T., Whitcomb, S.E., Whiting, B.F., Wilkinson, C., Willems, P.A., Williams, H.R., Williams, L., Willke, B., Wilmut, I., Winkler, W., Wipf, C.C., Wiseman, A.G., Woan, G., Wooley, R., Worden, J., Wu, W., Yakushin, I., Yamamoto, H., Yan, Z., Yoshida, S., Zanolin, M., Zhang, J., Zhang, L., Zhao, C., Zotov, N., Zucker, M., Zweizig, J., Santostasi, G.","Erratum: Beating the spin-down limit on gravitational wave emission from the crab pulsar (Astrophysical Journal (2008) 683 (L45))",2009,"Astrophysical Journal","706","1 PART 2",,"L203","L204",,7,10.1088/0004-637X/706/1/L203,"https://www.scopus.com/inward/record.uri?eid=2-s2.0-77749341054&doi=10.1088%2f0004-637X%2f706%2f1%2fL203&partnerID=40&md5=c32bc4e795b206d5dfc9f1b81266ffaa",Erratum,Scopus,2-s2.0-77749341054
"Abbott, B.P., Abbott, R., Adhikari, R., Ajith, P., Allen, B., Allen, G., Amin, R.S., Anderson, S.B., Anderson, W.G., Arain, M.A., Araya, M., Armandula, H., Armor, P., Aso, Y., Aston, S., Aufmuth, P., Aulbert, C., Babak, S., Baker, P., Ballmer, S., Barker, C., Barker, D., Barr, B., Barriga, P., Barsotti, L., Barton, M.A., Bartos, I., Bassiri, R., Bastarrika, M., Behnke, B., Benacquista, M., Betzwieser, J., Beyersdorf, P.T., Bilenko, I.A., Billingsley, G., Biswas, R., Black, E., Blackburn, J.K., Blackburn, L., Blair, D., Bland, B., Bodiya, T.P., Bogue, L., Bork, R., Boschi, V., Bose, S., Brady, P.R., Braginsky, V.B., Brau, J.E., Bridges, D.O., Brinkmann, M., Brooks, A.F., Brown, D.A., Brummit, A., Brunet, G., Bullington, A., Buonanno, A., Burmeister, O., Byer, R.L., Cadonati, L., Camp, J.B., Cannizzo, J., Cannon, K.C., Cao, J., Cardenas, L., Caride, S., Castaldi, G., Caudill, S., Cavaglià, M., Cepeda, C., Chalermsongsak, T., Chalkley, E., Charlton, P., Chatterji, S., Chelkowski, S., Chen, Y., Christensen, N., Chung, C.T.Y., Clark, D., Clark, J., Clayton, J.H., Cokelaer, T., Colacino, C.N., Conte, R., Cook, D., Corbitt, T.R.C., Cornish, N., Coward, D., Coyne, D.C., Creighton, J.D.E., Creighton, T.D., Cruise, A.M., Culter, R.M., Cumming, A., Cunningham, L., Danilishin, S.L., Danzmann, K., Daudert, B., Davies, G., Daw, E.J., Debra, D., Degallaix, J., Dergachev, V., Desai, S., Desalvo, R., Dhurandhar, S., Díaz, M., Dietz, A., Donovan, F., Dooley, K.L., Doomes, E.E., Drever, R.W.P., Dueck, J., Duke, I., Dumas, J.-C., Dwyer, J.G., Echols, C., Edgar, M., Effler, A., Ehrens, P., Espinoza, E., Etzel, T., Evans, M., Evans, T., Fairhurst, S., Faltas, Y., Fan, Y., Fazi, D., Fehrmann, H., Finn, L.S., Flasch, K., Foley, S., Forrest, C., Fotopoulos, N., Franzen, A., Frede, M., Frei, M., Frei, Z., Freise, A., Frey, R., Fricke, T., Fritschel, P., Frolov, V.V., Fyffe, M., Galdi, V., Garofoli, J.A., Gholami, I., Giaime, J.A., Giampanis, S., Giardina, K.D., Goda, K., Goetz, E., Goggin, L.M., González, G., Gorodetsky, M.L., Goler, S., Gouaty, R., Grant, A., Gras, S., Gray, C., Gray, M., Greenhalgh, R.J.S., Gretarsson, A.M., Grimaldi, F., Grosso, R., Grote, H., Grunewald, S., Guenther, M., Gustafson, E.K., Gustafson, R., Hage, B., Hallam, J.M., Hammer, D., Hammond, G.D., Hanna, C., Hanson, J., Harms, J., Harry, G.M., Harry, I.W., Harstad, E.D., Haughian, K., Hayama, K., Heefner, J., Heng, I.S., Heptonstall, A., Hewitson, M., Hild, S., Hirose, E., Hoak, D., Hodge, K.A., Holt, K., Hosken, D.J., Hough, J., Hoyland, D., Hughey, B., Huttner, S.H., Ingram, D.R., Isogai, T., Ito, M., Ivanov, A., Johnson, B., Johnson, W.W., Jones, D.I., Jones, G., Jones, R., Ju, L., Kalmus, P., Kalogera, V., Kandhasamy, S., Kanner, J., Kasprzyk, D., Katsavounidis, E., Kawabe, K., Kawamura, S., Kawazoe, F., Kells, W., Keppel, D.G., Khalaidovski, A., Khalili, F.Y., Khan, R., Khazanov, E., King, P., Kissel, J.S., Klimenko, S., Kokeyama, K., Kondrashov, V., Kopparapu, R., Koranda, S., Kozak, D., Krishnan, B., Kumar, R., Kwee, P., Lam, P.K., Landry, M., Lantz, B., Lazzarini, A., Lei, H., Lei, M., Leindecker, N., Leonor, I., Li, C., Lin, H., Lindquist, P.E., Littenberg, T.B., Lockerbie, N.A., Lodhia, D., Longo, M., Lormand, M., Lu, P., Lubinski, M., Lucianetti, A., Lück, H., MacHenschalk, B., MacInnis, M., Mageswaran, M., Mailand, K., Mandel, I., Mandic, V., Mrka, S., Mrka, Z., Markosyan, A., Markowitz, J., Maros, E., Martin, I.W., Martin, R.M., Marx, J.N., Mason, K., Matichard, F., Matone, L., Matzner, R.A., Mavalvala, N., McCarthy, R., McClelland, D.E., McGuire, S.C., McHugh, M., McIntyre, G., McKechan, D.J.A., McKenzie, K., Mehmet, M., Melatos, A., Melissinos, A.C., Menéndez, D.F., Mendell, G., Mercer, R.A., Meshkov, S., Messenger, C., Meyer, M.S., Miller, J., Minelli, J., Mino, Y., Mitrofanov, V.P., Mitselmakher, G., Mittleman, R., Miyakawa, O., Moe, B., Mohanty, S.D., Mohapatra, S.R.P., Moreno, G., Morioka, T., Mors, K., Mossavi, K., Mowlowry, C., Mueller, G., Müller-Ebhardt, H., Muhammad, D., Mukherjee, S., Mukhopadhyay, H., Mullavey, A., Munch, J., Murray, P.G., Myers, E., Myers, J., Nash, T., Nelson, J., Newton, G., Nishizawa, A., Numata, K., O'Dell, J., O'Reilly, B., O'Shaughnessy, R., Ochsner, E., Ogin, G.H., Ottaway, D.J., Ottens, R.S., Overmier, H., Owen, B.J., Pan, Y., Pankow, C., Papa, M.A., Parameshwaraiah, V., Patel, P., Pedraza, M., Penn, S., Perreca, A., Pierro, V., Pinto, I.M., Pitkin, M., Pletsch, H.J., Plissi, M.V., Postiglione, F., Principe, M., Prix, R., Prokhorov, L., Punken, O., Quetschke, V., Raab, F.J., Rabeling, D.S., Radkins, H., Raffai, P., Raics, Z., Rainer, N., Rakhmanov, M., Raymond, V., Reed, C.M., Reed, T., Rehbein, H., Reid, S., Reitze, D.H., Riesen, R., Riles, K., Rivera, B., Roberts, P., Robertson, N.A., Robinson, C., Robinson, E.L., Roddy, S., Röver, C., Rollins, J., Romano, J.D., Romie, J.H., Rowan, S., Rüdiger, A., Russell, P., Ryan, K., Sakata, S., Sancho De La Jordana, L., Sandberg, V., Sannibale, V., Santamaría, L., Saraf, S., Sarin, P., Sathyaprakash, B.S., Sato, S., Satterthwaite, M., Saulson, P.R., Savage, R., Savov, P., Scanlan, M., Schilling, R., Schnabel, R., Schofield, R., Schulz, B., Schutz, B.F., Schwinberg, P., Scott, J., Scott, S.M., Searle, A.C., Sears, B., Seifert, F., Sellers, D., Sengupta, A.S., Sergeev, A., Shapiro, B., Shawhan, P., Shoemaker, D.H., Sibley, A., Siemens, X., Sigg, D., Sinha, S., Sintes, A.M., Slagmolen, B.J.J., Slutsky, J., Smith, J.R., Smith, M.R., Smith, N.D., Somiya, K., Sorazu, B., Stein, A., Stein, L.C., Steplewski, S., Stochino, A., Stone, R., Strain, K.A., Strigin, S., Stroeer, A., Stuver, A.L., Summerscales, T.Z., Sun, K.-X., Sung, M., Sutton, P.J., Szokoly, G.P., Talukder, D., Tang, L., Tanner, D.B., Tarabrin, S.P., Taylor, J.R., Taylor, R., Thacker, J., Thorne, K.A., Thorne, K.S., Thüring, A., Tokmakov, K.V., Torres, C., Torrie, C., Traylor, G., Trias, M., Ugolini, D., Ulmen, J., Urbanek, K., Vahlbruch, H., Vallisneri, M., Van Den Broeck, C., Van Der Sluys, M.V., Van Veggel, A.A., Vass, S., Vaulin, R., Vecchio, A., Veitch, J., Veitch, P., Veltkamp, C., Villar, A., Vorvick, C., Vyachanin, S.P., Waldman, S.J., Wallace, L., Ward, R.L., Weidner, A., Weinert, M., Weinstein, A.J., Weiss, R., Wen, L., Wen, S., Wette, K., Whelan, J.T., Whitcomb, S.E., Whiting, B.F., Wilkinson, C., Willems, P.A., Williams, H.R., Williams, L., Willke, B., Wilmut, I., Winkelmann, L., Winkler, W., Wipf, C.C., Wiseman, A.G., Woan, G., Wooley, R., Worden, J., Wu, W., Yakushin, I., Yamamoto, H., Yan, Z., Yoshida, S., Zanolin, M., Zhang, J., Zhang, L., Zhao, C., Zotov, N., Zucker, M.E., Zur Mühlen, H., Zweizig, A.J.","Stacked search for gravitational waves from the 2006 SGR 1900+14 storm",2009,"Astrophysical Journal","701","2 PART 2",,"L68","L74",,41,10.1088/0004-637X/701/2/L68,"https://www.scopus.com/inward/record.uri?eid=2-s2.0-77949527541&doi=10.1088%2f0004-637X%2f701%2f2%2fL68&partnerID=40&md5=a57f317a028b3f1932c2ad43dafe15ab",Article,Scopus,2-s2.0-77949527541
"Abbott, B., Abbott, R., Adhikari, R., Ajith, P., Allen, B., Allen, G., Amin, R., Anderson, S.B., Anderson, W.G., Arain, M.A., Araya, M., Armandula, H., Armor, P., Aso, Y., Aston, S., Aufmuth, P., Aulbert, C., Babak, S., Ballmer, S., Bantilan, H., Barish, B.C., Barker, C., Barker, D., Barr, B., Barriga, P., Barton, M.A., Bartos, I., Bastarrika, M., Bayer, K., Betzwieser, J., Beyersdorf, P.T., Bilenko, I.A., Billingsley, G., Biswas, R., Black, E., Blackburn, K., Blackburn, L., Blair, D., Bland, B., Bodiya, T.P., Bogue, L., Bork, R., Boschi, V., Bose, S., Brady, P.R., Braginsky, V.B., Brau, J.E., Brinkmann, M., Brooks, A., Brown, D.A., Brunet, G., Bullington, A., Buonanno, A., Burmeister, O., Byer, R.L., Cadonati, L., Cagnoli, G., Camp, J.B., Cannizzo, J., Cannon, K., Cao, J., Cardenas, L., Casebolt, T., Castaldi, G., Cepeda, C., Chalkley, E., Charlton, P., Chatterji, S., Chelkowski, S., Chen, Y., Christensen, N., Clark, D., Clark, J., Cokelaer, T., Conte, R., Cook, D., Corbitt, T., Coyne, D., Creighton, J.D.E., Cumming, A., Cunningham, L., Cutler, R.M., Dalrymple, J., Danzmann, K., Davies, G., Debra, D., Degallaix, J., Degree, M., Dergachev, V., Desai, S., Desalvo, R., Dhurandhar, S., Díaz, M., Dickson, J., Credico, A.D., Dietz, A., Donovan, F., Dooley, K.L., Doomes, E.E., Drever, R.W.P., Duke, I., Dumas, J.-C., Dupuis, R.J., Dwyer, J.G., Echols, C., Effler, A., Ehrens, P., Espinoza, E., Etzel, T., Evans, T., Fairhurst, S., Fan, Y., Fazi, D., Fehrmann, H., Fejer, M.M., Finn, L.S., Flasch, K., Fotopoulos, N., Freise, A., Frey, R., Fricke, T., Fritschel, P., Frolov, V.V., Fyffe, M., Garofoli, J., Gholami, I., Giaime, J.A., Giampanis, S., Giardina, K.D., Goda, K., Goetz, E., Goggin, L., Gonázlez, G., Gossler, S., Gouaty, R., Grant, A., Gras, S., Gray, C., Gray, M., Greenhalgh, R.J.S., Gretarsson, A.M., Grimaldi, F., Grosso, R., Grote, H., Grunewald, S., Guenther, M., Gustafson, E.K., Gustafson, R., Hage, B., Hallam, J.M., Hammer, D., Hanna, C., Hanson, J., Harms, J., Harry, G., Harstad, E., Hayama, K., Hayler, T., Heefner, J., Heng, I.S., Hennessy, M., Heptonstall, A., Hewitson, M., Hild, S., Hirose, E., Hoak, D., Hosken, D., Hough, J., Hughey, B., Huttner, S.H., Ingram, D., Ito, M., Ivanov, A., Johnson, B., Johnson, W.W., Jones, D.I., Jones, G., Jones, R., Ju, L., Kalmus, P., Kalogera, V., Kamat, S., Kanner, J., Kasprzyk, D., Katsavounidis, E., Kawabe, K., Kawamura, S., Kawazoe, F., Kells, W., Keppel, D.G., Khalili, F.Y., Khan, R., Khazanov, E., Kim, C., King, P., Kissel, J.S., Klimenko, S., Kokeyama, K., Kondrashov, V., Kopparapu, R.K., Kozak, D., Kozhevatov, I., Krishnan, B., Kwee, P., Lam, P.K., Landry, M., Lang, M.M., Lantz, B., Lazzarini, A., Lei, M., Leindecker, N., Leonhardt, V., Leonor, I., Libbrecht, K., Lin, H., Lindquist, P., Lockerbie, N.A., Lodhia, D., Lormand, M., Lu, P., Lubinski, M., Lucianetti, A., Lück, H., MacHenschalk, B., MacInnis, M., Mageswaran, M., Mailand, K., Mandic, V., Márka, S., Márka, Z., Markosyan, A., Markowitz, J., Maros, E., Martin, I., Martin, R.M., Marx, J.N., Mason, K., Matichard, F., Matone, L., Matzner, R., Mavalvala, N., McCarthy, R., McClelland, D.E., McGuire, S.C., McHugh, M., McIntyre, G., McIvor, G., McKechan, D., McKenzie, K., Meier, T., Melissinos, A., Mendell, G., Mercer, R.A., Meshkov, S., Messenger, C.J., Meyers, D., Miller, J., Minelli, J., Mitra, S., Mitrofanov, V.P., Mitselmakher, G., Mittleman, R., Miyakawa, O., Moe, B., Mohanty, S., Moreno, G., Mossavi, K., Mowlowry, C., Mueller, G., Mukherjee, S., Mukhopadhyay, H., Müller-Ebhardt, H., Munch, J., Murray, P., Myers, E., Myers, J., Nash, T., Nelson, J., Newton, G., Nishizawa, A., Numata, K., O'Dell, J., Ogin, G., O'Reilly, B., O'Shaughnessy, R., Ottaway, D.J., Ottens, R.S., Overmier, H., Owen, B.J., Pan, Y., Pankow, C., Papa, M.A., Parameshwaraiah, V., Patel, P., Pedraza, M., Penn, S., Perreca, A., Petrie, T., Pinto, I.M., Pitkin, M., Pletsch, H.J., Plissi, M.V., Postiglione, F., Principe, M., Prix, R., Quetschke, V., Raab, F., Rabeling, D.S., Radkins, H., Rainer, N., Rakhmanov, M., Ramsunder, M., Rehbein, H., Reid, S., Reitze, D.H., Riesen, R., Riles, K., Rivera, B., Robertson, N.A., Robinson, C., Robinson, E.L., Roddy, S., Rodriguez, A., Rogan, A.M., Rollins, J., Romano, J.D., Romie, J., Route, R., Rowan, S., Rüdiger, A., Ruet, L., Russell, P., Ryan, K., Sakata, S., Samidi, M., De La Jordana, L.S., Sandberg, V., Sannibale, V., Saraf, S., Sarin, P., Sathyaprakash, B.S., Sato, S., Saulson, P.R., Savage, R., Savov, P., Schediwy, S.W., Schilling, R., Schnabel, R., Schofield, R., Schutz, B.F., Schwinberg, P., Scott, S.M., Searle, A.C., Sears, B., Seifert, F., Sellers, D., Sengupta, A.S., Shawhan, P., Shoemaker, D.H., Sibley, A., Siemens, X., Sigg, D., Sinha, S., Sintes, A.M., Slagmolen, B.J.J., Slutsky, J., Smith, J.R., Smith, M.R., Smith, N.D., Somiya, K., Sorazu, B., Stein, L.C., Stochino, A., Stone, R., Strain, K.A., Strom, D.M., Stuver, A., Summerscales, T.Z., Sun, K.-X., Sung, M., Sutton, P.J., Takahashi, H., Tanner, D.B., Taylor, R., Taylor, R., Thacker, J., Thorne, K.A., Thorne, K.S., Thüring, A., Tinto, M., Tokmakov, K.V., Torres, C., Torrie, C., Traylor, G., Trias, M., Tyler, W., Ugolini, D., Ulmen, J., Urbanek, K., Vahlbruch, H., Broeck, C.V.D., Sluys, M.V.D., Vass, S., Vaulin, R., Vecchio, A., Veitch, J., Veitch, P., Villar, A., Vorvick, C., Vyachanin, S.P., Waldman, S.J., Wallace, L., Ward, H., Ward, R., Weinert, M., Weinstein, A., Weiss, R., Wen, S., Wette, K., Whelan, J.T., Whitcomb, S.E., Whiting, B.F., Wilkinson, C., Willems, P.A., Williams, H.R., Williams, L., Willke, B., Wilmut, I., Winkler, W., Wipf, C.C., Wiseman, A.G., Woan, G., Wooley, R., Worden, J., Wu, W., Yakushin, I., Yamamoto, H., Yan, Z., Yoshida, S., Zanolin, M., Zhang, J., Zhang, L., Zhao, C., Zotov, N., Zucker, M., Zweizig, J.","First joint search for gravitational-wave bursts in LIGO and GEO 600 data",2008,"Classical and Quantum Gravity","25","24", 245008,"","",,17,10.1088/0264-9381/25/24/245008,"https://www.scopus.com/inward/record.uri?eid=2-s2.0-66349099786&doi=10.1088%2f0264-9381%2f25%2f24%2f245008&partnerID=40&md5=4254d29b82ba6ecee367927bfc800ae8",Article,Scopus,2-s2.0-66349099786
"Abbott, B., Abbott, R., Adhikari, R., Ajith, P., Allen, B., Allen, G., Amin, R., Anderson, S.B., Anderson, W.G., Arain, M.A., Araya, M., Armandula, H., Armor, P., Aso, Y., Aston, S., Aufmuth, P., Aulbert, C., Babak, S., Ballmer, S., Bantilan, H., Barish, B.C., Barker, C., Barker, D., Barr, B., Barriga, P., Barton, M.A., Bartos, I., Bastarrika, M., Bayer, K., Betzwieser, J., Beyersdorf, P.T., Bilenko, I.A., Billingsley, G., Biswas, R., Black, E., Blackburn, K., Blackburn, L., Blair, D., Bland, B., Bodiya, T.P., Bogue, L., Bork, R., Boschi, V., Bose, S., Brady, P.R., Braginsky, V.B., Brau, J.E., Brinkmann, M., Brooks, A., Brown, D.A., Brunet, G., Bullington, A., Buonanno, A., Burmeister, O., Byer, R.L., Cadonati, L., Cagnoli, G., Camp, J.B., Cannizzo, J., Cannon, K., Cao, J., Cardenas, L., Casebolt, T., Castaldi, G., Cepeda, C., Chalkley, E., Charlton, P., Chatterji, S., Chelkowski, S., Chen, Y., Christensen, N., Clark, D., Clark, J., Cokelaer, T., Conte, R., Cook, D., Corbitt, T., Coyne, D., Creighton, J.D.E., Cumming, A., Cunningham, L., Cutler, R.M., Dalrymple, J., Danzmann, K., Davies, G., Debra, D., Degallaix, J., Degree, M., Dergachev, V., Desai, S., Desalvo, R., Dhurandhar, S., Díaz, M., Dickson, J., Dietz, A., Donovan, F., Dooley, K.L., Doomes, E.E., Drever, R.W.P., Duke, I., Dumas, J.-C., Dupuis, R.J., Dwyer, J.G., Echols, C., Effler, A., Ehrens, P., Espinoza, E., Etzel, T., Evans, T., Fairhurst, S., Fan, Y., Fazi, D., Fehrmann, H., Fejer, M.M., Finn, L.S., Flasch, K., Fotopoulos, N., Freise, A., Frey, R., Fricke, T., Fritschel, P., Frolov, V.V., Fyffe, M., Garofoli, J., Gholami, I., Giaime, J.A., Giampanis, S., Giardina, K.D., Goda, K., Goetz, E., Goggin, L., González, G., Gossler, S., Gouaty, R., Grant, A., Gras, S., Gray, C., Gray, M., Greenhalgh, R.J.S., Gretarsson, A.M., Grimaldi, F., Grosso, R., Grote, H., Grunewald, S., Guenther, M., Gustafson, E.K., Gustafson, R., Hage, B., Hallam, J.M., Hammer, D., Hanna, C., Hanson, J., Harms, J., Harry, G., Harstad, E., Hayama, K., Hayler, T., Heefner, J., Heng, I.S., Hennessy, M., Heptonstall, A., Hewitson, M., Hild, S., Hirose, E., Hoak, D., Hosken, D., Hough, J., Huttner, S.H., Ingram, D., Ito, M., Ivanov, A., Johnson, B., Johnson, W.W., Jones, D.I., Jones, G., Jones, R., Ju, L., Kalmus, P., Kalogera, V., Kamat, S., Kanner, J., Kasprzyk, D., Katsavounidis, E., Kawabe, K., Kawamura, S., Kawazoe, F., Kells, W., Keppel, D.G., Khalili, F.Ya., Khan, R., Khazanov, E., Kim, C., King, P., Kissel, J.S., Klimenko, S., Kokeyama, K., Kondrashov, V., Kopparapu, R.K., Kozak, D., Kozhevatov, I., Krishnan, B., Kwee, P., Lam, P.K., Landry, M., Lang, M.M., Lantz, B., Lazzarini, A., Lei, M., Leindecker, N., Leonhardt, V., Leonor, I., Libbrecht, K., Lin, H., Lindquist, P., Lockerbie, N.A., Lodhia, D., Lormand, M., Lu, P., Lubinski, M., Lucianetti, A., Lück, H., MacHenschalk, B., MacInnis, M., Mageswaran, M., Mailand, K., Mandic, V., Márka, S., Márka, Z., Markosyan, A., Markowitz, J., Maros, E., Martin, I., Martin, R.M., Marx, J.N., Mason, K., Matichard, F., Matone, L., Matzner, R., Mavalvala, N., McCarthy, R., McClelland, D.E., McGuire, S.C., McHugh, M., McIntyre, G., McIvor, G., McKechan, D., McKenzie, K., Meier, T., Melissinos, A., Mendell, G., Mercer, R.A., Meshkov, S., Messenger, C.J., Meyers, D., Miller, J., Minelli, J., Mitra, S., Mitrofanov, V.P., Mitselmakher, G., Mittleman, R., Miyakawa, O., Moe, B., Mohanty, S., Moreno, G., Mossavi, K., Mowlowry, C., Mueller, G., Mukherjee, S., Mukhopadhyay, H., Müller-Ebhardt, H., Munch, J., Murray, P., Myers, E., Myers, J., Nash, T., Nelson, J., Newton, G., Nishizawa, A., Numata, K., O'Dell, J., Ogin, G., O'Reilly, B., O'Shaughnessy, R., Ottaway, D.J., Ottens, R.S., Overmier, H., Owen, B.J., Pan, Y., Pankow, C., Papa, M.A., Parameshwaraiah, V., Patel, P., Pedraza, M., Penn, S., Perreca, A., Petrie, T., Pinto, I.M., Pitkin, M., Pletsch, H.J., Plissi, M.V., Postiglione, F., Principe, M., Prix, R., Quetschke, V., Raab, F., Rabeling, D.S., Radkins, H., Rainer, N., Rakhmanov, M., Ramsunder, M., Rehbein, H., Reid, S., Reitze, D.H., Riesen, R., Riles, K., Rivera, B., Robertson, N.A., Robinson, C., Robinson, E.L., Roddy, S., Rodriguez, A., Rogan, A.M., Rollins, J., Romano, J.D., Romie, J., Route, R., Rowan, S., Rüdiger, A., Ruet, L., Russell, P., Ryan, K., Sakata, S., Samidi, M., De La Jordana, L.S., Sandberg, V., Sannibale, V., Saraf, S., Sarin, P., Sathyaprakash, B.S., Sato, S., Saulson, P.R., Savage, R., Savov, P., Schediwy, S.W., Schilling, R., Schnabel, R., Schofield, R., Schutz, B.F., Schwinberg, P., Scott, S.M., Searle, A.C., Sears, B., Seifert, F., Sellers, D., Sengupta, A.S., Shawhan, P., Shoemaker, D.H., Sibley, A., Siemens, X., Sigg, D., Sinha, S., Sintes, A.M., Slagmolen, B.J.J., Slutsky, J., Smith, J.R., Smith, M.R., Smith, N.D., Somiya, K., Sorazu, B., Stein, L.C., Stochino, A., Stone, R., Strain, K.A., Strom, D.M., Stuver, A., Summerscales, T.Z., Sun, K.-X., Sung, M., Sutton, P.J., Takahashi, H., Tanner, D.B., Taylor, R., Taylor, R., Thacker, J., Thorne, K.A., Thorne, K.S., Thüring, A., Tokmakov, K.V., Torres, C., Torrie, C., Traylor, G., Trias, M., Tyler, W., Ugolini, D., Ulmen, J., Urbanek, K., Vahlbruch, H., Van Den Broeck, C., Van Der Sluys, M., Vass, S., Vaulin, R., Vecchio, A., Veitch, J., Veitch, P., Villar, A., Vorvick, C., Vyachanin, S.P., Waldman, S.J., Wallace, L., Ward, H., Ward, R., Weinert, M., Weinstein, A., Weiss, R., Wen, S., Wette, K., Whelan, J.T., Whitcomb, S.E., Whiting, B.F., Wilkinson, C., Willems, P.A., Williams, H.R., Williams, L., Willke, B., Wilmut, I., Winkler, W., Wipf, C.C., Wiseman, A.G., Woan, G., Wooley, R., Worden, J., Wu, W., Yakushin, I., Yamamoto, H., Yan, Z., Yoshida, S., Zanolin, M., Zhang, J., Zhang, L., Zhao, C., Zotov, N., Zucker, M., Zweizig, J., Barthelmy, S., Gehrels, N., Hurley, K.C., Palmer, D.","Search for gravitational-wave bursts from soft gamma repeaters",2008,"Physical Review Letters","101","21", 211102,"","",,64,10.1103/PhysRevLett.101.211102,"https://www.scopus.com/inward/record.uri?eid=2-s2.0-57049128107&doi=10.1103%2fPhysRevLett.101.211102&partnerID=40&md5=6d5ead161c18d70d1e093398f291e800",Article,Scopus,2-s2.0-57049128107
"Abbott, B., Abbott, R., Adhikari, R., Agresti, J., Ajith, P., Allen, B., Amin, R., Anderson, S.B., Anderson, W.G., Arain, M., Araya, M., Armandula, H., Ashley, M., Aston, S., Aufmuth, P., Aulbert, C., Babak, S., Ballmer, S., Bantilan, H., Barish, B.C., Barker, C., Barker, D., Barr, B., Barriga, P., Barton, M.A., Bayer, K., Betzwieser, J., Beyersdorf, P.T., Bhawal, B., Bilenko, I.A., Billingsley, G., Biswas, R., Black, E., Blackburn, K., Blackburn, L., Blair, D., Bland, B., Bogenstahl, J., Bogue, L., Bork, R., Boschi, V., Bose, S., Brady, P.R., Braginsky, V.B., Brau, J.E., Brinkmann, M., Brooks, A., Brown, D.A., Bullington, A., Bunkowski, A., Buonanno, A., Burmeister, O., Busby, D., Byer, R.L., Cadonati, L., Cagnoli, G., Camp, J.B., Cannizzo, J., Cannon, K., Cantley, C.A., Cao, J., Cardenas, L., Castaldi, G., Cepeda, C., Chalkley, E., Charlton, P., Chatterji, S., Chelkowski, S., Chen, Y., Chiadini, F., Christensen, N., Clark, J., Cochrane, P., Cokelaer, T., Coldwell, R., Conte, R., Cook, D., Corbitt, T., Coyne, D., Creighton, J.D.E., Croce, R.P., Crooks, D.R.M., Cruise, A.M., Cumming, A., Dalrymple, J., D'Ambrosio, E., Danzmann, K., Davies, G., Debra, D., Degallaix, J., Degree, M., Demma, T., Dergachev, V., Desai, S., Desalvo, R., Dhurandhar, S., Díaz, M., Dickson, J., Di Credico, A., Diederichs, G., Dietz, A., Doomes, E.E., Drever, R.W.P., Dumas, J.-C., Dupuis, R.J., Dwyer, J.G., Ehrens, P., Espinoza, E., Etzel, T., Evans, M., Evans, T., Fairhurst, S., Fan, Y., Fazi, D., Fejer, M.M., Finn, L.S., Fiumara, V., Fotopoulos, N., Franzen, A., Franzen, K.Y., Freise, A., Frey, R., Fricke, T., Fritschel, P., Frolov, V.V., Fyffe, M., Galdi, V., Garofoli, J., Gholami, I., Giaime, J.A., Giampanis, S., Giardina, K.D., Goda, K., Goetz, E., Goggin, L.M., González, G., Gossler, S., Grant, A., Gras, S., Gray, C., Gray, M., Greenhalgh, J., Gretarsson, A.M., Grosso, R., Grote, H., Grunewald, S., Guenther, M., Gustafson, R., Hage, B., Hammer, D., Hanna, C., Hanson, J., Harms, J., Harry, G., Harstad, E., Hayler, T., Heefner, J., Heng, I.S., Heptonstall, A., Heurs, M., Hewitson, M., Hild, S., Hirose, E., Hoak, D., Hosken, D., Hough, J., Hoyland, D., Huttner, S.H., Ingram, D., Innerhofer, E., Ito, M., Itoh, Y., Ivanov, A., Johnson, B., Johnson, W.W., Jones, D.I., Jones, G., Jones, R., Ju, L., Kalmus, P., Kalogera, V., Kasprzyk, D., Katsavounidis, E., Kawabe, K., Kawamura, S., Kawazoe, F., Kells, W., Keppel, D.G., Khalili, F.Ya., Kim, C., King, P., Kissel, J.S., Klimenko, S., Kokeyama, K., Kondrashov, V., Kopparapu, R.K., Kozak, D., Krishnan, B., Kwee, P., Lam, P.K., Landry, M., Lantz, B., Lazzarini, A., Lei, M., Leiner, J., Leonhardt, V., Leonor, I., Libbrecht, K., Lindquist, P., Lockerbie, N.A., Longo, M., Lormand, M., Lubinski, M., Lück, H., Machenschalk, B., MacInnis, M., Mageswaran, M., Mailand, K., Malec, M., Mandic, V., Marano, S., Márka, S., Markowitz, J., Maros, E., Martin, I., Marx, J.N., Mason, K., Matone, L., Matta, V., Mavalvala, N., McCarthy, R., McClelland, D.E., McGuire, S.C., McHugh, M., McKenzie, K., McWilliams, S., Meier, T., Melissinos, A., Mendell, G., Mercer, R.A., Meshkov, S., Messaritaki, E., Messenger, C.J., Meyers, D., Mikhailov, E., Mitra, S., Mitrofanov, V.P., Mitselmakher, G., Mittleman, R., Miyakawa, O., Mohanty, S., Moreno, G., Mossavi, K., Mowlowry, C., Moylan, A., Mudge, D., Mueller, G., Mukherjee, S., Müller-Ebhardt, H., Munch, J., Murray, P., Myers, E., Myers, J., Nash, T., Newton, G., Nishizawa, A., Numata, K., O'Reilly, B., O'Shaughnessy, R., Ottaway, D.J., Overmier, H., Owen, B.J., Pan, Y., Papa, M.A., Parameshwaraiah, V., Patel, P., Pedraza, M., Penn, S., Pierro, V., Pinto, I.M., Pitkin, M., Pletsch, H., Plissi, M.V., Postiglione, F., Prix, R., Quetschke, V., Raab, F., Rabeling, D., Radkins, H., Rahkola, R., Rainer, N., Rakhmanov, M., Ramsunder, M., Ray-Majumder, S., Re, V., Rehbein, H., Reid, S., Reitze, D.H., Ribichini, L., Riesen, R., Riles, K., Rivera, B., Robertson, N.A., Robinson, C., Robinson, E.L., Roddy, S., Rodriguez, A., Rogan, A.M., Rollins, J., Romano, J.D., Romie, J., Route, R., Rowan, S., Rüdiger, A., Ruet, L., Russell, P., Ryan, K., Sakata, S., Samidi, M., Sancho De La Jordana, L., Sandberg, V., Sannibale, V., Saraf, S., Sarin, P., Sathyaprakash, B.S., Sato, S., Saulson, P.R., Savage, R., Savov, P., Schediwy, S., Schilling, R., Schnabel, R., Schofield, R., Schutz, B.F., Schwinberg, P., Scott, S.M., Searle, A.C., Sears, B., Seifert, F., Sellers, D., Sengupta, A.S., Shawhan, P., Shoemaker, D.H., Sibley, A., Sidles, J.A., Siemens, X., Sigg, D., Sinha, S., Sintes, A.M., Slagmolen, B.J.J., Slutsky, J., Smith, J.R., Smith, M.R., Somiya, K., Strain, K.A., Strom, D.M., Stuver, A., Summerscales, T.Z., Sun, K.-X., Sung, M., Sutton, P.J., Takahashi, H., Tanner, D.B., Taylor, R., Taylor, R., Thacker, J., Thorne, K.A., Thorne, K.S., Thüring, A., Tokmakov, K.V., Torres, C., Torrie, C., Traylor, G., Trias, M., Tyler, W., Ugolini, D., Urbanek, K., Vahlbruch, H., Vallisneri, M., Van Den Broeck, C., Varvella, M., Vass, S., Vecchio, A., Veitch, J., Veitch, P., Villar, A., Vorvick, C., Vyachanin, S.P., Waldman, S.J., Wallace, L., Ward, H., Ward, R., Watts, K., Weidner, A., Weinert, M., Weinstein, A., Weiss, R., Wen, S., Wette, K., Whelan, J.T., Whitcomb, S.E., Whiting, B.F., Wilkinson, C., Willems, P.A., Williams, L., Willke, B., Wilmut, I., Winkler, W., Wipf, C.C., Wise, S., Wiseman, A.G., Woan, G., Woods, D., Wooley, R., Worden, J., Wu, W., Yakushin, I., Yamamoto, H., Yan, Z., Yoshida, S., Yunes, N., Zanolin, M., Zhang, J., Zhang, L., Zhao, C., Zotov, N., Zucker, M., Zur Mühlen, H., Zweizig, J.","Search of S3 LIGO data for gravitational wave signals from spinning black hole and neutron star binary inspirals",2008,"Physical Review D - Particles, Fields, Gravitation and Cosmology","78","4", 042002,"","",,41,10.1103/PhysRevD.78.042002,"https://www.scopus.com/inward/record.uri?eid=2-s2.0-49349113109&doi=10.1103%2fPhysRevD.78.042002&partnerID=40&md5=629d7f19db45532bb4ce5e167d666ceb",Article,Scopus,2-s2.0-49349113109
"Abbott, B., Abbott, R., Adhikari, R., Agresti, J., Ajith, P., Allen, B., Amin, R., Anderson, S.B., Anderson, W.G., Arain, M., Araya, M., Armandula, H., Ashley, M., Aston, S., Aufmuth, P., Aulbert, C., Babak, S., Ballmer, S., Bantilan, H., Barish, B.C., Barker, C., Barker, D., Barr, B., Barriga, P., Barton, M.A., Bayer, K., Betzwieser, J., Beyersdorf, P.T., Bhawal, B., Bilenko, I.A., Billingsley, G., Biswas, R., Black, E., Blackburn, K., Blackburn, L., Blair, D., Bland, B., Bogenstahl, J., Bogue, L., Bork, R., Boschi, V., Bose, S., Brady, P.R., Braginsky, V.B., Brau, J.E., Brinkmann, M., Brooks, A., Brown, D.A., Bullington, A., Bunkowski, A., Buonanno, A., Burmeister, O., Busby, D., Byer, R.L., Cadonati, L., Cagnoli, G., Camp, J.B., Cannizzo, J., Cannon, K., Cantley, C.A., Cao, J., Cardenas, L., Castaldi, G., Cepeda, C., Chalkley, E., Charlton, P., Chatterji, S., Chelkowski, S., Chen, Y., Chiadini, F., Christensen, N., Clark, J., Cochrane, P., Cokelaer, T., Coldwell, R., Conte, R., Cook, D., Corbitt, T., Coyne, D., Creighton, J.D.E., Croce, R.P., Crooks, D.R.M., Cruise, A.M., Cumming, A., Dalrymple, J., D'Ambrosio, E., Danzmann, K., Davies, G., DeBra, D., Degallaix, J., Degree, M., Demma, T., Dergachev, V., Desai, S., DeSalvo, R., Dhurandhar, S., Díaz, M., Dickson, J., Di Credico, A., Diederichs, G., Dietz, A., Doomes, E.E., Drever, R.W.P., Dumas, J.-C., Dupuis, R.J., Dwyer, J.G., Ehrens, P., Espinoza, E., Etzel, T., Evans, M., Evans, T., Fairhurst, S., Fan, Y., Fazi, D., Fejer, M.M., Finn, L.S., Fiumara, V., Fotopoulos, N., Franzen, A., Franzen, K.Y., Freise, A., Frey, R., Fricke, T., Fritschel, P., Frolov, V.V., Fyffe, M., Galdi, V., Garofoli, J., Gholami, I., Giaime, J.A., Giampanis, S., Giardina, K.D., Goda, K., Goetz, E., Goggin, L.M., González, G., Gossler, S., Grant, A., Gras, S., Gray, C., Gray, M., Greenhalgh, J., Gretarsson, A.M., Grosso, R., Grote, H., Grunewald, S., Guenther, M., Gustafson, R., Hage, B., Hammer, D., Hanna, C., Hanson, J., Harms, J., Harry, G., Harstad, E., Hayler, T., Heefner, J., Heng, I.S., Heptonstall, A., Heurs, M., Hewitson, M., Hild, S., Hirose, E., Hoak, D., Hosken, D., Hough, J., Hoyland, D., Huttner, S.H., Ingram, D., Innerhofer, E., Ito, M., Itoh, Y., Ivanov, A., Johnson, B., Johnson, W.W., Jones, D.I., Jones, G., Jones, R., Ju, L., Kalmus, P., Kalogera, V., Kasprzyk, D., Katsavounidis, E., Kawabe, K., Kawamura, S., Kawazoe, F., Kells, W., Keppel, D.G., Khalili, F.Ya., Kim, C., King, P., Kissel, J.S., Klimenko, S., Kokeyama, K., Kondrashov, V., Kopparapu, R.K., Kozak, D., Krishnan, B., Kwee, P., Lam, P.K., Landry, M., Lantz, B., Lazzarini, A., Lei, M., Leiner, J., Leonhardt, V., Leonor, I., Libbrecht, K., Lindquist, P., Lockerbie, N.A., Longo, M., Lormand, M., Lubinski, M., Lück, H., Machenschalk, B., MacInnis, M., Mageswaran, M., Mailand, K., Malec, M., Mandic, V., Marano, S., Marka, S., Markowitz, J., Maros, E., Martin, I., Marx, J.N., Mason, K., Matone, L., Matta, V., Mavalvala, N., McCarthy, R., McClelland, D.E., McGuire, S.C., McHugh, M., McKenzie, K., McWilliams, S., Meier, T., Melissinos, A., Mendell, G., Mercer, R.A., Meshkov, S., Messenger, C.J., Meyers, D., Mikhailov, E., Mitra, S., Mitrofanov, V.P., Mitselmakher, G., Mittleman, R., Miyakawa, O., Mohanty, S., Moreno, G., Mossavi, K., MowLowry, C., Moylan, A., Mudge, D., Mueller, G., Mukherjee, S., Müller-Ebhardt, H., Munch, J., Murray, P., Myers, E., Myers, J., Nash, T., Newton, G., Nishizawa, A., Numata, K., O'Reilly, B., O'Shaughnessy, R., Ottaway, D.J., Overmier, H., Owen, B.J., Pan, Y., Papa, M.A., Parameshwaraiah, V., Patel, P., Pedraza, M., Penn, S., Pierro, V., Pinto, I.M., Pitkin, M., Pletsch, H., Plissi, M.V., Postiglione, F., Prix, R., Quetschke, V., Raab, F., Rabeling, D., Radkins, H., Rahkola, R., Rainer, N., Rakhmanov, M., Ramsunder, M., Ray-Majumder, S., Re, V., Rehbein, H., Reid, S., Reitze, D.H., Ribichini, L., Riesen, R., Riles, K., Rivera, B., Robertson, N.A., Robinson, C., Robinson, E.L., Roddy, S., Rodriguez, A., Rogan, A.M., Rollins, J., Romano, J.D., Romie, J., Route, R., Rowan, S., Rüdiger, A., Ruet, L., Russell, P., Ryan, K., Sakata, S., Samedi, M., De La Jordana, L.S., Sandberg, V., Sannibale, V., Saraf, S., Sarin, P., Sathyaprakash, B.S., Sato, S., Saulson, P.R., Savage, R., Savov, P., Schediwy, S., Schilling, R., Schnabel, R., Schofield, R., Schutz, B.F., Schwinberg, P., Scott, S.M., Searle, A.C., Sears, B., Seifert, F., Sellers, D., Sengupta, A.S., Shawhan, P., Shoemaker, D.H., Sibley, A., Siemens, X., Sigg, D., Sinha, S., Sintes, A.M., Slagmolen, B.J.J., Slutsky, J., Smith, J.R., Smith, M.R., Somiya, K., Strain, K.A., Strom, D.M., Stuver, A., Summerscales, T.Z., Sun, K.-X., Sung, M., Sutton, P.J., Takahashi, H., Tanner, D.B., Taylor, R., Taylor, R., Thacker, J., Thorne, K.A., Thorne, K.S., Thüring, A., Tokmakov, K.V., Torres, C., Torrie, C., Traylor, G., Trias, M., Tyler, W., Ugolini, D., Urbanek, K., Vahlbruch, H., Vallisneri, M., Van Den Broeck, C., Varvella, M., Vass, S., Vecchio, A., Veitch, J., Veitch, P., Villar, A., Vorvick, C., Vyachanin, S.P., Waldman, S.J., Wallace, L., Ward, H., Ward, R., Watts, K., Weidner, A., Weinert, M., Weinstein, A., Weiss, R., Wen, S., Wette, K., Whelan, J.T., Whitcomb, S.E., Whiting, B.F., Wilkinson, C., Willems, P.A., Williams, L., Willke, B., Wilmut, I., Winkler, W., Wipf, C.C., Wise, S., Wiseman, A.G., Woan, G., Woods, D., Wooley, R., Worden, J., Wu, W., Yakushin, I., Yamamoto, H., Yan, Z., Yoshida, S., Yunes, N., Zanolin, M., Zhang, J., Zhang, L., Zhao, C., Zotov, N., Zucker, M., Zur Mühlen, H., Zweizig, J., Hurley, K.C.","Implications for the origin of GRB 070201 from LIGO observations",2008,"Astrophysical Journal","681","2",,"1419","1430",,125,10.1086/587954,"https://www.scopus.com/inward/record.uri?eid=2-s2.0-53549128929&doi=10.1086%2f587954&partnerID=40&md5=823df08a09ffc027a8f87ee110a3a901",Article,Scopus,2-s2.0-53549128929
"Jaranowski, P., Arun, K.G., Barack, L., Blanchet, L., Buonanno, A., De Laurentis, M.F., Detweiler, S., Dittus, H., Favata, M., Faye, G., Friedman, J.L., Ganz, K., Hikida, W., Iyer, B.R., Keidl, T.S., Kim, D.-H., Kokkotas, K.D., Kol, B., Kubeka, A.S., Lämmerzahl, C., Majá, J., Nagar, A., Nakano, H., Price, L.R., Qusailah, M.S.S., Radicella, N., Sago, N., Singh, D., Sotani, H., Tanaka, T., Tartaglia, A., Vasúth, M., Vega, I., Whiting, B.F., Wiseman, A.G., Yoshida, S.","Summary of session B3: Analytic approximations, perturbation methods and their applications",2008,"Classical and Quantum Gravity","25","11", 114020,"","",,3,10.1088/0264-9381/25/11/114020,"https://www.scopus.com/inward/record.uri?eid=2-s2.0-44449083207&doi=10.1088%2f0264-9381%2f25%2f11%2f114020&partnerID=40&md5=fad0a7e51380627a9fd20ef8a9bd90c0",Conference Paper,Scopus,2-s2.0-44449083207
"Abbott, B., Abbott, R., Adhikari, R., Ajith, P., Allen, B., Allen, G., Amin, R., Anderson, S.B., Anderson, W.G., Arain, M.A., Araya, M., Armandula, H., Armor, P., Aso, Y., Aston, S., Aufmuth, P., Aulbert, C., Babak, S., Ballmer, S., Bantilan, H., Barish, B.C., Barker, C., Barker, D., Barr, B., Barriga, P., Barton, M.A., Bastarrika, M., Bayer, K., Betzwieser, J., Beyersdorf, P.T., Bilenko, I.A., Billingsley, G., Biswas, R., Black, E., Blackburn, K., Blackburn, L., Blair, D., Bland, B., Bodiya, T.P., Bogue, L., Bork, R., Boschi, V., Bose, S., Brady, P.R., Braginsky, V.B., Brau, J.E., Brinkmann, M., Brooks, A., Brown, D.A., Brunet, G., Bullington, A., Buonanno, A., Burmeister, O., Byer, R.L., Cadonati, L., Cagnoli, G., Camp, J.B., Cannizzo, J., Cannon, K., Cao, J., Cardenas, L., Casebolt, T., Castaldi, G., Cepeda, C., Chalkley, E., Charlton, P., Chatterji, S., Chelkowski, S., Chen, Y., Christensen, N., Clark, D., Clark, J., Cokelaer, T., Conte, R., Cook, D., Corbitt, T., Coyne, D., Creighton, J.D.E., Cumming, A., Cunningham, L., Cutler, R.M., Dalrymple, J., Danzmann, K., Davies, G., DeBra, D., Degallaix, J., Degree, M., Dergachev, V., Desai, S., DeSalvo, R., Dhurandhar, S., Díaz, M., Dickson, J., Dietz, A., Donovan, F., Dooley, K.L., Doomes, E.E., Drever, R.W.P., Duke, I., Dumas, J.-C., Dupuis, R.J., Dwyer, J.G., Echols, C., Effler, A., Ehrens, P., Espinoza, E., Etzel, T., Evans, T., Fairhurst, S., Fan, Y., Fazi, D., Fehrmann, H., Fejer, M.M., Finn, L.S., Flasch, K., Fotopoulos, N., Freise, A., Frey, R., Fricke, T., Fritschel, P., Frolov, V.V., Fyffe, M., Garofoli, J., Gholami, I., Giaime, J.A., Giampanis, S., Giardina, K.D., Goda, K., Goetz, E., Goggin, L., González, G., Gossler, S., Gouaty, R., Grant, A., Gras, S., Gray, C., Gray, M., Greenhalgh, R.J.S., Gretarsson, A.M., Grimaldi, F., Grosso, R., Grote, H., Grunewald, S., Guenther, M., Gustafson, E.K., Gustafson, R., Hage, B., Hallam, J.M., Hammer, D., Hanna, C., Hanson, J., Harms, J., Harry, G., Harstad, E., Hayama, K., Hayler, T., Heefner, J., Heng, I.S., Hennessy, M., Heptonstall, A., Hewitson, M., Hild, S., Hirose, E., Hoak, D., Hosken, D., Hough, J., Huttner, S.H., Ingram, D., Ito, M., Ivanov, A., Johnson, B., Johnson, W.W., Jones, D.I., Jones, G., Jones, R., Ju, L., Kalmus, P., Kalogera, V., Kamat, S., Kanner, J., Kasprzyk, D., Katsavounidis, E., Kawabe, K., Kawamura, S., Kawazoe, F., Kells, W., Keppel, D.G., Khalili, F.Ya., Khan, R., Khazanov, E., Kim, C., King, P., Kissel, J.S., Klimenko, S., Kokeyama, K., Kondrashov, V., Kopparapu, R.K., Kozak, D., Kozhevatov, I., Krishnan, B., Kwee, P., Lam, P.K., Landry, M., Lang, M.M., Lantz, B., Lazzarini, A., Lei, M., Leindecker, N., Leonhardt, V., Leonor, I., Libbrecht, K., Lin, H., Lindquist, P., Lockerbie, N.A., Lodhia, D., Lormand, M., Lu, P., Lubinski, M., Lucianetti, A., Lück, H., MacHenschalk, B., MacInnis, M., Mageswaran, M., Mailand, K., Mandic, V., Márka, S., Márka, Z., Markosyan, A., Markowitz, J., Maros, E., Martin, I., Martin, R.M., Marx, J.N., Mason, K., Matichard, F., Matone, L., Matzner, R., Mavalvala, N., McCarthy, R., McClelland, D.E., McGuire, S.C., McHugh, M., McIntyre, G., McIvor, G., McKechan, D., McKenzie, K., Meier, T., Melissinos, A., Mendell, G., Mercer, R.A., Meshkov, S., Messenger, C.J., Meyers, D., Miller, J., Minelli, J., Mitra, S., Mitrofanov, V.P., Mitselmakher, G., Mittleman, R., Miyakawa, O., Moe, B., Mohanty, S., Moreno, G., Mossavi, K., Mowlowry, C., Mueller, G., Mukherjee, S., Mukhopadhyay, H., Müller-Ebhardt, H., Munch, J., Murray, P., Myers, E., Myers, J., Nash, T., Nelson, J., Newton, G., Nishizawa, A., Numata, K., O'Dell, J., Ogin, G., O'Reilly, B., O'Shaughnessy, R., Ottaway, D.J., Ottens, R.S., Overmier, H., Owen, B.J., Pan, Y., Pankow, C., Papa, M.A., Parameshwaraiah, V., Patel, P., Pedraza, M., Penn, S., Perreca, A., Petrie, T., Pinto, I.M., Pitkin, M., Pletsch, H.J., Plissi, M.V., Postiglione, F., Principe, M., Prix, R., Quetschke, V., Raab, F., Rabeling, D.S., Radkins, H., Rainer, N., Rakhmanov, M., Ramsunder, M., Rehbein, H., Reid, S., Reitze, D.H., Riesen, R., Riles, K., Rivera, B., Robertson, N.A., Robinson, C., Robinson, E.L., Roddy, S., Rodriguez, A., Rogan, A.M., Rollins, J., Romano, J.D., Romie, J., Route, R., Rowan, S., Rüdiger, A., Ruet, L., Russell, P., Ryan, K., Sakata, S., Samidi, M., De La Jordana, L.S., Sandberg, V., Sannibale, V., Saraf, S., Sarin, P., Sathyaprakash, B.S., Sato, S., Saulson, P.R., Savage, R., Savov, P., Schediwy, S.W., Schilling, R., Schnabel, R., Schofield, R., Schutz, B.F., Schwinberg, P., Scott, S.M., Searle, A.C., Sears, B., Seifert, F., Sellers, D., Sengupta, A.S., Shawhan, P., Shoemaker, D.H., Sibley, A., Siemens, X., Sigg, D., Sinha, S., Sintes, A.M., Slagmolen, B.J.J., Slutsky, J., Smith, J.R., Smith, M.R., Smith, N.D., Somiya, K., Sorazu, B., Stein, L.C., Stochino, A., Stone, R., Strain, K.A., Strom, D.M., Stuver, A., Summerscales, T.Z., Sun, K.-X., Sung, M., Sutton, P.J., Takahashi, H., Tanner, D.B., Taylor, R., Taylor, R., Thacker, J., Thorne, K.A., Thorne, K.S., Thüring, A., Tokmakov, K.V., Torres, C., Torrie, C., Traylor, G., Trias, M., Tyler, W., Ugolini, D., Ulmen, J., Urbanek, K., Vahlbruch, H., Van Den Broeck, C., Van Der Sluys, M., Vass, S., Vaulin, R., Vecchio, A., Veitch, J., Veitch, P., Villar, A., Vorvick, C., Vyachanin, S.P., Waldman, S.J., Wallace, L., Ward, H., Ward, R., Weinert, M., Weinstein, A., Weiss, R., Wen, S., Wette, K., Whelan, J.T., Whitcomb, S.E., Whiting, B.F., Wilkinson, C., Willems, P.A., Williams, H.R., Williams, L., Willke, B., Wilmut, I., Winkler, W., Wipf, C.C., Wiseman, A.G., Woan, G., Wooley, R., Worden, J., Wu, W., Yakushin, I., Yamamoto, H., Yan, Z., Yoshida, S., Zanolin, M., Zhang, J., Zhang, L., Zhao, C., Zotov, N., Zucker, M., Zweizig, J., Acernese, F., Alshourbagy, M., Amico, P., Antonucci, F., Aoudia, S., Astone, P., Avino, S., Baggio, L., Ballardin, G., Barone, F., Barsotti, L., Barsuglia, M., Bauer, Th.S., Bigotta, S., Birindelli, S., Bizouard, M.A., Boccara, C., Bondu, F., Bosi, L., Braccini, S., Bradaschia, C., Brillet, A., Brisson, V., Buskulic, D., Cagnoli, G., Calloni, E., Campagna, E., Carbognani, F., Cavalier, F., Cavalieri, R., Cella, G., Cesarini, E., Chassande-Mottin, E., Clapson, A.-C., Cleva, F., Coccia, E., Corda, C., Corsi, A., Cottone, F., Coulon, J.-P., Cuoco, E., D'Antonio, S., Dari, A., Dattilo, V., Davier, M., De Rosa, R., Del Prete, M., Di Fiore, L., Di Lieto, A., Di Paolo Emilio, M., Di Virgilio, A., Evans, M., Fafone, V., Ferrante, I., Fidecaro, F., Fiori, I., Flaminio, R., Fournier, J.-D., Frasca, S., Frasconi, F., Gammaitoni, L., Garufi, F., Genin, E., Gennai, A., Giazotto, A., Giordano, L., Granata, V., Greverie, C., Grosjean, D., Guidi, G., Hamdani, S., Hebri, S., Heitmann, H., Hello, P., Huet, D., Kreckelbergh, S., La Penna, P., Laval, M., Leroy, N., Letendre, N., Lopez, B., Lorenzini, M., Loriette, V., Losurdo, G., MacKowski, J.-M., Majorana, E., Man, C.N., Mantovani, M., Marchesoni, F., Marion, F., Marque, J., Martelli, F., Masserot, A., Menzinger, F., Milano, L., Minenkov, Y., Moins, C., Moreau, J., Morgado, N., Mosca, S., Mours, B., Neri, I., Nocera, F., Pagliaroli, G., Palomba, C., Paoletti, F., Pardi, S., Pasqualetti, A., Passaquieti, R., Passuello, D., Piergiovanni, F., Pinard, L., Poggiani, R., Punturo, M., Puppo, P., Rapagnani, P., Regimbau, T., Remillieux, A., Ricci, F., Ricciardi, I., Rocchi, A., Rolland, L., Romano, R., Ruggi, P., Russo, G., Solimeno, S., Spallicci, A., Swinkels, B.L., Tarallo, M., Terenzi, R., Toncelli, A., Tonelli, M., Tournefier, E., Travasso, F., Vajente, G., Van Den Brand, J.F.J., Van Der Putten, S., Verkindt, D., Vetrano, F., Viceré, A., Vinet, J.-Y., Vocca, H., Yvert, M.","Astrophysically triggered searches for gravitational waves: Status and prospects",2008,"Classical and Quantum Gravity","25","11", 114051,"","",,15,10.1088/0264-9381/25/11/114051,"https://www.scopus.com/inward/record.uri?eid=2-s2.0-44449134583&doi=10.1088%2f0264-9381%2f25%2f11%2f114051&partnerID=40&md5=b69f24f5542dd9dc2932e0dcd84b3a9a",Article,Scopus,2-s2.0-44449134583
"Baggio, L., Bignotto, M., Bonaldi, M., Cerdonio, M., De Rosa, M., Falferi, P., Fattori, S., Fortini, P., Giusfredi, G., Inguscio, M., Liguori, N., Longo, S., Marin, F., Mezzena, R., Mion, A., Ortolan, A., Poggi, S., Prodi, G.A., Re, V., Salemi, F., Soranzo, G., Taffarello, L., Vedovato, G., Vinante, A., Vitale, S., Zendri, J.P., Abbott, B., Abbott, R., Adhikari, R., Agresti, J., Ajith, P., Allen, B., Amin, R., Anderson, S.B., Anderson, W.G., Arain, M., Araya, M., Armandula, H., Ashley, M., Aston, S., Aufmuth, P., Aulbert, C., Babak, S., Ballmer, S., Bantilan, H., Barish, B.C., Barker, C., Barker, D., Barr, B., Barriga, P., Barton, M.A., Bayer, K., Belczynski, K., Betzwieser, J., Beyersdorf, P.T., Bhawal, B., Bilenko, I.A., Billingsley, G., Biswas, R., Black, E., Blackburn, K., Blackburn, L., Blair, D., Bland, B., Bogenstahl, J., Bogue, L., Bork, R., Boschi, V., Bose, S., Brady, P.R., Braginsky, V.B., Brau, J.E., Brinkmann, M., Brooks, A., Brown, D.A., Bullington, A., Bunkowski, A., Buonanno, A., Burmeister, O., Busby, D., Butler, W.E., Byer, R.L., Cadonati, L., Cagnoli, G., Camp, J.B., Cannizzo, J., Cannon, K., Cantley, C.A., Cao, J., Cardenas, L., Carter, K., Casey, M.M., Castaldi, G., Cepeda, C., Chalkley, E., Charlton, P., Chatterji, S., Chelkowski, S., Chen, Y., Chiadini, F., Chin, D., Chin, E., Chow, J., Christensen, N., Clark, J., Cochrane, P., Cokelaer, T., Colacino, C.N., Coldwell, R., Conte, R., Cook, D., Corbitt, T., Coward, D., Coyne, D., Creighton, J.D.E., Creighton, T.D., Croce, R.P., Crooks, D.R.M., Cruise, A.M., Cumming, A., Dalrymple, J., D'Ambrosio, E., Danzmann, K., Davies, G., DeBra, D., Degallaix, J., Degree, M., Demma, T., Dergachev, V., Desai, S., DeSalvo, R., Dhurandhar, S., Díaz, M., Dickson, J., Di Credico, A., Diederichs, G., Dietz, A., Doomes, E.E., Drever, R.W.P., Dumas, J.-C., Dupuis, R.J., Dwyer, J.G., Ehrens, P., Espinoza, E., Etzel, T., Evans, M., Evans, T., Fairhurst, S., Fan, Y., Fazi, D., Fejer, M.M., Finn, L.S., Fiumara, V., Fotopoulos, N., Franzen, A., Franzen, K.Y., Freise, A., Frey, R., Fricke, T., Fritschel, P., Frolov, V.V., Fyffe, M., Galdi, V., Ganezer, K.S., Garofoli, J., Gholami, I., Giaime, J.A., Giampanis, S., Giardina, K.D., Goda, K., Goetz, E., Goggin, L.M., González, G., Gossler, S., Grant, A., Gras, S., Gray, C., Gray, M., Greenhalgh, J., Gretarsson, A.M., Grosso, R., Grote, H., Grunewald, S., Guenther, M., Gustafson, R., Hage, B., Hammer, D., Hanna, C., Hanson, J., Harms, J., Harry, G., Harstad, E., Hayler, T., Heefner, J., Heng, I.S., Heptonstall, A., Heurs, M., Hewitson, M., Hild, S., Hirose, E., Hoak, D., Hosken, D., Hough, J., Howell, E., Hoyland, D., Huttner, S.H., Ingram, D., Innerhofer, E., Ito, M., Itoh, Y., Ivanov, A., Jackrel, D., Johnson, B., Johnson, W.W., Jones, D.I., Jones, G., Jones, R., Ju, L., Kalmus, P., Kalogera, V., Kasprzyk, D., Katsavounidis, E., Kawabe, K., Kawamura, S., Kawazoe, F., Kells, W., Keppel, D.G., Khalili, F.Ya., Kim, C., King, P., Kissel, J.S., Klimenko, S., Kokeyama, K., Kondrashov, V., Kopparapu, R.K., Kozak, D., Krishnan, B., Kwee, P., Lam, P.K., Landry, M., Lantz, B., Lazzarini, A., Lee, B., Lei, M., Leiner, J., Leonhardt, V., Leonor, I., Libbrecht, K., Lindquist, P., Lockerbie, N.A., Longo, M., Lormand, M., Lubinski, M., Lück, H., MacHenschalk, B., MacInnis, M., Mageswaran, M., Mailand, K., Malec, M., Mandic, V., Marano, S., Márka, S., Markowitz, J., Maros, E., Martin, I., Marx, J.N., Mason, K., Matone, L., Matta, V., Mavalvala, N., McCarthy, R., McClelland, D.E., McGuire, S.C., McHugh, M., McKenzie, K., McNabb, J.W.C., McWilliams, S., Meier, T., Melissinos, A., Mendell, G., Mercer, R.A., Meshkov, S., Messenger, C.J., Meyers, D., Mikhailov, E., Mitra, S., Mitrofanov, V.P., Mitselmakher, G., Mittleman, R., Miyakawa, O., Mohanty, S., Moreno, G., Mossavi, K., Mowlowry, C., Moylan, A., Mudge, D., Mueller, G., Mukherjee, S., Müller-Ebhardt, H., Munch, J., Murray, P., Myers, E., Myers, J., Nash, T., Newton, G., Nishizawa, A., Nocera, F., Numata, K., O'Reilly, B., O'Shaughnessy, R., Ottaway, D.J., Overmier, H., Owen, B.J., Pan, Y., Papa, M.A., Parameshwaraiah, V., Parameswariah, C., Patel, P., Pedraza, M., Penn, S., Pierro, V., Pinto, I.M., Pitkin, M., Pletsch, H., Plissi, M.V., Postiglione, F., Prix, R., Quetschke, V., Raab, F., Rabeling, D., Radkins, H., Rahkola, R., Rainer, N., Rakhmanov, M., Ramsunder, M., Rawlins, K., Ray-Majumder, S., Regimbau, T., Rehbein, H., Reid, S., Reitze, D.H., Ribichini, L., Riesen, R., Riles, K., Rivera, B., Robertson, N.A., Robinson, C., Robinson, E.L., Roddy, S., Rodriguez, A., Rogan, A.M., Rollins, J., Romano, J.D., Romie, J., Route, R., Rowan, S., Rüdiger, A., Ruet, L., Russell, P., Ryan, K., Sakata, S., Samidi, M., De La Jordana, L.S., Sandberg, V., Sanders, G.H., Sannibale, V., Saraf, S., Sarin, P., Sathyaprakash, B.S., Sato, S., Saulson, P.R., Savage, R., Savov, P., Sazonov, A., Schediwy, S., Schilling, R., Schnabel, R., Schofield, R., Schutz, B.F., Schwinberg, P., Scott, S.M., Searle, A.C., Sears, B., Seifert, F., Sellers, D., Sengupta, A.S., Shawhan, P., Shoemaker, D.H., Sibley, A., Siemens, X., Sigg, D., Sinha, S., Sintes, A.M., Slagmolen, B.J.J., Slutsky, J., Smith, J.R., Smith, M.R., Somiya, K., Strain, K.A., Strom, D.M., Stuver, A., Summerscales, T.Z., Sun, K.-X., Sung, M., Sutton, P.J., Takahashi, H., Tanner, D.B., Tarallo, M., Taylor, R., Taylor, R., Thacker, J., Thorne, K.A., Thorne, K.S., Thüring, A., Tinto, M., Tokmakov, K.V., Torres, C., Torrie, C., Traylor, G., Trias, M., Tyler, W., Ugolini, D., Ungarelli, C., Urbanek, K., Vahlbruch, H., Vallisneri, M., Van Den Broeck, C., Van Putten, M., Varvella, M., Vass, S., Vecchio, A., Veitch, J., Veitch, P., Villar, A., Vorvick, C., Vyachanin, S.P., Waldman, S.J., Wallace, L., Ward, H., Ward, R., Watts, K., Webber, D., Weidner, A., Weinert, M., Weinstein, A., Weiss, R., Wen, S., Wette, K., Whelan, J.T., Whitbeck, D.M., Whitcomb, S.E., Whiting, B.F., Wiley, S., Wilkinson, C., Willems, P.A., Williams, L., Willke, B., Wilmut, I., Winkler, W., Wipf, C.C., Wise, S., Wiseman, A.G., Woan, G., Woods, D., Wooley, R., Worden, J., Wu, W., Yakushin, I., Yamamoto, H., Yan, Z., Yoshida, S., Yunes, N., Zanolin, M., Zhang, J., Zhang, L., Zhao, C., Zotov, N., Zucker, M., Zur Mühlen, H., Zweizig, J.","A joint search for gravitational wave bursts with AURIGA and LIGO",2008,"Classical and Quantum Gravity","25","9", 095004,"","",,17,10.1088/0264-9381/25/9/095004,"https://www.scopus.com/inward/record.uri?eid=2-s2.0-43049107221&doi=10.1088%2f0264-9381%2f25%2f9%2f095004&partnerID=40&md5=66ba1716075d24dad8b76c29bd750dc4",Article,Scopus,2-s2.0-43049107221
"Abbott, B., Abbott, R., Adhikari, R., Agresti, J., Ajith, P., Allen, B., Amin, R., Anderson, S.B., Anderson, W.G., Arain, M., Araya, M., Armandula, H., Ashley, M., Aston, S., Aufmuth, P., Aulbert, C., Babak, S., Ballmer, S., Bantilan, H., Barish, B.C., Barker, C., Barker, D., Barr, B., Barriga, P., Barton, M.A., Bayer, K., Belczynski, K., Berukoff, S.J., Betzwieser, J., Beyersdorf, P.T., Bhawal, B., Bilenko, I.A., Billingsley, G., Biswas, R., Black, E., Blackburn, K., Blackburn, L., Blair, D., Bland, B., Bogenstahl, J., Bogue, L., Bork, R., Boschi, V., Bose, S., Brady, P.R., Braginsky, V.B., Brau, J.E., Brinkmann, M., Brooks, A., Brown, D.A., Bullington, A., Bunkowski, A., Buonanno, A., Burmeister, O., Busby, D., Butler, W.E., Byer, R.L., Cadonati, L., Cagnoli, G., Camp, J.B., Cannizzo, J., Cannon, K., Cantley, C.A., Cao, J., Cardenas, L., Carter, K., Casey, M.M., Castaldi, G., Cepeda, C., Chalkley, E., Charlton, P., Chatterji, S., Chelkowski, S., Chen, Y., Chiadini, F., Chin, D., Chin, E., Chow, J., Christensen, N., Clark, J., Cochrane, P., Cokelaer, T., Colacino, C.N., Coldwell, R., Coles, M., Conte, R., Cook, D., Corbitt, T., Coward, D., Coyne, D., Creighton, J.D.E., Creighton, T.D., Croce, R.P., Crooks, D.R.M., Cruise, A.M., Csatorday, P., Cumming, A., Dalrymple, J., D'Ambrosio, E., Danzmann, K., Davies, G., Daw, E., Debra, D., Degallaix, J., Degree, M., Delker, T., Demma, T., Dergachev, V., Desai, S., Desalvo, R., Dhurandhar, S., Díaz, M., Dickson, J., Di Credico, A., Diederichs, G., Dietz, A., Ding, H., Doomes, E.E., Drever, R.W.P., Dumas, J.-C., Dupuis, R.J., Dwyer, J.G., Ehrens, P., Espinoza, E., Etzel, T., Evans, M., Evans, T., Fairhurst, S., Fan, Y., Fazi, D., Fejer, M.M., Finn, L.S., Fiumara, V., Fotopoulos, N., Franzen, A., Franzen, K.Y., Freise, A., Frey, R., Fricke, T., Fritschel, P., Frolov, V.V., Fyffe, M., Galdi, V., Ganezer, K.S., Garofoli, J., Gholami, I., Giaime, J.A., Giampanis, S., Giardina, K.D., Goda, K., Goetz, E., Goggin, L., González, G., Gossler, S., Grant, A., Gras, S., Gray, C., Gray, M., Greenhalgh, J., Gretarsson, A.M., Grosso, R., Grote, H., Grunewald, S., Guenther, M., Gustafson, R., Hage, B., Hammer, D., Hanna, C., Hanson, J., Harms, J., Harry, G., Harstad, E., Hayler, T., Heefner, J., Heinzel, G., Heng, I.S., Heptonstall, A., Heurs, M., Hewitson, M., Hild, S., Hirose, E., Hoak, D., Hosken, D., Hough, J., Howell, E., Hoyland, D., Huttner, S.H., Ingram, D., Innerhofer, E., Ito, M., Itoh, Y., Ivanov, A., Jackrel, D., Jennrich, O., Johnson, B., Johnson, W.W., Johnston, W.R., Jones, D.I., Jones, G., Jones, R., Ju, L., Kalmus, P., Kalogera, V., Kasprzyk, D., Katsavounidis, E., Kawabe, K., Kawamura, S., Kawazoe, F., Kells, W., Keppel, D.G., Khalili, F.Ya., Killow, C.J., Kim, C., King, P., Kissel, J.S., Klimenko, S., Kokeyama, K., Kondrashov, V., Kopparapu, R.K., Kozak, D., Krishnan, B., Kwee, P., Lam, P.K., Landry, M., Lantz, B., Lazzarini, A., Lee, B., Lei, M., Leiner, J., Leonhardt, V., Leonor, I., Libbrecht, K., Libson, A., Lindquist, P., Lockerbie, N.A., Logan, J., Longo, M., Lormand, M., Lubinski, M., Lück, H., MacHenschalk, B., MacInnis, M., Mageswaran, M., Mailand, K., Malec, M., Mandic, V., Marano, S., Márka, S., Markowitz, J., Maros, E., Martin, I., Marx, J.N., Mason, K., Matone, L., Matta, V., Mavalvala, N., McCarthy, R., McClelland, D.E., McGuire, S.C., McHugh, M., McKenzie, K., McNabb, J.W.C., McWilliams, S., Meier, T., Melissinos, A., Mendell, G., Mercer, R.A., Meshkov, S., Messaritaki, E., Messenger, C.J., Meyers, D., Mikhailov, E., Mitra, S., Mitrofanov, V.P., Mitselmakher, G., Mittleman, R., Miyakawa, O., Mohanty, S., Moreno, G., Mossavi, K., Mowlowry, C., Moylan, A., Mudge, D., Mueller, G., Mukherjee, S., Müller-Ebhardt, H., Munch, J., Murray, P., Myers, E., Myers, J., Nagano, S., Nash, T., Newton, G., Nishizawa, A., Nocera, F., Numata, K., Nutzman, P., O'Reilly, B., O'Shaughnessy, R., Ottaway, D.J., Overmier, H., Owen, B.J., Pan, Y., Papa, M.A., Parameshwaraiah, V., Parameswariah, C., Patel, P., Pedraza, M., Penn, S., Pierro, V., Pinto, I.M., Pitkin, M., Pletsch, H., Plissi, M.V., Postiglione, F., Prix, R., Quetschke, V., Raab, F., Rabeling, D., Radkins, H., Rahkola, R., Rainer, N., Rakhmanov, M., Ramsunder, M., Rawlins, K., Ray-Majumder, S., Re, V., Regimbau, T., Rehbein, H., Reid, S., Reitze, D.H., Ribichini, L., Richman, S., Riesen, R., Riles, K., Rivera, B., Robertson, N.A., Robinson, C., Robinson, E.L., Roddy, S., Rodriguez, A., Rogan, A.M., Rollins, J., Romano, J.D., Romie, J., Rong, H., Route, R., Rowan, S., Rüdiger, A., Ruet, L., Russell, P., Ryan, K., Sakata, S., Samidi, M., Sancho De La Jordana, L., Sandberg, V., Sanders, G.H., Sannibale, V., Saraf, S., Sarin, P., Sathyaprakash, B.S., Sato, S., Saulson, P.R., Savage, R., Savov, P., Sazonov, A., Schediwy, S., Schilling, R., Schnabel, R., Schofield, R., Schutz, B.F., Schwinberg, P., Scott, S.M., Searle, A.C., Sears, B., Seifert, F., Sellers, D., Sengupta, A.S., Shawhan, P., Shoemaker, D.H., Sibley, A., Sidles, J.A., Siemens, X., Sigg, D., Sinha, S., Sintes, A.M., Slagmolen, B.J.J., Slutsky, J., Smith, J.R., Smith, M.R., Somiya, K., Strain, K.A., Strand, N.E., Strom, D.M., Stuver, A., Summerscales, T.Z., Sun, K.-X., Sung, M., Sutton, P.J., Sylvestre, J., Takahashi, H., Takamori, A., Tanner, D.B., Tarallo, M., Taylor, R., Taylor, R., Thacker, J., Thorne, K.A., Thorne, K.S., Thüring, A., Tinto, M., Tokmakov, K.V., Torres, C., Torrie, C., Traylor, G., Trias, M., Tyler, W., Ugolini, D., Ungarelli, C., Urbanek, K., Vahlbruch, H., Vallisneri, M., Van Den Broeck, C., Van Putten, M., Varvella, M., Vass, S., Vecchio, A., Veitch, J., Veitch, P., Villar, A., Vorvick, C., Vyachanin, S.P., Waldman, S.J., Wallace, L., Ward, H., Ward, R., Watts, K., Webber, D., Weidner, A., Weinert, M., Weinstein, A., Weiss, R., Wen, L., Wen, S., Wette, K., Whelan, J.T., Whitbeck, D.M., Whitcomb, S.E., Whiting, B.F., Wiley, S., Wilkinson, C., Willems, P.A., Williams, L., Willke, B., Wilmut, I., Winkler, W., Wipf, C.C., Wise, S., Wiseman, A.G., Woan, G., Woods, D., Wooley, R., Worden, J., Wu, W., Yakushin, I., Yamamoto, H., Yan, Z., Yoshida, S., Yunes, N., Zaleski, K.D., Zanolin, M., Zhang, J., Zhang, L., Zhao, C., Zotov, N., Zucker, M., Zur Mühlen, H., Zweizig, J.","Search for gravitational waves associated with 39 gamma-ray bursts using data from the second, third, and fourth LIGO runs",2008,"Physical Review D - Particles, Fields, Gravitation and Cosmology","77","6", 062004,"","",,40,10.1103/PhysRevD.77.062004,"https://www.scopus.com/inward/record.uri?eid=2-s2.0-41549091317&doi=10.1103%2fPhysRevD.77.062004&partnerID=40&md5=b3e3932c1a9a653a7c6d39f4670e1985",Article,Scopus,2-s2.0-41549091317
"Abbott, B., Abbott, R., Adhikari, R., Agresti, J., Ajith, P., Allen, B., Amin, R., Anderson, S.B., Anderson, W.G., Arain, M., Araya, M., Armandula, H., Ashley, M., Aston, S., Aufmuth, P., Aulbert, C., Babak, S., Ballmer, S., Bantilan, H., Barish, B.C., Barker, C., Barker, D., Barr, B., Barriga, P., Barton, M.A., Bayer, K., Belczynski, K., Betzwieser, J., Beyersdorf, P.T., Bhawal, B., Bilenko, I.A., Billingsley, G., Biswas, R., Black, E., Blackburn, K., Blackburn, L., Blair, D., Bland, B., Bogenstahl, J., Bogue, L., Bork, R., Boschi, V., Bose, S., Brady, P.R., Braginsky, V.B., Brau, J.E., Brinkmann, M., Brooks, A., Brown, D.A., Bullington, A., Bunkowski, A., Buonanno, A., Burmeister, O., Busby, D., Byer, R.L., Cadonati, L., Cagnoli, G., Camp, J.B., Cannizzo, J., Cannon, K., Cantley, C.A., Cao, J., Cardenas, L., Casey, M.M., Castaldi, G., Cepeda, C., Chalkey, E., Charlton, P., Chatterji, S., Chelkowski, S., Chen, Y., Chiadini, F., Chin, D., Chin, E., Chow, J., Christensen, N., Clark, J., Cochrane, P., Cokelaer, T., Colacino, C.N., Coldwell, R., Conte, R., Cook, D., Corbitt, T., Coward, D., Coyne, D., Creighton, J.D.E., Creighton, T.D., Croce, R.P., Crooks, D.R.M., Cruise, A.M., Cumming, A., Dalrymple, J., D'Ambrosio, E., Danzmann, K., Davies, G., Debra, D., Degallaix, J., Degree, M., Demma, T., Dergachev, V., Desai, S., Desalvo, R., Dhurandhar, S., Diaz, M., Dickson, J., Credico, A.D., Diederichs, G., Dietz, A., Doomes, E.E., Drever, R.W.P., Dumas, J.-C., Dupuis, R.J., Dwyer, J.G., Ehrens, P., Espinoza, E., Etzel, T., Evans, M., Evans, T., Fairhurst, S., Fan, Y., Fazi, D., Fejer, M.M., Finn, L.S., Fiumara, V., Fotopoulos, N., Franzen, A., Franzen, K.Y., Freise, A., Frey, R., Fricke, T., Fritschel, P., Frolov, V.V., Fyffe, M., Galdi, V., Garofoli, J., Gholami, I., Giaime, J.A., Giampanis, S., Giardina, K.D., Goda, K., Goetz, E., Goggin, L.M., Gonzalez, G., Gossler, S., Grant, A., Gras, S., Gray, C., Gray, M., Greenhalgh, J., Gretarsson, A.M., Grosso, R., Grote, H., Grunewald, S., Guenther, M., Gustafson, R., Hage, B., Hammer, D., Hanna, C., Hanson, J., Harms, J., Harry, G., Harstad, E., Hayler, T., Heefner, J., Heng, I.S., Heptonstall, A., Heurs, M., Hewitson, M., Hild, S., Hirose, E., Hoak, D., Hosken, D., Hough, J., Howell, E., Hoyland, D., Huttner, S.H., Ingram, D., Innerhofer, E., Ito, M., Itoh, Y., Ivanov, A., Jackrel, D., Johnson, B., Johnson, W.W., Jones, D.I., Jones, G., Jones, R., Ju, L., Kalmus, P., Kalogera, V., Kasprzyk, D., Katsavounidis, E., Kawabe, K., Kawamura, S., Kawazoe, F., Kells, W., Keppel, D.G., Khalili, F.Ya., Kim, C., King, P., Kissel, J.S., Klimenko, S., Kokeyama, K., Kondrashov, V., Kopparapu, R.K., Kozak, D., Krishnan, B., Kwee, P., Lam, P.K., Landry, M., Lantz, B., Lazzarini, A., Lee, B., Lei, M., Leiner, J., Leonhardt, V., Leonor, I., Libbrecht, K., Lindquist, P., Lockerbie, N.A., Longo, M., Lormand, M., Lubinski, M., Luck, H., MacHenschalk, B., MacInnis, M., Mageswaran, M., Mailand, K., Malec, M., Mandic, V., Marano, S., Marka, S., Markowitz, J., Maros, E., Martin, I., Marx, J.N., Mason, K., Matone, L., Matta, V., Mavalvala, N., McCarthy, R., McClelland, D.E., McGuire, S.C., McHugh, M., McKenzie, K., McNabb, J.W.C., McWilliams, S., Meier, T., Melissinos, A., Mendell, G., Mercer, R.A., Meshkov, S., Messaritaki, E., Messenger, C.J., Meyers, D., Mikhailov, E., Mitra, S., Mitrofanov, V.P., Mitselmakher, G., Mittleman, R., Miyakawa, O., Mohanty, S., Moreno, G., Mossavi, K., Mowlowry, C., Moylan, A., Mudge, D., Mueller, G., Mukherjee, S., Muller-Ebhardt, H., Munch, J., Murray, P., Myers, E., Myers, J., Nash, T., Newton, G., Nishizawa, A., Numata, K., O'Reilly, B., O'Shaughnessy, R., Ottaway, D.J., Overmier, H., Owen, B.J., Pan, Y., Papa, M.A., Parameshwaraiah, V., Patel, P., Pedraza, M., Penn, S., Pierro, V., Pinto, I.M., Pitkin, M., Pletsch, H., Plissi, M.V., Postiglione, F., Prix, R., Quetschke, V., Raab, F., Rabeling, D., Radkins, H., Rahkola, R., Rainer, N., Rakhmanov, M., Ramsunder, M., Rawlins, K., Ray-Majumder, S., Re, V., Rehbein, H., Reid, S., Reitze, D.H., Ribichini, L., Riesen, R., Riles, K., Rivera, B., Robertson, N.A., Robinson, C., Robinson, E.L., Roddy, S., Rodriguez, A., Rogan, A.M., Rollins, J., Romano, J.D., Romie, J., Route, R., Rowan, S., Rudiger, A., Ruet, L., Russell, P., Ryan, K., Sakata, S., Samidi, M., Sancho De La Jordana, L., Sandberg, V., Sannibale, V., Saraf, S., Sarin, P., Sathyaprakash, B.S., Sato, S., Saulson, P.R., Savage, R., Savov, P., Schediwy, S., Schilling, R., Schnabel, R., Schofield, R., Schutz, B.F., Schwinberg, P., Scott, S.M., Searle, A.C., Sears, B., Seifert, F., Sellers, D., Sengupta, A.S., Shawhan, P., Shoemaker, D.H., Sibley, A., Sidles, J.A., Siemens, X., Sigg, D., Sinha, S., Sintes, A.M., Slagmolen, B.J.J., Slutsky, J., Smith, J.R., Smith, M.R., Somiya, K., Strain, K.A., Strom, D.M., Stuver, A., Summerscales, T.Z., Sun, K.-X., Sung, M., Sutton, P.J., Takahashi, H., Tanner, D.B., Tarallo, M., Taylor, R., Taylor, R., Thacker, J., Thorne, K.A., Thorne, K.S., Thuring, A., Tokmakov, K.V., Torres, C., Torrie, C., Traylor, G., Trias, M., Tyler, W., Ugolini, D., Ungarelli, C., Urbanek, K., Vahlbruch, H., Vallisneri, M., Van Den Broeck, C., Varvella, M., Vass, S., Vecchio, A., Veitch, J., Veitch, P., Villar, A., Vorvick, C., Vyachanin, S.P., Waldman, S.J., Wallace, L., Ward, H., Ward, R., Watts, K., Webber, D., Weidner, A., Weinert, M., Weinstein, A., Weiss, R., Wen, S., Wette, K., Whelan, J.T., Whitbeck, D.M., Whitcomb, S.E., Whiting, B.F., Wilkinson, C., Willems, P.A., Williams, L., Willke, B., Wilmut, I., Winkler, W., Wipf, C.C., Wise, S., Wiseman, A.G., Woan, G., Woods, D., Wooley, R., Worden, J., Wu, W., Yakushin, I., Yamamoto, H., Yan, Z., Yoshida, S., Yunes, N., Zanolin, M., Zhang, J., Zhang, L., Zhao, C., Zotov, N., Zucker, M., Zur Muhlen, H., Zweizig, J.","All-sky search for periodic gravitational waves in LIGO S4 data (Physical Review D - Particles, Fields, Gravitation and Cosmology (2008) 77, (022001))",2008,"Physical Review D - Particles, Fields, Gravitation and Cosmology","77","6", 069902,"","",,,10.1103/PhysRevD.77.069902,"https://www.scopus.com/inward/record.uri?eid=2-s2.0-41449109062&doi=10.1103%2fPhysRevD.77.069902&partnerID=40&md5=1a96d68ac63709a3c4e229841dc26654",Erratum,Scopus,2-s2.0-41449109062
"Abbott, B., Abbott, R., Adhikari, R., Agresti, J., Ajith, P., Allen, B., Amin, R., Anderson, S.B., Anderson, W.G., Arain, M., Araya, M., Armandula, H., Ashley, M., Aston, S., Aufmuth, P., Aulbert, C., Babak, S., Ballmer, S., Bantilan, H., Barish, B.C., Barker, C., Barker, D., Barr, B., Barriga, P., Barton, M.A., Bayer, K., Belczynski, K., Betzwieser, J., Beyersdorf, P.T., Bhawal, B., Bilenko, I.A., Billingsley, G., Biswas, R., Black, E., Blackburn, K., Blackburn, L., Blair, D., Bland, B., Bogenstahl, J., Bogue, L., Bork, R., Boschi, V., Bose, S., Brady, P.R., Braginsky, V.B., Brau, J.E., Brinkmann, M., Brooks, A., Brown, D.A., Bullington, A., Bunkowski, A., Buonanno, A., Burgamy, M., Burmeister, O., Busby, D., Byer, R.L., Cadonati, L., Cagnoli, G., Camp, J.B., Cannizzo, J., Cannon, K., Cantley, C.A., Cao, J., Cardenas, L., Casey, M.M., Castaldi, G., Cepeda, C., Chalkey, E., Charlton, P., Chatterji, S., Chelkowski, S., Chen, Y., Chiadini, F., Chin, D., Chin, E., Chow, J., Christensen, N., Clark, J., Cochrane, P., Cokelaer, T., Colacino, C.N., Coldwell, R., Conte, R., Cook, D., Corbitt, T., Coward, D., Coyne, D., Creighton, J.D.E., Creighton, T.D., Croce, R.P., Crooks, D.R.M., Cruise, A.M., Cumming, A., Dalrymple, J., D'Ambrosio, E., Danzmann, K., Davies, G., Debra, D., Degallaix, J., Degree, M., Demma, T., Dergachev, V., Desai, S., Desalvo, R., Dhurandhar, S., Diaz, M., Dickson, J., Di Credico, A., Diederichs, G., Dietz, A., Doomes, E.E., Drever, R.W.P., Dumas, J.-C., Dupuis, R.J., Dwyer, J.G., Ehrens, P., Espinoza, E., Etzel, T., Evans, M., Evans, T., Fairhurst, S., Fan, Y., Fazi, D., Fejer, M.M., Finn, L.S., Fiumara, V., Fotopoulos, N., Franzen, A., Franzen, K.Y., Freise, A., Frey, R., Fricke, T., Fritschel, P., Frolov, V.V., Fyffe, M., Galdi, V., Garofoli, J., Gholami, I., Giaime, J.A., Giampanis, S., Giardina, K.D., Goda, K., Goetz, E., Goggin, L., Gonzalez, G., Gossler, S., Grant, A., Gras, S., Gray, C., Gray, M., Greenhalgh, J., Gretarsson, A.M., Grosso, R., Grote, H., Grunewald, S., Guenther, M., Gustafson, R., Hage, B., Hamilton, W.O., Hammer, D., Hanna, C., Hanson, J., Harms, J., Harry, G., Harstad, E., Hayler, T., Heefner, J., Heng, I.S., Heptonstall, A., Heurs, M., Hewitson, M., Hild, S., Hirose, E., Hoak, D., Hosken, D., Hough, J., Howell, E., Hoyland, D., Huttner, S.H., Ingram, D., Innerhofer, E., Ito, M., Itoh, Y., Ivanov, A., Jackrel, D., Johnson, B., Johnson, W.W., Jones, D.I., Jones, G., Jones, R., Ju, L., Kalmus, P., Kalogera, V., Kasprzyk, D., Katsavounidis, E., Kawabe, K., Kawamura, S., Kawazoe, F., Kells, W., Keppel, D.G., Khalili, F.Ya., Kim, C., King, P., Kissel, J.S., Klimenko, S., Kokeyama, K., Kondrashov, V., Kopparapu, R.K., Kozak, D., Krishnan, B., Kwee, P., Lam, P.K., Landry, M., Lantz, B., Lazzarini, A., Lee, B., Lei, M., Leiner, J., Leonhardt, V., Leonor, I., Libbrecht, K., Lindquist, P., Lockerbie, N.A., Longo, M., Lormand, M., Lubinski, M., Luck, H., MacHenschalk, B., MacInnis, M., Mageswaran, M., Mailand, K., Malec, M., Mandic, V., Marano, S., Marka, S., Markowitz, J., Maros, E., Martin, I., Marx, J.N., Mason, K., Matone, L., Matta, V., Mavalvala, N., McCarthy, R., McCaulley, B.J., McClelland, D.E., McGuire, S.C., McHugh, M., McKenzie, K., McNabb, J.W.C., McWilliams, S., Meier, T., Melissinos, A., Mendell, G., Mercer, R.A., Meshkov, S., Messaritaki, E., Messenger, C.J., Meyers, D., Mikhailov, E., Miller, P., Mitra, S., Mitrofanov, V.P., Mitselmakher, G., Mittleman, R., Miyakawa, O., Mohanty, S., Moody, V., Moreno, G., Mossavi, K., Mowlowry, C., Moylan, A., Mudge, D., Mueller, G., Mukherjee, S., Muller-Ebhardt, H., Munch, J., Murray, P., Myers, E., Myers, J., Nash, T., Newton, G., Nishizawa, A., Numata, K., O'Reilly, B., O'Shaughnessy, R., Ottaway, D.J., Overmier, H., Owen, B.J., Paik, H.-J., Pan, Y., Papa, M.A., Parameshwaraiah, V., Patel, P., Pedraza, M., Penn, S., Pierro, V., Pinto, I.M., Pitkin, M., Pletsch, H., Plissi, M.V., Postiglione, F., Prix, R., Quetschke, V., Raab, F., Rabeling, D., Radkins, H., Rahkola, R., Rainer, N., Rakhmanov, M., Ramsuder, M., Rawlins, K., Ray-Majumder, S., Re, V., Rehbein, H., Reid, S., Reitze, D.H., Ribichini, L., Riesen, R., Riles, K., Rivera, B., Robertson, N.A., Robinson, C., Robinson, E.L., Roddy, S., Rodriguez, A., Rogan, A.M., Rollins, J., Romano, J.D., Romie, J., Route, R., Rowan, S., Rudiger, A., Ruet, L., Russell, P., Ryan, K., Sakata, S., Samidi, M., Sancho De La Jordana, L., Sandberg, V., Sannibale, V., Saraf, S., Sarin, P., Sathyaprakash, B.S., Sato, S., Saulson, P.R., Savage, R., Savov, P., Schediwy, S., Schilling, R., Schnabel, R., Schofield, R., Schutz, B.F., Schwinberg, P., Scott, S.M., Searle, A.C., Sears, B., Seifert, F., Sellers, D., Sengupta, A.S., Shawhan, P., Shoemaker, D.H., Sibley, A., Sidles, J.A., Siemens, X., Sigg, D., Sinha, S., Sintes, A.M., Slagmolen, B.J.J., Slutsky, J., Smith, J.R., Smith, M.R., Somiya, K., Strain, K.A., Strom, D.M., Stuver, A., Summerscales, T.Z., Sun, K.-X., Sung, M., Sutton, P.J., Takahashi, H., Tanner, D.B., Tarallo, M., Taylor, R., Taylor, R., Thacker, J., Thorne, K.A., Thorne, K.S., Thuring, A., Tokmakov, K.V., Torres, C., Torrie, C., Traylor, G., Trias, M., Tyler, W., Ugolini, D., Ungarelli, C., Urbanek, K., Vahlbruch, H., Vallisneri, M., Van Den Broeck, C., Varvella, M., Vass, S., Vecchio, A., Veitch, J., Veitch, P., Villar, A., Vorvick, C., Vyachanin, S.P., Waldman, S.J., Wallace, L., Ward, H., Ward, R., Watts, K., Weaver, J., Webber, D., Weber, A., Weidner, A., Weinert, M., Weinstein, A., Weiss, R., Wen, S., Wette, K., Whelan, J.T., Whitbeck, D.M., Whitcomb, S.E., Whiting, B.F., Wilkinson, C., Willems, P.A., Williams, L., Willke, B., Wilmut, I., Winkler, W., Wipf, C.C., Wise, S., Wiseman, A.G., Woan, G., Woods, D., Wooley, R., Worden, J., Wu, W., Yakushin, I., Yamamoto, H., Yan, Z., Yoshida, S., Yunes, N., Zanolin, M., Zhang, J., Zhang, L., Zhang, P., Zhao, C., Zotov, N., Zucker, M., Zur Muhlen, H., Zweizig, J.","First cross-correlation analysis of interferometric and resonant-bar gravitational-wave data for stochastic backgrounds (Physical Review D - Particles, Fields, Gravitation and Cosmology (2007) 76, (022001))",2008,"Physical Review D - Particles, Fields, Gravitation and Cosmology","77","6", 069904,"","",,,10.1103/PhysRevD.77.069904,"https://www.scopus.com/inward/record.uri?eid=2-s2.0-41449105571&doi=10.1103%2fPhysRevD.77.069904&partnerID=40&md5=d8fc52992faba251c36c1e0fde27e92f",Erratum,Scopus,2-s2.0-41449105571
"Abbott, B., Abbott, R., Adhikari, R., Agresti, J., Ajith, P., Allen, B., Amin, R., Anderson, S.B., Anderson, W.G., Arain, M., Araya, M., Armandula, H., Ashley, M., Aston, S., Aufmuth, P., Aulbert, C., Babak, S., Ballmer, S., Bantilan, H., Barish, B.C., Barker, C., Barker, D., Barr, B., Barriga, P., Barton, M.A., Bayer, K., Belczynski, K., Betzwieser, J., Beyersdorf, P.T., Bhawal, B., Bilenko, I.A., Billingsley, G., Biswas, R., Black, E., Blackburn, K., Blackburn, L., Blair, D., Bland, B., Bogenstahl, J., Bogue, L., Bork, R., Boschi, V., Bose, S., Brady, P.R., Braginsky, V.B., Brau, J.E., Brinkmann, M., Brooks, A., Brown, D.A., Bullington, A., Bunkowski, A., Buonanno, A., Burmeister, O., Busby, D., Byer, R.L., Cadonati, L., Cagnoli, G., Camp, J.B., Cannizzo, J., Cannon, K., Cantley, C.A., Cao, J., Cardenas, L., Casey, M.M., Castaldi, G., Cepeda, C., Chalkey, E., Charlton, P., Chatterji, S., Chelkowski, S., Chen, Y., Chiadini, F., Chin, D., Chin, E., Chow, J., Christensen, N., Clark, J., Cochrane, P., Cokelaer, T., Colacino, C.N., Coldwell, R., Conte, R., Cook, D., Corbitt, T., Coward, D., Coyne, D., Creighton, J.D.E., Creighton, T.D., Croce, R.P., Crooks, D.R.M., Cruise, A.M., Cumming, A., Dalrymple, J., D'Ambrosio, E., Danzmann, K., Davies, G., Debra, D., Degallaix, J., Degree, M., Demma, T., Dergachev, V., Desai, S., Desalvo, R., Dhurandhar, S., Diaz, M., Dickson, J., Di Credico, A., Diederichs, G., Dietz, A., Doomes, E.E., Drever, R.W.P., Dumas, J.-C., Dupuis, R.J., Dwyer, J.G., Ehrens, P., Espinoza, E., Etzel, T., Evans, M., Evans, T., Fairhurst, S., Fan, Y., Fazi, D., Fejer, M.M., Finn, L.S., Fiumara, V., Fotopoulos, N., Franzen, A., Franzen, K.Y., Freise, A., Frey, R., Fricke, T., Fritschel, P., Frolov, V.V., Fyffe, M., Galdi, V., Garofoli, J., Gholami, I., Giaime, J.A., Giampanis, S., Giardina, K.D., Goda, K., Goetz, E., Goggin, L.M., Gonzalez, G., Gossler, S., Grant, A., Gras, S., Gray, C., Gray, M., Greenhalgh, J., Gretarsson, A.M., Grosso, R., Grote, H., Grunewald, S., Guenther, M., Gustafson, R., Hage, B., Hammer, D., Hanna, C., Hanson, J., Harms, J., Harry, G., Harstad, E., Hayler, T., Heefner, J., Heng, I.S., Heptonstall, A., Heurs, M., Hewitson, M., Hild, S., Hirose, E., Hoak, D., Hosken, D., Hough, J., Howell, E., Hoyland, D., Huttner, S.H., Ingram, D., Innerhofer, E., Ito, M., Itoh, Y., Ivanov, A., Jackrel, D., Johnson, B., Johnson, W.W., Jones, D.I., Jones, G., Jones, R., Ju, L., Kalmus, P., Kalogera, V., Kasprzyk, D., Katsavounidis, E., Kawabe, K., Kawamura, S., Kawazoe, F., Kells, W., Keppel, D.G., Khalili, F.Ya., Kim, C., King, P., Kissel, J.S., Klimenko, S., Kokeyama, K., Kondrashov, V., Kopparapu, R.K., Kozak, D., Krishnan, B., Kwee, P., Lam, P.K., Landry, M., Lantz, B., Lazzarini, A., Lee, B., Lei, M., Leiner, J., Leonhardt, V., Leonor, I., Libbrecht, K., Lindquist, P., Lockerbie, N.A., Longo, M., Lormand, M., Lubinski, M., Luck, H., MacHenschalk, B., MacInnis, M., Mageswaran, M., Mailand, K., Malec, M., Mandic, V., Marano, S., Marka, S., Markowitz, J., Maros, E., Martin, I., Marx, J.N., Mason, K., Matone, L., Matta, V., Mavalvala, N., McCarthy, R., McClelland, D.E., McGuire, S.C., McHugh, M., McKenzie, K., McNabb, J.W.C., McWilliams, S., Meier, T., Melissinos, A., Mendell, G., Mercer, R.A., Meshkov, S., Messaritaki, E., Messenger, C.J., Meyers, D., Mikhailov, E., Mitra, S., Mitrofanov, V.P., Mitselmakher, G., Mittleman, R., Miyakawa, O., Mohanty, S., Moreno, G., Mossavi, K., Mowlowry, C., Moylan, A., Mudge, D., Mueller, G., Mukherjee, S., Muller-Ebhardt, H., Munch, J., Murray, P., Myers, E., Myers, J., Newton, G., Nishizawa, A., Numata, K., O'Reilly, B., O'Shaughnessy, R., Ottaway, D.J., Overmier, H., Owen, B.J., Pan, Y., Papa, M.A., Parameshwaraiah, V., Patel, P., Pedraza, M., Penn, S., Pierro, V., Pinto, I.M., Pitkin, M., Pletsch, H., Plissi, M.V., Postiglione, F., Prix, R., Quetschke, V., Raab, F., Rabeling, D., Radkins, H., Rahkola, R., Rainer, N., Rakhmanov, M., Rawlins, K., Ray-Majumder, S., Re, V., Rehbein, H., Reid, S., Reitze, D.H., Ribichini, L., Riesen, R., Riles, K., Rivera, B., Robertson, N.A., Robinson, C., Robinson, E.L., Roddy, S., Rodriguez, A., Rogan, A.M., Rollins, J., Romano, J.D., Romie, J., Route, R., Rowan, S., Rudiger, A., Ruet, L., Russell, P., Ryan, K., Sakata, S., Samidi, M., Sancho De La Jordana, L., Sandberg, V., Sannibale, V., Saraf, S., Sarin, P., Sathyaprakash, B.S., Sato, S., Saulson, P.R., Savage, R., Savov, P., Schediwy, S., Schilling, R., Schnabel, R., Schofield, R., Schutz, B.F., Schwinberg, P., Scott, S.M., Searle, A.C., Sears, B., Seifert, F., Sellers, D., Sengupta, A.S., Shawhan, P., Shoemaker, D.H., Sibley, A., Sidles, J.A., Siemens, X., Sigg, D., Sinha, S., Sintes, A.M., Slagmolen, B.J.J., Slutsky, J., Smith, J.R., Smith, M.R., Somiya, K., Strain, K.A., Strom, D.M., Stuver, A., Summerscales, T.Z., Sun, K.-X., Sung, M., Sutton, P.J., Takahashi, H., Tanner, D.B., Tarallo, M., Taylor, R., Taylor, R., Thacker, J., Thorne, K.A., Thorne, K.S., Thuring, A., Tokmakov, K.V., Torres, C., Torrie, C., Traylor, G., Trias, M., Tyler, W., Ugolini, D., Ungarelli, C., Urbanek, K., Vahlbruch, H., Vallisneri, M., Van Den Broeck, C., Varvella, M., Vass, S., Vecchio, A., Veitch, J., Veitch, P., Villar, A., Vorvick, C., Vyachanin, S.P., Waldman, S.J., Wallace, L., Ward, H., Ward, R., Watts, K., Webber, D., Weidner, A., Weinert, M., Weinstein, A., Weiss, R., Wen, S., Wette, K., Whelan, J.T., Whitbeck, D.M., Whitcomb, S.E., Whiting, B.F., Wilkinson, C., Willems, P.A., Williams, L., Willke, B., Wilmut, I., Winkler, W., Wipf, C.C., Wise, S., Wiseman, A.G., Woan, G., Woods, D., Wooley, R., Worden, J., Wu, W., Yakushin, I., Yamamoto, H., Yan, Z., Yoshida, S., Yunes, N., Zanolin, M., Zhang, J., Zhang, L., Zhao, C., Zotov, N., Zucker, M., Zur Muhlen, H., Zweizig, J.","Upper limit map of a background of gravitational waves (Physical Review D - Particles, Fields, Gravitation and Cosmology (2007) 76, (082003))",2008,"Physical Review D - Particles, Fields, Gravitation and Cosmology","77","6", 069903,"","",,,10.1103/PhysRevD.77.069903,"https://www.scopus.com/inward/record.uri?eid=2-s2.0-41449089448&doi=10.1103%2fPhysRevD.77.069903&partnerID=40&md5=bcb311e9d45d748df3b927fe91bb22ed",Erratum,Scopus,2-s2.0-41449089448
"Abbott, B., Abbott, R., Adhikari, R., Agresti, J., Ajith, P., Allen, B., Amin, R., Anderson, S.B., Anderson, W.G., Arain, M., Araya, M., Armandula, H., Ashley, M., Aston, S., Aufmuth, P., Aulbert, C., Babak, S., Ballmer, S., Bantilan, H., Barish, B.C., Barker, C., Barker, D., Barr, B., Barriga, P., Barton, M.A., Bayer, K., Belczynski, K., Betzwieser, J., Beyersdorf, P.T., Bhawal, B., Bilenko, I.A., Billingsley, G., Biswas, R., Black, E., Blackburn, K., Blackburn, L., Blair, D., Bland, B., Bogenstahl, J., Bogue, L., Bork, R., Boschi, V., Bose, S., Brady, P.R., Braginsky, V.B., Brau, J.E., Brinkmann, M., Brooks, A., Brown, D.A., Bullington, A., Bunkowski, A., Buonanno, A., Burmeister, O., Busby, D., Butler, W.E., Byer, R.L., Cadonati, L., Cagnoli, G., Camp, J.B., Cannizzo, J., Cannon, K., Cantley, C.A., Cao, J., Cardenas, L., Carter, K., Casey, M.M., Castaldi, G., Cepeda, C., Chalkey, E., Charlton, P., Chatterji, S., Chelkowski, S., Chen, Y., Chiadini, F., Chin, D., Chin, E., Chow, J., Christensen, N., Clark, J., Cochrane, P., Cokelaer, T., Colacino, C.N., Coldwell, R., Conte, R., Cook, D., Corbitt, T., Coward, D., Coyne, D., Creighton, J.D.E., Creighton, T.D., Croce, R.P., Crooks, D.R.M., Cruise, A.M., Cumming, A., Dalrymple, J., D'Ambrosio, E., Danzmann, K., Davies, G., Debra, D., Degallaix, J., Degree, M., Demma, T., Dergachev, V., Desai, S., Desalvo, R., Dhurandhar, S., Diaz, M., Dickson, J., Di Credico, A., Diederichs, G., Dietz, A., Doomes, E.E., Drever, R.W.P., Dumas, J.-C., Dupuis, R.J., Dwyer, J.G., Ehrens, P., Espinoza, E., Etzel, T., Evans, M., Evans, T., Fairhurst, S., Fan, Y., Fazi, D., Fejer, M.M., Finn, L.S., Fiumara, V., Fotopoulos, N., Franzen, A., Franzen, K.Y., Freise, A., Frey, R., Fricke, T., Fritschel, P., Frolov, V.V., Fyffe, M., Galdi, V., Ganezer, K.S., Garofoli, J., Gholami, I., Giaime, J.A., Giampanis, S., Giardina, K.D., Goda, K., Goetz, E., Goggin, L., Gonzalez, G., Gossler, S., Grant, A., Gras, S., Gray, C., Gray, M., Greenhalgh, J., Gretarsson, A.M., Grosso, R., Grote, H., Grunewald, S., Guenther, M., Gustafson, R., Hage, B., Hammer, D., Hanna, C., Hanson, J., Harms, J., Harry, G., Harstad, E., Hayler, T., Heefner, J., Heng, I.S., Heptonstall, A., Heurs, M., Hewitson, M., Hild, S., Hirose, E., Hoak, D., Hosken, D., Hough, J., Howell, E., Hoyland, D., Huttner, S.H., Ingram, D., Innerhofer, E., Ito, M., Itoh, Y., Ivanov, A., Jackrel, D., Johnson, B., Johnson, W.W., Jones, D.I., Jones, G., Jones, R., Ju, L., Kalmus, P., Kalogera, V., Kasprzyk, D., Katsavounidis, E., Kawabe, K., Kawamura, S., Kawazoe, F., Kells, W., Keppel, D.G., Khalili, F.Ya., Kim, C., King, P., Kissel, J.S., Klimenko, S., Kokeyama, K., Kondrashov, V., Kopparapu, R.K., Kozak, D., Krishnan, B., Kwee, P., Lam, P.K., Landry, M., Lantz, B., Lazzarini, A., Lee, B., Lei, M., Leiner, J., Leonhardt, V., Leonor, I., Libbrecht, K., Lindquist, P., Lockerbie, N.A., Longo, M., Lormand, M., Lubinski, M., Luck, H., Machenschalk, B., MacInnis, M., Mageswaran, M., Mailand, K., Malec, M., Mandic, V., Marano, S., Marka, S., Markowitz, J., Maros, E., Martin, I., Marx, J.N., Mason, K., Matone, L., Matta, V., Mavalvala, N., McCarthy, R., McClelland, D.E., McGuire, S.C., McHugh, M., McKenzie, K., McNabb, J.W.C., McWilliams, S., Meier, T., Melissinos, A., Mendell, G., Mercer, R.A., Meshkov, S., Messaritaki, E., Messenger, C.J., Meyers, D., Mikhailov, E., Mitra, S., Mitrofanov, V.P., Mitselmakher, G., Mittleman, R., Miyakawa, O., Mohanty, S., Moreno, G., Mossavi, K., Mowlowry, C., Moylan, A., Mudge, D., Mueller, G., Mukherjee, S., Muller-Ebhardt, H., Munch, J., Murray, P., Myers, E., Myers, J., Nash, T., Newton, G., Nishizawa, A., Nocera, F., Numata, K., O'Reilly, B., O'Shaughnessy, R., Ottaway, D.J., Overmier, H., Owen, B.J., Pan, Y., Papa, M.A., Parameshwaraiah, V., Parameshwaraiah, C., Patel, P., Pedraza, M., Penn, S., Pierro, V., Pinto, I.M., Pitkin, M., Pletsch, H., Plissi, M.V., Postiglione, F., Prix, R., Quetschke, V., Raab, F., Rabeling, D., Radkins, H., Rahkola, R., Rainer, N., Rakhmanov, M., Rawlins, K., Ray-Majumder, S., Re, V., Regimbau, T., Rehbein, H., Reid, S., Reitze, D.H., Ribichini, L., Riesen, R., Riles, K., Rivera, B., Robertson, N.A., Robinson, C., Robinson, E.L., Roddy, S., Rodriguez, A., Rogan, A.M., Rollins, J., Romano, J.D., Romie, J., Route, R., Rowan, S., Rudiger, A., Ruet, L., Russell, P., Ryan, K., Sakata, S., Samidi, M., Sancho De La Jordana, L., Sandberg, V., Sanders, G.H., Sannibale, V., Saraf, S., Sarin, P., Sathyaprakash, B.S., Sato, S., Saulson, P.R., Savage, R., Savov, P., Sazonov, A., Schediwy, S., Schilling, R., Schnabel, R., Schofield, R., Schutz, B.F., Schwinberg, P., Scott, S.M., Searle, A.C., Sears, B., Seifert, F., Sellers, D., Sengupta, A.S., Shawhan, P., Shoemaker, D.H., Sibley, A., Sidles, J.A., Siemens, X., Sigg, D., Sinha, S., Sintes, A.M., Slagmolen, B.J.J., Slutsky, J., Smith, J.R., Smith, M.R., Somiya, K., Strain, K.A., Strom, D.M., Stuver, A., Summerscales, T.Z., Sun, K.-X., Sung, M., Sutton, P.J., Takahashi, H., Tanner, D.B., Tarallo, M., Taylor, R., Taylor, R., Thacker, J., Thorne, K.A., Thorne, K.S., Thuring, A., Tokmakov, K.V., Torres, C., Torrie, C., Traylor, G., Trias, M., Tyler, W., Ugolini, D., Ungarelli, C., Urbanek, K., Vahlbruch, H., Vallisneri, M., Van Den Broeck, C., Van Putten, M., Varvella, M., Vass, S., Vecchio, A., Veitch, J., Veitch, P., Villar, A., Vorvick, C., Vyachanin, S.P., Waldman, S.J., Wallace, L., Ward, H., Ward, R., Watts, K., Webber, D., Weidner, A., Weinert, M., Weinstein, A., Weiss, R., Wen, S., Wette, K., Whelan, J.T., Whitbeck, D.M., Whitcomb, S.E., Whiting, B.F., Wiley, S., Wilkinson, C., Willems, P.A., Williams, L., Willke, B., Wilmut, I., Winkler, W., Wipf, C.C., Wise, S., Wiseman, A.G., Woan, G., Woods, D., Wooley, R., Worden, J., Wu, W., Yakushin, I., Yamamoto, H., Yan, Z., Yoshida, S., Yunes, N., Zanolin, M., Zhang, J., Zhang, L., Zhao, C., Zotov, N., Zucker, M., Zur Muhlen, H., Zweizig, J., Kramer, M., Lyne, A.G.","Upper limits on gravitational wave emission from 78 radio pulsars (Physical Review D - Particles, Fields, Gravitation and Cosmology (2007) 76, (042001))",2008,"Physical Review D - Particles, Fields, Gravitation and Cosmology","77","6", 069905,"","",,,10.1103/PhysRevD.77.069905,"https://www.scopus.com/inward/record.uri?eid=2-s2.0-41449113371&doi=10.1103%2fPhysRevD.77.069905&partnerID=40&md5=a8cddcefec2be7eb4a4d81af57b0394f",Erratum,Scopus,2-s2.0-41449113371
"Abbott, B., Abbott, R., Adhikari, R., Agresti, J., Ajith, P., Allen, B., Amin, R., Anderson, S.B., Anderson, W.G., Arain, M., Araya, M., Armandula, H., Ashley, M., Aston, S., Aufmuth, P., Aulbert, C., Babak, S., Ballmer, S., Bantilan, H., Barish, B.C., Barker, C., Barker, D., Barr, B., Barriga, P., Barton, M.A., Bayer, K., Belczynski, K., Betzwieser, J., Beyersdorf, P.T., Bhawal, B., Bilenko, I.A., Billingsley, G., Biswas, R., Black, E., Blackburn, K., Blackburn, L., Blair, D., Bland, B., Bogenstahl, J., Bogue, L., Bork, R., Boschi, V., Bose, S., Brady, P.R., Braginsky, V.B., Brau, J.E., Brinkmann, M., Brooks, A., Brown, D.A., Bullington, A., Bunkowski, A., Buonanno, A., Burmeister, O., Busby, D., Butler, W.E., Byer, R.L., Cadonati, L., Cagnoli, G., Camp, J.B., Cannizzo, J., Cannon, K., Cantley, C.A., Cao, J., Cardenas, L., Carter, K., Casey, M.M., Castaldi, G., Cepeda, C., Chalkey, E., Charlton, P., Chatterji, S., Chelkowski, S., Chen, Y., Chiadini, F., Chin, D., Chin, E., Chow, J., Christensen, N., Clark, J., Cochrane, P., Cokelaer, T., Colacino, C.N., Coldwell, R., Conte, R., Cook, D., Corbitt, T., Coward, D., Coyne, D., Creighton, J.D.E., Creighton, T.D., Croce, R.P., Crooks, D.R.M., Cruise, A.M., Cumming, A., Dalrymple, J., D'Ambrosio, E., Danzmann, K., Davies, G., Debra, D., Degallaix, J., Degree, M., Demma, T., Dergachev, V., Desai, S., Desalvo, R., Dhurandhar, S., Díaz, M., Dickson, J., Di Credico, A., Diederichs, G., Dietz, A., Doomes, E.E., Drever, R.W.P., Dumas, J.-C., Dupuis, R.J., Dwyer, J.G., Ehrens, P., Espinoza, E., Etzel, T., Evans, M., Evans, T., Fairhurst, S., Fan, Y., Fazi, D., Fejer, M.M., Finn, L.S., Fiumara, V., Fotopoulos, N., Franzen, A., Franzen, K.Y., Freise, A., Frey, R., Fricke, T., Fritschel, P., Frolov, V.V., Fyffe, M., Galdi, V., Ganezer, K.S., Garofoli, J., Gholami, I., Giaime, J.A., Giampanis, S., Giardina, K.D., Goda, K., Goetz, E., Goggin, L., González, G., Gossler, S., Grant, A., Gras, S., Gray, C., Gray, M., Greenhalgh, J., Gretarsson, A.M., Grosso, R., Grote, H., Grunewald, S., Guenther, M., Gustafson, R., Hage, B., Hammer, D., Hanna, C., Hanson, J., Harms, J., Harry, G., Harstad, E., Hayler, T., Heefner, J., Heng, I.S., Heptonstall, A., Heurs, M., Hewitson, M., Hild, S., Hirose, E., Hoak, D., Hosken, D., Hough, J., Howell, E., Hoyland, D., Huttner, S.H., Ingram, D., Innerhofer, E., Ito, M., Itoh, Y., Ivanov, A., Jackrel, D., Johnson, B., Johnson, W.W., Jones, D.I., Jones, G., Jones, R., Ju, L., Kalmus, P., Kalogera, V., Kasprzyk, D., Katsavounidis, E., Kawabe, K., Kawamura, S., Kawazoe, F., Kells, W., Keppel, D.G., Khalili, F.Ya., Kim, C., King, P., Kissel, J.S., Klimenko, S., Kokeyama, K., Kondrashov, V., Kopparapu, R.K., Kozak, D., Krishnan, B., Kwee, P., Lam, P.K., Landry, M., Lantz, B., Lazzarini, A., Lee, B., Lei, M., Leiner, J., Leonhardt, V., Leonor, I., Libbrecht, K., Lindquist, P., Lockerbie, N.A., Longo, M., Lormand, M., Lubinski, M., Lück, H., MacHenschalk, B., MacInnis, M., Mageswaran, M., Mailand, K., Malec, M., Mandic, V., Marano, S., Márka, S., Markowitz, J., Maros, E., Martin, I., Marx, J.N., Mason, K., Matone, L., Matta, V., Mavalvala, N., McCarthy, R., McClelland, D.E., McGuire, S.C., McHugh, M., McKenzie, K., McNabb, J.W.C., McWilliams, S., Meier, T., Melissinos, A., Mendell, G., Mercer, R.A., Meshkov, S., Messaritaki, E., Messenger, C.J., Meyers, D., Mikhailov, E., Mitra, S., Mitrofanov, V.P., Mitselmakher, G., Mittleman, R., Miyakawa, O., Mohanty, S., Moreno, G., Mossavi, K., Mowlowry, C., Moylan, A., Mudge, D., Mueller, G., Mukherjee, S., Müller-Ebhardt, H., Munch, J., Murray, P., Myers, E., Myers, J., Nash, T., Newton, G., Nishizawa, A., Nocera, F., Numata, K., O'Reilly, B., O'Shaughnessy, R., Ottaway, D.J., Overmier, H., Owen, B.J., Pan, Y., Papa, M.A., Parameshwaraiah, V., Parameswariah, C., Patel, P., Pedraza, M., Penn, S., Pierro, V., Pinto, I.M., Pitkin, M., Pletsch, H., Plissi, M.V., Postiglione, F., Prix, R., Quetschke, V., Raab, F., Rabeling, D., Radkins, H., Rahkola, R., Rainer, N., Rakhmanov, M., Rawlins, K., Ray-Majumder, S., Re, V., Regimbau, T., Rehbein, H., Reid, S., Reitze, D.H., Ribichini, L., Riesen, R., Riles, K., Rivera, B., Robertson, N.A., Robinson, C., Robinson, E.L., Roddy, S., Rodriguez, A., Rogan, A.M., Rollins, J., Romano, J.D., Romie, J., Route, R., Rowan, S., Rüdiger, A., Ruet, L., Russell, P., Ryan, K., Sakata, S., Samidi, M., De La Jordana, L.S., Sandberg, V., Sanders, G.H., Sannibale, V., Saraf, S., Sarin, P., Sathyaprakash, B.S., Sato, S., Saulson, P.R., Savage, R., Savov, P., Sazonov, A., Schediwy, S., Schilling, R., Schnabel, R., Schofield, R., Schutz, B.F., Schwinberg, P., Scott, S.M., Searle, A.C., Sears, B., Seifert, F., Sellers, D., Sengupta, A.S., Shawhan, P., Shoemaker, D.H., Sibley, A., Sidles, J.A., Siemens, X., Sigg, D., Sinha, S., Sintes, A.M., Slagmolen, B.J.J., Slutsky, J., Smith, J.R., Smith, M.R., Somiya, K., Strain, K.A., Strom, D.M., Stuver, A., Summerscales, T.Z., Sun, K.-X., Sung, M., Sutton, P.J., Takahashi, H., Tanner, D.B., Tarallo, M., Taylor, R., Taylor, R., Thacker, J., Thorne, K.A., Thorne, K.S., Thüring, A., Tokmakov, K.V., Torres, C., Torrie, C., Traylor, G., Trias, M., Tyler, W., Ugolini, D., Ungarelli, C., Urbanek, K., Vahlbruch, H., Vallisneri, M., Van Den Broeck, C., Van Putten, M., Varvella, M., Vass, S., Vecchio, A., Veitch, J., Veitch, P., Villar, A., Vorvick, C., Vyachanin, S.P., Waldman, S.J., Wallace, L., Ward, H., Ward, R., Watts, K., Webber, D., Weidner, A., Weinert, M., Weinstein, A., Weiss, R., Wen, S., Wette, K., Whelan, J.T., Whitbeck, D.M., Whitcomb, S.E., Whiting, B.F., Wiley, S., Wilkinson, C., Willems, P.A., Williams, L., Willke, B., Wilmut, I., Winkler, W., Wipf, C.C., Wise, S., Wiseman, A.G., Woan, G., Woods, D., Wooley, R., Worden, J., Wu, W., Yakushin, I., Yamamoto, H., Yan, Z., Yoshida, S., Yunes, N., Zanolin, M., Zhang, J., Zhang, L., Zhao, C., Zotov, N., Zucker, M., Zur Mühlen, H., Zweizig, J.","Search for gravitational waves from binary inspirals in S3 and S4 LIGO data",2008,"Physical Review D - Particles, Fields, Gravitation and Cosmology","77","6", 062002,"","",,98,10.1103/PhysRevD.77.062002,"https://www.scopus.com/inward/record.uri?eid=2-s2.0-41449101210&doi=10.1103%2fPhysRevD.77.062002&partnerID=40&md5=8b7386286cdd35dc399beb2d8f56c3e3",Article,Scopus,2-s2.0-41449101210
"Abbott, B., Abbott, R., Adhikari, R., Agresti, J., Ajith, P., Allen, B., Amin, R., Anderson, S.B., Anderson, W.G., Arain, M., Araya, M., Armandula, H., Ashley, M., Aston, S., Aufmuth, P., Aulbert, C., Babak, S., Ballmer, S., Bantilan, H., Barish, B.C., Barker, C., Barker, D., Barr, B., Barriga, P., Barton, M.A., Bayer, K., Belczynski, K., Betzwieser, J., Beyersdorf, P.T., Bhawal, B., Bilenko, I.A., Billingsley, G., Biswas, R., Black, E., Blackburn, K., Blackburn, L., Blair, D., Bland, B., Bogenstahl, J., Bogue, L., Bork, R., Boschi, V., Bose, S., Brady, P.R., Braginsky, V.B., Brau, J.E., Brinkmann, M., Brooks, A., Brown, D.A., Bullington, A., Bunkowski, A., Buonanno, A., Burmeister, O., Busby, D., Byer, R.L., Cadonati, L., Cagnoli, G., Camp, J.B., Cannizzo, J., Cannon, K., Cantley, C.A., Cao, J., Cardenas, L., Casey, M.M., Castaldi, G., Cepeda, C., Chalkley, E., Charlton, P., Chatterji, S., Chelkowski, S., Chen, Y., Chiadini, F., Chin, D., Chin, E., Chow, J., Christensen, N., Clark, J., Cochrane, P., Cokelaer, T., Colacino, C.N., Coldwell, R., Conte, R., Cook, D., Corbitt, T., Coward, D., Coyne, D., Creighton, J.D.E., Creighton, T.D., Croce, R.P., Crooks, D.R.M., Cruise, A.M., Cumming, A., Dalrymple, J., D'Ambrosio, E., Danzmann, K., Davies, G., Debra, D., Degallaix, J., Degree, M., Demma, T., Dergachev, V., Desai, S., DeSalvo, R., Dhurandhar, S., Díaz, M., Dickson, J., Di Credico, A., Diederichs, G., Dietz, A., Doomes, E.E., Drever, R.W.P., Dumas, J.-C., Dupuis, R.J., Dwyer, J.G., Ehrens, P., Espinoza, E., Etzel, T., Evans, M., Evans, T., Fairhurst, S., Fan, Y., Fazi, D., Fejer, M.M., Finn, L.S., Fiumara, V., Fotopoulos, N., Franzen, A., Franzen, K.Y., Freise, A., Frey, R., Fricke, T., Fritschel, P., Frolov, V.V., Fyffe, M., Galdi, V., Garofoli, J., Gholami, I., Giaime, J.A., Giampanis, S., Giardina, K.D., Goda, K., Goetz, E., Goggin, L.M., González, G., Gossler, S., Grant, A., Gras, S., Gray, C., Gray, M., Greenhalgh, J., Gretarsson, A.M., Grosso, R., Grote, H., Grunewald, S., Guenther, M., Gustafson, R., Hage, B., Hammer, D., Hanna, C., Hanson, J., Harms, J., Harry, G., Harstad, E., Hayler, T., Heefner, J., Heng, I.S., Heptonstall, A., Heurs, M., Hewitson, M., Hild, S., Hirose, E., Hoak, D., Hosken, D., Hough, J., Howell, E., Hoyland, D., Huttner, S.H., Ingram, D., Innerhofer, E., Ito, M., Itoh, Y., Ivanov, A., Jackrel, D., Johnson, B., Johnson, W.W., Jones, D.I., Jones, G., Jones, R., Ju, L., Kalmus, P., Kalogera, V., Kasprzyk, D., Katsavounidis, E., Kawabe, K., Kawamura, S., Kawazoe, F., Kells, W., Keppel, D.G., Khalili, F.Ya., Kim, C., King, P., Kissel, J.S., Klimenko, S., Kokeyama, K., Kondrashov, V., Kopparapu, R.K., Kozak, D., Krishnan, B., Kwee, P., Lam, P.K., Landry, M., Lantz, B., Lazzarini, A., Lee, B., Lei, M., Leiner, J., Leonhardt, V., Leonor, I., Libbrecht, K., Lindquist, P., Lockerbie, N.A., Longo, M., Lormand, M., Lubinski, M., Lück, H., Machenschalk, B., MacInnis, M., Mageswaran, M., Mailand, K., Malec, M., Mandic, V., Marano, S., Márka, S., Markowitz, J., Maros, E., Martin, I., Marx, J.N., Mason, K., Matone, L., Matta, V., Mavalvala, N., McCarthy, R., McClelland, D.E., McGuire, S.C., McHugh, M., McKenzie, K., McNabb, J.W.C., McWilliams, S., Meier, T., Melissinos, A., Mendell, G., Mercer, R.A., Meshkov, S., Messenger, C.J., Meyers, D., Mikhailov, E., Mitra, S., Mitrofanov, V.P., Mitselmakher, G., Mittleman, R., Miyakawa, O., Mohanty, S., Moreno, G., Mossavi, K., Mowlowry, C., Moylan, A., Mudge, D., Mueller, G., Mukherjee, S., Müller-Ebhardt, H., Munch, J., Murray, P., Myers, E., Myers, J., Nash, T., Newton, G., Nishizawa, A., Numata, K., O'Reilly, B., O'Shaughnessy, R., Ottaway, D.J., Overmier, H., Owen, B.J., Pan, Y., Papa, M.A., Parameshwaraiah, V., Patel, P., Pedraza, M., Penn, S., Pierro, V., Pinto, I.M., Pitkin, M., Pletsch, H., Plissi, M.V., Postiglione, F., Prix, R., Quetschke, V., Raab, F., Rabeling, D., Radkins, H., Rahkola, R., Rainer, N., Rakhmanov, M., Ramsunder, M., Rawlins, K., Ray-Majumder, S., Re, V., Rehbein, H., Reid, S., Reitze, D.H., Ribichini, L., Riesen, R., Riles, K., Rivera, B., Robertson, N.A., Robinson, C., Robinson, E.L., Roddy, S., Rodriguez, A., Rogan, A.M., Rollins, J., Romano, J.D., Romie, J., Route, R., Rowan, S., Rüdiger, A., Ruet, L., Russell, P., Ryan, K., Sakata, S., Samidi, M., Sancho De La Jordana, L., Sandberg, V., Sannibale, V., Saraf, S., Sarin, P., Sathyaprakash, B.S., Sato, S., Saulson, P.R., Savage, R., Savov, P., Schediwy, S., Schilling, R., Schnabel, R., Schofield, R., Schutz, B.F., Schwinberg, P., Scott, S.M., Searle, A.C., Sears, B., Seifert, F., Sellers, D., Sengupta, A.S., Shawhan, P., Shoemaker, D.H., Sibley, A., Siemens, X., Sigg, D., Sinha, S., Sintes, A.M., Slagmolen, B.J.J., Slutsky, J., Smith, J.R., Smith, M.R., Somiya, K., Strain, K.A., Strom, D.M., Stuver, A., Summerscales, T.Z., Sun, K.-X., Sung, M., Sutton, P.J., Takahashi, H., Tanner, D.B., Tarallo, M., Taylor, R., Taylor, R., Thacker, J., Thorne, K.A., Thorne, K.S., Thüring, A., Tokmakov, K.V., Torres, C., Torrie, C., Traylor, G., Trias, M., Tyler, W., Ugolini, D., Ungarelli, C., Urbanek, K., Vahlbruch, H., Vallisneri, M., Van Den Broeck, C., Varvella, M., Vass, S., Vecchio, A., Veitch, J., Veitch, P., Villar, A., Vorvick, C., Vyachanin, S.P., Waldman, S.J., Wallace, L., Ward, H., Ward, R., Watts, K., Webber, D., Weidner, A., Weinert, M., Weinstein, A., Weiss, R., Wen, S., Wette, K., Whelan, J.T., Whitbeck, D.M., Whitcomb, S.E., Whiting, B.F., Wilkinson, C., Willems, P.A., Williams, L., Willke, B., Wilmut, I., Winkler, W., Wipf, C.C., Wise, S., Wiseman, A.G., Woan, G., Woods, D., Wooley, R., Worden, J., Wu, W., Yakushin, I., Yamamoto, H., Yan, Z., Yoshida, S., Yunes, N., Zanolin, M., Zhang, J., Zhang, L., Zhao, C., Zotov, N., Zucker, M., Zur Mühlen, H., Zweizig, J.","All-sky search for periodic gravitational waves in LIGO S4 data",2008,"Physical Review D - Particles, Fields, Gravitation and Cosmology","77","2", 022001,"","",,65,10.1103/PhysRevD.77.022001,"https://www.scopus.com/inward/record.uri?eid=2-s2.0-38049115019&doi=10.1103%2fPhysRevD.77.022001&partnerID=40&md5=261966f5c82e2cf47b22a71929fb7a6d",Article,Scopus,2-s2.0-38049115019
"Abbott, B., Abbott, R., Adhikari, R., Ajith, P., Allen, B., Allen, G., Amin, R., Anderson, S.B., Anderson, W.G., Arain, M.A., Araya, M., Armandula, H., Armor, P., Aso, Y., Aston, S., Aufmuth, P., Aulbert, C., Babak, S., Ballmer, S., Bantilan, H., Barish, B.C., Barker, C., Barker, D., Barr, B., Barriga, P., Barton, M.A., Bastarrika, M., Bayer, K., Betzwieser, J., Beyersdorf, P.T., Bilenko, I.A., Billingsley, G., Biswas, R., Black, E., Blackburn, K., Blackburn, L., Blair, D., Bland, B., Bodiya, T.P., Bogue, L., Bork, R., Boschi, V., Bose, S., Brady, P.R., Braginsky, V.B., Brau, J.E., Brinkmann, M., Brooks, A., Brown, D.A., Brunet, G., Bullington, A., Buonanno, A., Burmeister, O., Byer, R.L., Cadonati, L., Cagnoli, G., Camp, J.B., Cannizzo, J., Cannon, K., Cao, J., Cardenas, L., Casebolt, T., Castaldi, G., Cepeda, C., Chalkley, E., Charlton, P., Chatterji, S., Chelkowski, S., Chen, Y., Christensen, N., Clark, D., Clark, J., Cokelaer, T., Conte, R., Cook, D., Corbitt, T., Coyne, D., Creighton, J.D.E., Cumming, A., Cunningham, L., Cutler, R.M., Dalrymple, J., Danzmann, K., Davies, G., DeBra, D., Degallaix, J., Degree, M., Dergachev, V., Desai, S., DeSalvo, R., Dhurandhar, S., Dýaz, M., Dickson, J., Dietz, A., Donovan, F., Dooley, K.L., Doomes, E.E., Drever, R.W.P., Duke, I., Dumas, J.-C., Dupuis, R.J., Dwyer, J.G., Echols, C., Effler, A., Ehrens, P., Espinoza, E., Etzel, T., Evans, T., Fairhurst, S., Fan, Y., Fazi, D., Fehrmann, H., Fejer, M.M., Finn, L.S., Flasch, K., Fotopoulos, N., Freise, A., Frey, R., Fricke, T., Fritschel, P., Frolov, V.V., Fyffe, M., Garofoli, J., Gholami, I., Giaime, J.A., Giampanis, S., Giardina, K.D., Goda, K., Goetz, E., Goggin, L., González, G., Gossler, S., Gouaty, R., Grant, A., Gras, S., Gray, C., Gray, M., Greenhalgh, R.J.S., Gretarsson, A.M., Grimaldi, F., Grosso, R., Grote, H., Grunewald, S., Guenther, M., Gustafson, E.K., Gustafson, R., Hage, B., Hallam, J.M., Hammer, D., Hanna, C., Hanson, J., Harms, J., Harry, G., Harstad, E., Hayama, K., Hayler, T., Heefner, J., Heng, I.S., Hennessy, M., Heptonstall, A., Hewitson, M., Hild, S., Hirose, E., Hoak, D., Hosken, D., Hough, J., Huttner, S.H., Ingram, D., Ito, M., Ivanov, A., Johnson, B., Johnson, W.W., Jones, D.I., Jones, G., Jones, R., Ju, L., Kalmus, P., Kalogera, V., Kamat, S., Kanner, J., Kasprzyk, D., Katsavounidis, E., Kawabe, K., Kawamura, S., Kawazoe, F., Kells, W., Keppel, D.G., Ya. Khalili, F., Khan, R., Khazanov, E., Kim, C., King, P., Kissel, J.S., Klimenko, S., Kokeyama, K., Kondrashov, V., Kopparapu, R.K., Kozak, D., Kozhevatov, I., Krishnan, B., Kwee, P., Lam, P.K., Landry, M., Lang, M.M., Lantz, B., Lazzarini, A., Lei, M., Leindecker, N., Leonhardt, V., Leonor, I., Libbrecht, K., Lin, H., Lindquist, P., Lockerbie, N.A., Lodhia, D., Lormand, M., Lu, P., Lubinski, M., Lucianetti, A., Lück, H., Machenschalk, B., MacInnis, M., Mageswaran, M., Mailand, K., Mandic, V., Márka, S., Márka, Z., Markosyan, A., Markowitz, J., Maros, E., Martin, I., Martin, R.M., Marx, J.N., Mason, K., Matichard, F., Matone, L., Matzner, R., Mavalvala, N., McCarthy, R., McClelland, D.E., McGuire, S.C., McHugh, M., McIntyre, G., McIvor, G., McKechan, D., McKenzie, K., Meier, T., Melissinos, A., Mendell, G., Mercer, R.A., Meshkov, S., Messenger, C.J., Meyers, D., Miller, J., Minelli, J., Mitra, S., Mitrofanov, V.P., Mitselmakher, G., Mittleman, R., Miyakawa, O., Moe, B., Mohanty, S., Moreno, G., Mossavi, K., MowLowry, C., Mueller, G., Mukherjee, S., Mukhopadhyay, H., Müller-Ebhardt, H., Munch, J., Murray, P., Myers, E., Myers, J., Nash, T., Nelson, J., Newton, G., Nishizawa, A., Numata, K., O'Dell, J., Ogin, G., O'Reilly, B., O'Shaughnessy, R., Ottaway, D.J., Ottens, R.S., Overmier, H., Owen, B.J., Pan, Y., Pankow, C., Papa, M.A., Parameshwaraiah, V., Patel, P., Pedraza, M., Penn, S., Perreca, A., Petrie, T., Pinto, I.M., Pitkin, M., Pletsch, H.J., Plissi, M.V., Postiglione, F., Principe, M., Prix, R., Quetschke, V., Raab, F., Rabeling, D.S., Radkins, H., Rainer, N., Rakhmanov, M., Ramsunder, M., Rehbein, H., Reid, S., Reitze, D.H., Riesen, R., Riles, K., Rivera, B., Robertson, N.A., Robinson, C., Robinson, E.L., Roddy, S., Rodriguez, A., Rogan, A.M., Rollins, J., Romano, J.D., Romie, J., Route, R., Rowan, S., Rüdiger, A., Ruet, L., Russell, P., Ryan, K., Sakata, S., Samidi, M., Sancho de la Jordana, L., Sandberg, V., Sannibale, V., Saraf, S., Sarin, P., Sathyaprakash, B.S., Sato, S., Saulson, P.R., Savage, R., Savov, P., Schediwy, S.W., Schilling, R., Schnabel, R., Schofield, R., Schutz, B.F., Schwinberg, P., Scott, S.M., Searle, A.C., Sears, B., Seifert, F., Sellers, D., Sengupta, A.S., Shawhan, P., Shoemaker, D.H., Sibley, A., Siemens, X., Sigg, D., Sinha, S., Sintes, A.M., Slagmolen, B.J.J., Slutsky, J., Smith, J.R., Smith, M.R., Smith, N.D., Somiya, K., Sorazu, B., Stein, L.C., Stochino, A., Stone, R., Strain, K.A., Strom, D.M., Stuver, A., Summerscales, T.Z., Sun, K.-X., Sung, M., Sutton, P.J., Takahashi, H., Tanner, D.B., Taylor, R., Taylor, R., Thacker, J., Thorne, K.A., Thorne, K.S., Thüring, A., Tokmakov, K.V., Torres, C., Torrie, C., Traylor, G., Trias, M., Tyler, W., Ugolini, D., Ulmen, J., Urbanek, K., Vahlbruch, H., Van Den Broeck, C., Van Der Sluys, M., Vass, S., Vaulin, R., Vecchio, A., Veitch, J., Veitch, P., Villar, A., Vorvick, C., Vyachanin, S.P., Waldman, S.J., Wallace, L., Ward, H., Ward, R., Weinert, M., Weinstein, A., Weiss, R., Wen, S., Wette, K., Whelan, J.T., Whitcomb, S.E., Whiting, B.F., Wilkinson, C., Willems, P.A., Williams, H.R., Williams, L., Willke, B., Wilmut, I., Winkler, W., Wipf, C.C., Wiseman, A.G., Woan, G., Wooley, R., Worden, J., Wu, W., Yakushin, I., Yamamoto, H., Yan, Z., Yoshida, S., Zanolin, M., Zhang, J., Zhang, L., Zhao, C., Zotov, N., Zucker, M., Zweizig, J., Santostasi, G.","Beating the spin-down limit on gravitational wave emission from the crab pulsar",2008,"Astrophysical Journal","684","1 PART 2",,"L45","L49",,,10.1086/592108,"https://www.scopus.com/inward/record.uri?eid=2-s2.0-67649511733&doi=10.1086%2f592108&partnerID=40&md5=d523c6af4c8ce3dae70e8c250cc6bdc7",Article,Scopus,2-s2.0-67649511733
"Abbott, B., Abbott, R., Adhikari, R., Ajith, P., Allen, B., Allen, G., Amin, R., Anderson, S.B., Anderson, W.G., Arain, M.A., Araya, M., Armandula, H., Armor, P., Aso, Y., Aston, S., Aufmuth, P., Aulbert, C., Babak, S., Ballmer, S., Bantilan, H., Barish, B.C., Barker, C., Barker, D., Barr, B., Barriga, P., Barton, M.A., Bastarrika, M., Bayer, K., Betzwieser, J., Beyersdorf, P.T., Bilenko, I.A., Billingsley, G., Biswas, R., Black, E., Blackburn, K., Blackburn, L., Blair, D., Bland, B., Bodiya, T.P., Bogue, L., Bork, R., Boschi, V., Bose, S., Brady, P.R., Braginsky, V.B., Brau, J.E., Brinkmann, M., Brooks, A., Brown, D.A., Brunet, G., Bullington, A., Buonanno, A., Burmeister, O., Byer, R.L., Cadonati, L., Cagnoli, G., Camp, J.B., Cannizzo, J., Cannon, K., Cao, J., Cardenas, L., Casebolt, T., Castaldi, G., Cepeda, C., Chalkley, E., Charlton, P., Chatterji, S., Chelkowski, S., Chen, Y., Christensen, N., Clark, D., Clark, J., Cokelaer, T., Conte, R., Cook, D., Corbitt, T., Coyne, D., Creighton, J.D.E., Cumming, A., Cunningham, L., Cutler, R.M., Dalrymple, J., Danzmann, K., Davies, G., Debra, D., Degallaix, J., Degree, M., Dergachev, V., Desai, S., Desalvo, R., Dhurandhar, S., Díaz, M., Dickson, J., Dietz, A., Donovan, F., Dooley, K.L., Doomes, E.E., Ver, R.W.P.D., Duke, I., Dumas, J.-C., Dupuis, R.J., Dwyer, J.G., Echols, C., Effler, A., Ehrens, P., Espinoza, E., Etzel, T., Evans, T., Fairhurst, S., Fan, Y., Fazi, D., Fehrmann, H., Fejer, M.M., Finn, L.S., Flasch, K., Fotopoulos, N., Freise, A., Frey, R., Fricke, T., Fritschel, P., Frolov, V.V., Fyffe, M., Garofoli, J., Gholami, I., Giaime, J.A., Giampanis, S., Giardina, K.D., Goda, K., Goetz, E., Goggin, L., González, G., Gossler, S., Gouaty, R., Grant, A., Gras, S., Gray, C., Gray, M., Greenhalgh, R.J.S., Gretarsson, A.M., Grimaldi, F., Grosso, R., Grote, H., Grunewald, S., Guenther, M., Gustafson, E.K., Gustafson, R., Hage, B., Hallam, J.M., Hammer, D., Hanna, C., Hanson, J., Harms, J., Harry, G., Harstad, E., Hayama, K., Hayler, T., Heefner, J., Heng, I.S., Hennessy, M., Heptonstall, A., Hewitson, M., Hild, S., Hirose, E., Hoak, D., Hosken, D., Hough, J., Huttner, S.H., Ingram, D., Ito, M., Ivanov, A., Johnson, B., Johnson, W.W., Jones, D.I., Jones, G., Jones, R., Ju, L., Kalmus, P., Kalogera, V., Kamat, S., Kanner, J., Kasprzyk, D., Katsavounidis, E., Kawabe, K., Kawamura, S., Kawazoe, F., Kells, W., Keppel, D.G., Khalili, F.Y., Khan, R., Khazanov, E., Kim, C., King, P., Kissel, J.S., Klimenko, S., Kokeyama, K., Kondrashov, V., Kopparapu, R.K., Kozak, D., Kozhevatov, I., Krishnan, B., Kwee, P., Lam, P.K., Landry, M., Lang, M.M., Lantz, B., Lazzarini, A., Lei, M., Leindecker, N., Leonhardt, V., Leonor, I., Libbrecht, K., Lin, H., Lindquist, P., Lockerbie, N.A., Lodhia, D., Lormand, M., Lu, P., Lubinski, M., Lucianetti, A., Lück, H., Machenschalk, B., Macinnis, M., Mageswaran, M., Mailand, K., Mandic, V., Márka, S., Márka, Z., Markosyan, A., Markowitz, J., Maros, E., Martin, I., Martin, R.M., Marx, J.N., Mason, K., Matichard, F., Matone, L., Matzner, R., Mavalvala, N., Mccarthy, R., Mcclelland, D.E., Mcguire, S.C., Mchugh, M., Mcintyre, G., Mcivor, G., Mckechan, D., Mckenzie, K., Meier, T., Melissinos, A., Mendell, G., Mercer, R.A., Meshkov, S., Messenger, C.J., Meyers, D., Miller, J., Minelli, J., Mitra, S., Mitrofanov, V.P., Mitselmakher, G., Mittleman, R., Miyakawa, O., Moe, B., Mohanty, S., Moreno, G., Mossavi, K., Mowlowry, C., Mueller, G., Mukherjee, S., Mukhopadhyay, H., Müller-Ebhardt, H., Munch, J., Murray, P., Myers, E., Myers, J., Nash, T., Nelson, J., Newton, G., Nishizawa, A., Numata, K., O'dell, J., Ogin, G., O'reilly, B., O'shaughnessy, R., Ottaway, D.J., Ottens, R.S., Overmier, H., Owen, B.J., Pan, Y., Pankow, C., Papa, M.A., Parameshwaraiah, V., Patel, P., Pedraza, M., Penn, S., Perreca, A., Petrie, T., Pinto, I.M., Pitkin, M., Pletsch, H.J., Plissi, M.V., Postiglione, F., Principe, M., Prix, R., Quetschke, V., Raab, F., Rabeling, D.S., Radkins, H., Rainer, N., Rakhmanov, M., Ramsunder, M., Rehbein, H., Reid, S., Reitze, D.H., Riesen, R., Riles, K., Rivera, B., Robertson, N.A., Robinson, C., Robinson, E.L., Roddy, S., Rodriguez, A., Rogan, A.M., Rollins, J., Romano, J.D., Romie, J., Route, R., Rowan, S., Rüdiger, A., Ruet, L., Russell, P., Ryan, K., Sakata, S., Samidi, M., De La Jordana, L.S., Sandberg, V., Sannibale, V., Saraf, S., Sarin, P., Sathyaprakash, B.S., Sato, S., Saulson, P.R., Savage, R., Savov, P., Schediwy, S.W., Schilling, R., Schnabel, R., Schofield, R., Schutz, B.F., Schwinberg, P., Scott, S.M., Searle, A.C., Sears, B., Seifert, F., Sellers, D., Sengupta, A.S., Shawhan, P., Shoemaker, D.H., Sibley, A., Siemens, X., Sigg, D., Sinha, S., Sintes, A.M., Slagmolen, B.J.J., Slutsky, J., Smith, J.R., Smith, M.R., Smith, N.D., Somiya, K., Sorazu, B., Stein, L.C., Stochino, A., Stone, R., Strain, K.A., Strom, D.M., Stuver, A., Summerscales, T.Z., Sun, K.-X., Sung, M., Sutton, P.J., Takahashi, H., Tanner, D.B., Taylor, R., Taylor, R., Thacker, J., Thorne, K.A., Thorne, K.S., Thüring, A., Tokmakov, K.V., Torres, C., Torrie, C., Traylor, G., Trias, M., Tyler, W., Ugolini, D., Ulmen, J., Urbanek, K., Vahlbruch, H., Van Broeck, C.D., Van Sluys, M.D., Vass, S., Vaulin, R., Vecchio, A., Veitch, J., Veitch, P., Villar, A., Vorvick, C., Vyachanin, S.P., Waldman, S.J., Wallace, L., Ward, H., Ward, R., Weinert, M., Weinstein, A., Weiss, R., Wen, S., Wette, K., Whelan, J.T., Whitcomb, S.E., Whiting, B.F., Wilkinson, C., Willems, P.A., Williams, H.R., Williams, L., Willke, B., Wilmut, I., Winkler, W., Wipf, C.C., Wiseman, A.G., Woan, G., Wooley, R., Worden, J., Wu, W., Yakushin, I., Yamamoto, H., Yan, Z., Yoshida, S., Zanolin, M., Zhang, J., Zhang, L., Zhao, C., Zotov, N., Zucker, M., Zweizig, J., Santostasi, G.","Beating the spin-down limit on gravitational wave emission from the Crab pulsar",2008,"Astrophysical Journal","683","1 PART 2",,"L45","L49",,128,10.1086/591526,"https://www.scopus.com/inward/record.uri?eid=2-s2.0-53349144479&doi=10.1086%2f591526&partnerID=40&md5=51c0a6cea820c02dc7952642a8d362c1",Article,Scopus,2-s2.0-53349144479
"Abbott, B., Abbott, R., Adhikari, R., Agresti, J., Ajith, P., Allen, B., Amin, R., Anderson, S.B., Anderson, W.G., Arain, M., Araya, M., Armandula, H., Ashley, M., Aston, S., Aufmuth, P., Aulbert, C., Babak, S., Ballmer, S., Bantilan, H., Barish, B.C., Barker, C., Barker, D., Barr, B., Barriga, P., Barton, M.A., Bayer, K., Belczynski, K., Betzwieser, J., Beyersdorf, P.T., Bhawal, B., Bilenko, I.A., Billingsley, G., Biswas, R., Black, E., Blackburn, K., Blackburn, L., Blair, D., Bland, B., Bogenstahl, J., Bogue, L., Bork, R., Boschi, V., Bose, S., Brady, P.R., Braginsky, V.B., Brau, J.E., Brinkmann, M., Brooks, A., Brown, D.A., Bullington, A., Bunkowski, A., Buonanno, A., Burmeister, O., Busby, D., Byer, R.L., Cadonati, L., Cagnoli, G., Camp, J.B., Cannizzo, J., Cannon, K., Cantley, C.A., Cao, J., Cardenas, L., Casey, M.M., Castaldi, G., Cepeda, C., Chalkey, E., Charlton, P., Chatterji, S., Chelkowski, S., Chen, Y., Chiadini, F., Chin, D., Chin, E., Chow, J., Christensen, N., Clark, J., Cochrane, P., Cokelaer, T., Colacino, C.N., Coldwell, R., Conte, R., Cook, D., Corbitt, T., Coward, D., Coyne, D., Creighton, J.D.E., Creighton, T.D., Croce, R.P., Crooks, D.R.M., Cruise, A.M., Cumming, A., Dalrymple, J., D'Ambrosio, E., Danzmann, K., Davies, G., Debra, D., Degallaix, J., Degree, M., Demma, T., Dergachev, V., Desai, S., Desalvo, R., Dhurandhar, S., Díaz, M., Dickson, J., Di Credico, A.D., Diederichs, G., Dietz, A., Doomes, E.E., Drever, R.W.P., Dumas, J.-C., Dupuis, R.J., Dwyer, J.G., Ehrens, P., Espinoza, E., Etzel, T., Evans, M., Evans, T., Fairhurst, S., Fan, Y., Fazi, D., Fejer, M.M., Finn, L.S., Fiumara, V., Fotopoulos, N., Franzen, A., Franzen, K.Y., Freise, A., Frey, R., Fricke, T., Fritschel, P., Frolov, V.V., Fyffe, M., Galdi, V., Garofoli, J., Gholami, I., Giaime, J.A., Giampanis, S., Giardina, K.D., Goda, K., Goetz, E., Goggin, L.M., González, G., Gossler, S., Grant, A., Gras, S., Gray, C., Gray, M., Greenhalgh, J., Gretarsson, A.M., Grosso, R., Grote, H., Grunewald, S., Guenther, M., Gustafson, R., Hage, B., Hammer, D., Hanna, C., Hanson, J., Harms, J., Harry, G., Harstad, E., Hayler, T., Heefner, J., Heng, I.S., Heptonstall, A., Heurs, M., Hewitson, M., Hild, S., Hirose, E., Hoak, D., Hosken, D., Hough, J., Howell, E., Hoyland, D., Huttner, S.H., Ingram, D., Innerhofer, E., Ito, M., Itoh, Y., Ivanov, A., Jackrel, D., Johnson, B., Johnson, W.W., Jones, D.I., Jones, G., Jones, R., Ju, L., Kalmus, P., Kalogera, V., Kasprzyk, D., Katsavounidis, E., Kawabe, K., Kawamura, S., Kawazoe, F., Kells, W., Keppel, D.G., Khalili, F.Ya., Kim, C., King, P., Kissel, J.S., Klimenko, S., Kokeyama, K., Kondrashov, V., Kopparapu, R.K., Kozak, D., Krishnan, B., Kwee, P., Lam, P.K., Landry, M., Lantz, B., Lazzarini, A., Lee, B., Lei, M., Leiner, J., Leonhardt, V., Leonor, I., Libbrecht, K., Lindquist, P., Lockerbie, N.A., Longo, M., Lormand, M., Lubinski, M., Lück, H., MacHenschalk, B., MacInnis, M., Mageswaran, M., Mailand, K., Malec, M., Mandic, V., Marano, S., Márka, S., Markowitz, J., Maros, E., Martin, I., Marx, J.N., Mason, K., Matone, L., Matta, V., Mavalvala, N., McCarthy, R., McClelland, D.E., McGuire, S.C., McHugh, M., McKenzie, K., McNabb, J.W.C., McWilliams, S., Meier, T., Melissinos, A., Mendell, G., Mercer, R.A., Meshkov, S., Messaritaki, E., Messenger, C.J., Meyers, D., Mikhailov, E., Mitra, S., Mitrofanov, V.P., Mitselmakher, G., Mittleman, R., Miyakawa, O., Mohanty, S., Moreno, G., Mossavi, K., Mowlowry, C., Moylan, A., Mudge, D., Mueller, G., Mukherjee, S., Müller-Ebhardt, H., Munch, J., Murray, P., Myers, E., Myers, J., Nash, T., Newton, G., Nishizawa, A., Numata, K., O'Reilly, B., O'Shaughnessy, R., Ottaway, D.J., Overmier, H., Owen, B.J., Pan, Y., Papa, M.A., Parameshwaraiah, V., Patel, P., Pedraza, M., Pelc, J., Penn, S., Pierro, V., Pinto, I.M., Pitkin, M., Pletsch, H., Plissi, M.V., Postiglione, F., Prix, R., Quetschke, V., Raab, F., Rabeling, D., Radkins, H., Rahkola, R., Rainer, N., Rakhmanov, M., Ramsunder, M., Rawlins, K., Ray-Majumder, S., Re, V., Rehbein, H., Reid, S., Reitze, D.H., Ribichini, L., Riesen, R., Riles, K., Rivera, B., Robertson, N.A., Robinson, C., Robinson, E.L., Roddy, S., Rodriguez, A., Rogan, A.M., Rollins, J., Romano, J.D., Romie, J., Route, R., Rowan, S., Rüdiger, A., Ruet, L., Russell, P., Ryan, K., Sakata, S., Samidi, M., De La Jordana, L.S., Sandberg, V., Sannibale, V., Saraf, S., Sarin, P., Sathyaprakash, B.S., Sato, S., Saulson, P.R., Savage, R., Savov, P., Schediwy, S., Schilling, R., Schnabel, R., Schofield, R., Schutz, B.F., Schwinberg, P., Scott, S.M., Searle, A.C., Sears, B., Seifert, F., Sellers, D., Sengupta, A.S., Shawhan, P., Shoemaker, D.H., Sibley, A., Sidles, J.A., Siemens, X., Sigg, D., Sinha, S., Sintes, A.M., Slagmolen, B.J.J., Slutsky, J., Smith, J.R., Smith, M.R., Somiya, K., Strain, K.A., Strom, D.M., Stuver, A., Summerscales, T.Z., Sun, K.-X., Sung, M., Sutton, P.J., Takahashi, H., Tanner, D.B., Tarallo, M., Taylor, R., Taylor, R., Thacker, J., Thorne, K.A., Thorne, K.S., Thüring, A., Tinto, M., Tokmakov, K.V., Torres, C., Torrie, C., Traylor, G., Trias, M., Tyler, W., Ugolini, D., Ungarelli, C., Urbanek, K., Vahlbruch, H., Vallisneri, M., Van Den Broeck, C.V.D., Varvella, M., Vass, S., Vecchio, A., Veitch, J., Veitch, P., Villar, A., Vorvick, C., Vyachanin, S.P., Waldman, S.J., Wallace, L., Ward, H., Ward, R., Watts, K., Webber, D., Weidner, A., Weinert, M., Weinstein, A., Weiss, R., Wen, S., Wette, K., Whelan, J.T., Whitbeck, D.M., Whitcomb, S.E., Whiting, B.F., Wilkinson, C., Willems, P.A., Williams, L., Willke, B., Wilmut, I., Winkler, W., Wipf, C.C., Wise, S., Wiseman, A.G., Woan, G., Woods, D., Wooley, R., Worden, J., Wu, W., Yakushin, I., Yamamoto, H., Yan, Z., Yoshida, S., Yunes, N., Zanolin, M., Zhang, J., Zhang, L., Zhao, C., Zotov, N., Zucker, M., Mühlen, H.Z., Zweizig, J.","Search for gravitational-wave bursts in LIGO data from the fourth science run",2007,"Classical and Quantum Gravity","24","22",,"5343","5369",,66,10.1088/0264-9381/24/22/002,"https://www.scopus.com/inward/record.uri?eid=2-s2.0-35948954646&doi=10.1088%2f0264-9381%2f24%2f22%2f002&partnerID=40&md5=51022639eef80171dd9fee8d8c575b60",Article,Scopus,2-s2.0-35948954646
"Abbott, B., Abbott, R., Adhikari, R., Agresti, J., Ajith, P., Allen, B., Amin, R., Anderson, S.B., Anderson, W.G., Arain, M., Araya, M., Armandula, H., Ashley, M., Aston, S., Aufmuth, P., Aulbert, C., Babak, S., Ballmer, S., Bantilan, H., Barish, B.C., Barker, C., Barker, D., Barr, B., Barriga, P., Barton, M.A., Bayer, K., Belczynski, K., Betzwieser, J., Beyersdorf, P.T., Bhawal, B., Bilenko, I.A., Billingsley, G., Biswas, R., Black, E., Blackburn, K., Blackburn, L., Blair, D., Bland, B., Bogenstahl, J., Bogue, L., Bork, R., Boschi, V., Bose, S., Brady, P.R., Braginsky, V.B., Brau, J.E., Brinkmann, M., Brooks, A., Brown, D.A., Bullington, A., Bunkowski, A., Buonanno, A., Burmeister, O., Busby, D., Byer, R.L., Cadonati, L., Cagnoli, G., Camp, J.B., Cannizzo, J., Cannon, K., Cantley, C.A., Cao, J., Cardenas, L., Casey, M.M., Castaldi, G., Cepeda, C., Chalkey, E., Charlton, P., Chatterji, S., Chelkowski, S., Chen, Y., Chiadini, F., Chin, D., Chin, E., Chow, J., Christensen, N., Clark, J., Cochrane, P., Cokelaer, T., Colacino, C.N., Coldwell, R., Conte, R., Cook, D., Corbitt, T., Coward, D., Coyne, D., Creighton, J.D.E., Creighton, T.D., Croce, R.P., Crooks, D.R.M., Cruise, A.M., Cumming, A., Dalrymple, J., D'Ambrosio, E., Danzmann, K., Davies, G., Debra, D., Degallaix, J., Degree, M., Demma, T., Dergachev, V., Desai, S., Desalvo, R., Dhurandhar, S., Díaz, M., Dickson, J., Di Credico, A., Diederichs, G., Dietz, A., Doomes, E.E., Drever, R.W.P., Dumas, J.-C., Dupuis, R.J., Dwyer, J.G., Ehrens, P., Espinoza, E., Etzel, T., Evans, M., Evans, T., Fairhurst, S., Fan, Y., Fazi, D., Fejer, M.M., Finn, L.S., Fiumara, V., Fotopoulos, N., Franzen, A., Franzen, K.Y., Freise, A., Frey, R., Fricke, T., Fritschel, P., Frolov, V.V., Fyffe, M., Galdi, V., Garofoli, J., Gholami, I., Giaime, J.A., Giampanis, S., Giardina, K.D., Goda, K., Goetz, E., Goggin, L.M., González, G., Gossler, S., Grant, A., Gras, S., Gray, C., Gray, M., Greenhalgh, J., Gretarsson, A.M., Grosso, R., Grote, H., Grunewald, S., Guenther, M., Gustafson, R., Hage, B., Hammer, D., Hanna, C., Hanson, J., Harms, J., Harry, G., Harstad, E., Hayler, T., Heefner, J., Heng, I.S., Heptonstall, A., Heurs, M., Hewitson, M., Hild, S., Hirose, E., Hoak, D., Hosken, D., Hough, J., Howell, E., Hoyland, D., Huttner, S.H., Ingram, D., Innerhofer, E., Ito, M., Itoh, Y., Ivanov, A., Jackrel, D., Johnson, B., Johnson, W.W., Jones, D.I., Jones, G., Jones, R., Ju, L., Kalmus, P., Kalogera, V., Kasprzyk, D., Katsavounidis, E., Kawabe, K., Kawamura, S., Kawazoe, F., Kells, W., Keppel, D.G., Khalili, F.Ya., Kim, C., King, P., Kissel, J.S., Klimenko, S., Kokeyama, K., Kondrashov, V., Kopparapu, R.K., Kozak, D., Krishnan, B., Kwee, P., Lam, P.K., Landry, M., Lantz, B., Lazzarini, A., Lee, B., Lei, M., Leiner, J., Leonhardt, V., Leonor, I., Libbrecht, K., Lindquist, P., Lockerbie, N.A., Longo, M., Lormand, M., Lubinski, M., Lück, H., MacHenschalk, B., MacInnis, M., Mageswaran, M., Mailand, K., Malec, M., Mandic, V., Marano, S., Márka, S., Markowitz, J., Maros, E., Martin, I., Marx, J.N., Mason, K., Matone, L., Matta, V., Mavalvala, N., McCarthy, R., McClelland, D.E., McGuire, S.C., McHugh, M., McKenzie, K., McNabb, J.W.C., McWilliams, S., Meier, T., Melissinos, A., Mendell, G., Mercer, R.A., Meshkov, S., Messaritaki, E., Messenger, C.J., Meyers, D., Mikhailov, E., Mitra, S., Mitrofanov, V.P., Mitselmakher, G., Mittleman, R., Miyakawa, O., Mohanty, S., Moreno, G., Mossavi, K., Mowlowry, C., Moylan, A., Mudge, D., Mueller, G., Mukherjee, S., Müller-Ebhardt, H., Munch, J., Murray, P., Myers, E., Myers, J., Newton, G., Nishizawa, A., Numata, K., O'Reilly, B., O'Shaughnessy, R., Ottaway, D.J., Overmier, H., Owen, B.J., Pan, Y., Papa, M.A., Parameshwaraiah, V., Patel, P., Pedraza, M., Penn, S., Pierro, V., Pinto, I.M., Pitkin, M., Pletsch, H., Plissi, M.V., Postiglione, F., Prix, R., Quetschke, V., Raab, F., Rabeling, D., Radkins, H., Rahkola, R., Rainer, N., Rakhmanov, M., Rawlins, K., Ray-Majumder, S., Re, V., Rehbein, H., Reid, S., Reitze, D.H., Ribichini, L., Riesen, R., Riles, K., Rivera, B., Robertson, N.A., Robinson, C., Robinson, E.L., Roddy, S., Rodriguez, A., Rogan, A.M., Rollins, J., Romano, J.D., Romie, J., Route, R., Rowan, S., Rüdiger, A., Ruet, L., Russell, P., Ryan, K., Sakata, S., Samidi, M., Sancho De La Jordana, L., Sandberg, V., Sannibale, V., Saraf, S., Sarin, P., Sathyaprakash, B.S., Sato, S., Saulson, P.R., Savage, R., Savov, P., Schediwy, S., Schilling, R., Schnabel, R., Schofield, R., Schutz, B.F., Schwinberg, P., Scott, S.M., Searle, A.C., Sears, B., Seifert, F., Sellers, D., Sengupta, A.S., Shawhan, P., Shoemaker, D.H., Sibley, A., Sidles, J.A., Siemens, X., Sigg, D., Sinha, S., Sintes, A.M., Slagmolen, B.J.J., Slutsky, J., Smith, J.R., Smith, M.R., Somiya, K., Strain, K.A., Strom, D.M., Stuver, A., Summerscales, T.Z., Sun, K.-X., Sung, M., Sutton, P.J., Takahashi, H., Tanner, D.B., Tarallo, M., Taylor, R., Taylor, R., Thacker, J., Thorne, K.A., Thorne, K.S., Thüring, A., Tokmakov, K.V., Torres, C., Torrie, C., Traylor, G., Trias, M., Tyler, W., Ugolini, D., Ungarelli, C., Urbanek, K., Vahlbruch, H., Vallisneri, M., Van Den Broeck, C., Varvella, M., Vass, S., Vecchio, A., Veitch, J., Veitch, P., Villar, A., Vorvick, C., Vyachanin, S.P., Waldman, S.J., Wallace, L., Ward, H., Ward, R., Watts, K., Webber, D., Weidner, A., Weinert, M., Weinstein, A., Weiss, R., Wen, S., Wette, K., Whelan, J.T., Whitbeck, D.M., Whitcomb, S.E., Whiting, B.F., Wilkinson, C., Willems, P.A., Williams, L., Willke, B., Wilmut, I., Winkler, W., Wipf, C.C., Wise, S., Wiseman, A.G., Woan, G., Woods, D., Wooley, R., Worden, J., Wu, W., Yakushin, I., Yamamoto, H., Yan, Z., Yoshida, S., Yunes, N., Zanolin, M., Zhang, J., Zhang, L., Zhao, C., Zotov, N., Zucker, M., Zur Mühlen, H., Zweizig, J.","Upper limit map of a background of gravitational waves",2007,"Physical Review D - Particles, Fields, Gravitation and Cosmology","76","8", 082003,"","",,33,10.1103/PhysRevD.76.082003,"https://www.scopus.com/inward/record.uri?eid=2-s2.0-35649010892&doi=10.1103%2fPhysRevD.76.082003&partnerID=40&md5=88bd8dfffc138f142c54ff9f4ef5ee8c",Article,Scopus,2-s2.0-35649010892
"Abbott, B., Abbott, R., Adhikari, R., Agresti, J., Ajith, P., Allen, B., Amin, R., Anderson, S.B., Anderson, W.G., Arain, M., Araya, M., Armandula, H., Ashley, M., Aston, S., Aufmuth, P., Aulbert, C., Babak, S., Ballmer, S., Bantilan, H., Barish, B.C., Barker, C., Barker, D., Barr, B., Barriga, P., Barton, M.A., Bayer, K., Belczynski, K., Berukoff, S.J., Betzwieser, J., Beyersdorf, P.T., Bhawal, B., Bilenko, I.A., Billingsley, G., Biswas, R., Black, E., Blackburn, K., Blackburn, L., Blair, B., Bland, B., Bogenstahl, J., Bogue, L., Bork, R., Boschi, V., Bose, S., Brady, P.R., Braginsky, V.B., Brau, J.E., Brinkmann, M., Brooks, A., Brown, D.A., Bullington, A., Bunkowski, A., Buonanno, A., Burmeister, O., Busby, D., Butler, W.E., Byer, R.L., Cadonati, L., Cagnoli, G., Camp, J.B., Cannizzo, J., Cannon, K., Cantley, C.A., Cao, J., Cardenas, L., Carter, K., Casey, M.M., Castaldi, G., Cepeda, C., Chalkey, E., Charlton, P., Chatterji, S., Chelkowski, S., Chen, Y., Chiadini, F., Chin, D., Chin, E., Chow, J., Christensen, N., Clark, J., Cochrane, P., Cokelaer, T., Colacino, C.N., Coldwell, R., Coles, M., Conte, R., Cook, D., Corbitt, T., Coward, D., Coyne, D., Creighton, J.D.E., Creighton, T.D., Croce, R.P., Crooks, D.R.M., Cruise, A.M., Csatorday, P., Cumming, A., Cutler, C., Dalrymple, J., D'Ambrosio, E., Danzmann, K., Davies, G., Daw, E., DeBra, D., Degallaix, J., Degree, M., Delker, T., Demma, T., Dergachev, V., Desai, S., DeSalvo, R., Dhurandhar, S., Díaz, M., Dickson, J., Di Credico, A., Diederichs, G., Dietz, A., Ding, H., Doomes, E.E., Drever, R.W.P., Dumas, J.-C., Dupuis, R.J., Dwyer, J.G., Ehrens, P., Espinoza, E., Etzel, T., Evans, M., Evans, T., Fairhurst, S., Fan, Y., Fazi, D., Fejer, M.M., Finn, L.S., Fiumara, V., Fotopoulos, N., Franzen, A., Franzen, K.Y., Freise, A., Frey, R., Fricke, T., Fritschel, P., Frolov, V.V., Fyffe, M., Galdi, V., Ganezer, K.S., Garofoli, J., Gholami, I., Giaime, J.A., Giampanis, S., Giardina, K.D., Goda, K., Goetz, E., Goggin, L.M., González, G., Gossler, S., Grant, A., Gras, S., Gray, C., Gray, M., Greenhalgh, J., Gretarsson, A.M., Grosso, R., Grote, H., Grunewald, S., Guenther, M., Gustafson, R., Hage, B., Hammer, D., Hanna, C., Hanson, J., Harms, J., Harry, G., Harstad, E., Hayler, T., Heefner, J., Heinzel, G., Heng, I.S., Heptonstall, A., Heurs, M., Hewitson, M., Hild, S., Hirose, E., Hoak, D., Hosken, D., Hough, J., Howell, E., Hoyland, D., Huttner, S.H., Ingram, D., Innerhofer, E., Ito, M., Itoh, Y., Ivanov, A., Jackrel, D., Jennrich, O., Johnson, B., Johnson, W.W., Johnston, W.R., Jones, D.I., Jones, G., Jones, R., Ju, L., Kalmus, P., Kalogera, V., Kasprzyk, D., Katsavounidis, E., Kawabe, K., Kawamura, S., Kawazoe, F., Kells, W., Keppel, D.G., Khalili, F.Ya., Killow, C.J., Kim, C., King, P., Kissell, J.S., Klimenko, S., Kokeyama, K., Kondrashov, V., Kopparapu, R.K., Kozak, D., Krishnan, B., Kwee, P., Lam, P.K., Landry, M., Lantz, B., Lazzarini, A., Lee, B., Lei, M., Leiner, J., Leonhardt, V., Leonor, I., Libbrecht, K., Libson, A., Lindquist, P., Lockerbie, N.A., Logan, J., Longo, M., Lormand, M., Lubinski, M., Lück, H., Machenschalk, B., MacInnis, M., Mageswaran, M., Mailand, K., Malec, M., Mandic, V., Marano, S., Márka, S., Markowitz, J., Maros, E., Martin, I., Marx, J.N., Mason, K., Matone, L., Matta, V., Mavalvala, N., McCarthy, R., McClelland, D.E., McGuire, S.C., McHugh, M., McKenzie, K., McNabb, J.W.C., McWilliams, S., Meier, T., Melissinos, A., Mendell, G., Mercer, R.A., Meshkov, S., Messaritaki, E., Messenger, C.J., Meyers, D., Mikhailov, E., Mitra, S., Mitrofanov, V.P., Mitselmakher, G., Mittleman, R., Miyakawa, O., Mohanty, S., Moreno, G., Mossavi, K., MowLowry, C., Moylan, A., Mudge, D., Mueller, G., Mukherjee, S., Müller-Ebhardt, H., Munch, J., Murray, P., Myers, E., Myers, J., Nagano, S., Nash, T., Newton, G., Nishizawa, A., Nocera, F., Numata, K., Nutzman, P., O'Reilly, B., O'Shaughnessy, R., Ottaway, D.J., Overmier, H., Owen, B.J., Pan, Y., Papa, M.A., Parameshwaraiah, V., Parameswariah, C., Patel, P., Pedraza, M., Penn, S., Pierro, V., Pinto, I.M., Pitkin, M., Pletsch, H., Plissi, M.V., Postiglione, F., Prix, R., Quetschke, V., Raab, F., Rabeling, D., Radkins, H., Rahkola, R., Rainer, N., Rakhmanov, M., Ramsunder, M., Rawlins, K., Ray-Majumder, S., Re, V., Regimbau, T., Rehbein, H., Reid, S., Reitze, D.H., Ribichini, L., Richman, S., Riesen, R., Riles, K., Rivera, B., Robertson, N.A., Robinson, C., Robison, E.L., Roddy, S., Rodriguez, A., Rogan, A.M., Rollins, J., Romano, J.D., Romie, J., Rong, H., Route, R., Rowan, S., Rüdiger, A., Ruet, L., Russell, P., Ryan, K., Sakata, S., Samidi, M., Sancho De La Jordana, L., Sandberg, V., Sanders, G.H., Sannibale, V., Saraf, S., Sarin, P., Sathyaprakash, B., Sato, S., Saulson, P.R., Savage, R., Savov, P., Sazonov, A., Schediwy, S., Schilling, R., Schnabel, R., Schofield, R., Schutz, B.F., Schwinberg, P., Scott, S.M., Searle, A.C., Sears, B., Seifert, F., Sellers, D., Sengupta, A.S., Shawhan, P., Shoemaker, D.H., Sibley, A., Sidles, J.A., Siemens, X., Sigg, D., Sinha, S., Sintes, A.M., Slagmolen, B.J.J., Slutsky, J., Smith, J.R., Smith, M.R., Somiya, K., Strain, K.A., Strand, N.E., Strom, D.M., Stuver, A., Summerscales, T.Z., Sun, K.-X., Sung, M., Sutton, P.J., Sylvestre, J., Takahashi, H., Takamori, A., Tanner, D.B., Tarallo, M., Taylor, R., Taylor, R., Thacker, J., Thorne, K.A., Thorne, K.S., Thüring, A., Tinto, M., Tokmakov, K.V., Torres, C., Torrie, C., Traylor, G., Trias, M., Tyler, W., Ugolini, D., Ungarelli, C., Urbanek, K., Vahlbruch, H., Vallisneri, M., Van Den Broeck, C., Van Putten, M., Varvella, M., Vass, S., Vecchio, A., Veitch, J., Veitch, P., Villar, A., Vorvick, C., Vyachanin, S.P., Waldman, S.J., Wallace, L., Ward, H., Ward, R., Watts, K., Webber, D., Weidner, A., Weinert, M., Weinstein, A., Weiss, R., Wen, L., Wen, S., Wette, K., Whelan, J.T., Whitbeck, D.M., Whitcomb, S.E., Whiting, B.F., Wiley, S., Wilkinson, C., Willems, P.A., Williams, L., Willke, B., Wilmut, I., Winkler, W., Wipf, C.C., Wise, S., Wiseman, A.G., Woan, G., Woods, D., Wooley, R., Worden, J., Wu, W., Yakushin, I., Yamamoto, H., Yan, Z., Yoshida, S., Yunes, N., Zaleski, K.D., Zanolin, M., Zhang, J., Zhang, L., Zhao, C., Zotov, N., Zucker, M., Zur Mühlen, H., Zweizig, J.","Searches for periodic gravitational waves from unknown isolated sources and Scorpius X-1: Results from the second LIGO science run",2007,"Physical Review D - Particles, Fields, Gravitation and Cosmology","76","8", 082001,"","",,40,10.1103/PhysRevD.76.082001,"https://www.scopus.com/inward/record.uri?eid=2-s2.0-35649026901&doi=10.1103%2fPhysRevD.76.082001&partnerID=40&md5=ab6db92c70de94053b99e80318ff9e6e",Article,Scopus,2-s2.0-35649026901
"Abbott, B., Abbott, R., Adhikari, R., Agresti, J., Ajith, P., Allen, B., Amin, R., Anderson, S.B., Anderson, W.G., Arain, M., Araya, M., Armandula, H., Ashley, M., Aston, S., Aufmuth, P., Aulbert, C., Babak, S., Ballmer, S., Bantilan, H., Barish, B.C., Barker, C., Barker, D., Barr, B., Barriga, P., Barton, M.A., Bayer, K., Belczynski, K., Betzwieser, J., Beyersdorf, P.T., Bhawal, B., Bilenko, I.A., Billingsley, G., Biswas, R., Black, E., Blackburn, K., Blackburn, L., Blair, D., Bland, B., Bogenstahl, J., Bogue, L., Bork, R., Boschi, V., Bose, S., Brady, P.R., Braginsky, V.B., Brau, J.E., Brinkmann, M., Brooks, A., Brown, D.A., Bullington, A., Bunkowski, A., Buonanno, A., Burmeister, O., Busby, D., Byer, R.L., Cadonati, L., Cagnoli, G., Camp, J.B., Cannizzo, J., Cannon, K., Cantley, C.A., Cao, J., Cardenas, L., Casey, M.M., Castaldi, G., Cepeda, C., Chalkey, E., Charlton, P., Chatterji, S., Chelkowski, S., Chen, Y., Chiadini, F., Chin, D., Chin, E., Chow, J., Christensen, N., Clark, J., Cochrane, P., Cokelaer, T., Colacino, C.N., Coldwell, R., Conte, R., Cook, D., Corbitt, T., Coward, D., Coyne, D., Creighton, J.D.E., Creighton, T.D., Croce, R.P., Crooks, D.R.M., Cruise, A.M., Cumming, A., Dalrymple, J., D'Ambrosio, E., Danzmann, K., Davies, G., DeBra, D., Degallaix, J., Degree, M., Demma, T., Dergachev, V., Desai, S., DeSalvo, R., Dhurandhar, S., Díaz, M., Dickson, J., Di Credico, A., Diederichs, G., Dietz, A., Doomes, E.E., Drever, R.W.P., Dumas, J.-C., Dupuis, R.J., Dwyer, J.G., Ehrens, P., Espinoza, E., Etzel, T., Evans, M., Evans, T., Fairhurst, S., Fan, Y., Fazi, D., Fejer, M.M., Finn, L.S., Fiumara, V., Fotopoulos, N., Franzen, A., Franzen, K.Y., Freise, A., Frey, R., Fricke, T., Fritschel, P., Frolov, V.V., Fyffe, M., Galdi, V., Garofoli, J., Gholami, I., Giaime, J.A., Giampanis, S., Giardina, K.D., Goda, K., Goetz, E., Goggin, L., González, G., Gossler, S., Grant, A., Gras, S., Gray, C., Gray, M., Greenhalgh, J., Gretarsson, A.M., Grosso, R., Grote, H., Grunewald, S., Guenther, M., Gustafson, R., Hage, B., Hammer, D., Hanna, C., Hanson, J., Harms, J., Harry, G., Harstad, E., Hayler, T., Heefner, J., Heng, I.S., Heptonstall, A., Heurs, M., Hewitson, M., Hild, S., Hirose, E., Hoak, D., Hosken, D., Hough, J., Howell, E., Hoyland, D., Huttner, S.H., Ingram, D., Innerhofer, E., Ito, M., Itoh, Y., Ivanov, A., Jackrel, D., Johnson, B., Johnson, W.W., Jones, D.I., Jones, G., Jones, R., Ju, L., Kalmus, P., Kalogera, V., Kamat, S., Kasprzyk, D., Katsavounidis, E., Kawabe, K., Kawamura, S., Kawazoe, F., Kells, W., Keppel, D.G., Khalili, F.Ya., Kim, C., King, P., Kissel, J.S., Klimenko, S., Kokeyama, K., Kondrashov, V., Kopparapu, R.K., Kozak, D., Krishnan, B., Kwee, P., Lam, P.K., Landry, M., Lantz, B., Lazzarini, A., Lee, B., Lei, M., Leiner, J., Leonhardt, V., Leonor, I., Libbrecht, K., Lindquist, P., Lockerbie, N.A., Longo, M., Lormand, M., Lubinski, M., Lück, H., Machenschalk, B., MacInnis, M., Mageswaran, M., Mailand, K., Malec, M., Mandic, V., Marano, S., Márka, S., Markowitz, J., Maros, E., Martin, I., Marx, J.N., Mason, K., Matone, L., Matta, V., Mavalvala, N., McCarthy, R., McClelland, D.E., McGuire, S.C., McHugh, M., McKenzie, K., McNabb, J.W.C., McWilliams, S., Meier, T., Melissinos, A., Mendell, G., Mercer, R.A., Meshkov, S., Messaritaki, E., Messenger, C.J., Meyers, D., Mikhailov, E., Mitra, S., Mitrofanov, V.P., Mitselmakher, G., Mittleman, R., Miyakawa, O., Mohanty, S., Moreno, G., Mossavi, K., Mowlowry, C., Moylan, A., Mudge, D., Mueller, G., Mukherjee, S., Müller-Ebhardt, H., Munch, J., Murray, P., Myers, E., Myers, J., Nash, T., Newton, G., Nishizawa, A., Numata, K., O'Reilly, B., O'Shaughnessy, R., Ottaway, D.J., Overmier, H., Owen, B.J., Pan, Y., Papa, M.A., Parameshwaraiah, V., Patel, P., Pedraza, M., Penn, S., Pierro, V., Pinto, I.M., Pitkin, M., Pletsch, H., Plissi, M.V., Postiglione, F., Prix, R., Quetschke, V., Raab, F., Rabeling, D., Radkins, H., Rahkola, R., Rainer, N., Rakhmanov, M., Rawlins, K., Ray-Majumder, S., Re, V., Rehbein, H., Reid, S., Reitze, D.H., Ribichini, L., Riesen, R., Riles, K., Rivera, B., Robertson, N.A., Robinson, C., Robinson, E.L., Roddy, S., Rodriguez, A., Rogan, A.M., Rollins, J., Romano, J.D., Romie, J., Route, R., Rowan, S., Rüdiger, A., Ruet, L., Russell, P., Ryan, K., Sakata, S., Samidi, M., De La Jordana, L.S., Sandberg, V., Sannibale, V., Saraf, S., Sarin, P., Sathyaprakash, B.S., Sato, S., Saulson, P.R., Savage, R., Savov, P., Schediwy, S., Schilling, R., Schnabel, R., Schofield, R., Schutz, B.F., Schwinberg, P., Scott, S.M., Searle, A.C., Sears, B., Seifert, F., Sellers, D., Sengupta, A.S., Shawhan, P., Shoemaker, D.H., Sibley, A., Sidles, J.A., Siemens, X., Sigg, D., Sinha, S., Sintes, A.M., Slagmolen, B.J.J., Slutsky, J., Smith, J.R., Smith, M.R., Somiya, K., Strain, K.A., Strom, D.M., Stuver, A., Summerscales, T.Z., Sun, K.-X., Sung, M., Sutton, P.J., Takahashi, H., Tanner, D.B., Tarallo, M., Taylor, R., Taylor, R., Thacker, J., Thorne, K.A., Thorne, K.S., Thüring, A., Tinto, M., Tokmakov, K.V., Torres, C., Torrie, C., Traylor, G., Trias, M., Tyler, W., Ugolini, D., Ungarelli, C., Urbanek, K., Vahlbruch, H., Vallisneri, M., Van Den Broeck, C., Varvella, M., Vass, S., Vecchio, A., Veitch, J., Veitch, P., Villar, A., Vorvick, C., Vyachanin, S.P., Waldman, S.J., Wallace, L., Ward, H., Ward, R., Watts, K., Webber, D., Weidner, A., Weinert, M., Weinstein, A., Weiss, R., Wen, S., Wette, K., Whelan, J.T., Whitbeck, D.M., Whitcomb, S.E., Whiting, B.F., Wilkinson, C., Willems, P.A., Williams, L., Willke, B., Wilmut, I., Winkler, W., Wipf, C.C., Wise, S., Wiseman, A.G., Woan, G., Woods, D., Wooley, R., Worden, J., Wu, W., Yakushin, I., Yamamoto, H., Yan, Z., Yoshida, S., Yunes, N., Zanolin, M., Zhang, J., Zhang, L., Zhao, C., Zotov, N., Zucker, M., Zur Mühlen, H., Zweizig, J.","Search for gravitational wave radiation associated with the pulsating tail of the SGR 1806-20 hyperflare of 27 December 2004 using LIGO",2007,"Physical Review D - Particles, Fields, Gravitation and Cosmology","76","6", 062003,"","",,18,10.1103/PhysRevD.76.062003,"https://www.scopus.com/inward/record.uri?eid=2-s2.0-34848848106&doi=10.1103%2fPhysRevD.76.062003&partnerID=40&md5=517dbd1c4f4bae8b73bf6177dd5fff5d",Article,Scopus,2-s2.0-34848848106
"Abbott, B., Abbott, R., Adhikari, R., Agresti, J., Ajith, P., Allen, B., Amin, R., Anderson, S.B., Anderson, W.G., Arain, M., Araya, M., Armandula, H., Ashley, M., Aston, S., Aufmuth, P., Aulbert, C., Babak, S., Ballmer, S., Bantilan, H., Barish, B.C., Barker, C., Barker, D., Barr, B., Barriga, P., Barton, M.A., Bayer, K., Belczynski, K., Betzwieser, J., Beyersdorf, P.T., Bhawal, B., Bilenko, I.A., Billingsley, G., Biswas, R., Black, E., Blackburn, K., Blackburn, L., Blair, D., Bland, B., Bogenstahl, J., Bogue, L., Bork, R., Boschi, V., Bose, S., Brady, P.R., Braginsky, V.B., Brau, J.E., Brinkmann, M., Brooks, A., Brown, D.A., Bullington, A., Bunkowski, A., Buonanno, A., Burmeister, O., Busby, D., Butler, W.E., Byer, R.L., Cadonati, L., Cagnoli, G., Camp, J.B., Cannizzo, J., Cannon, K., Cantley, C.A., Cao, J., Cardenas, L., Carter, K., Casey, M.M., Castaldi, G., Cepeda, C., Chalkey, E., Charlton, P., Chatterji, S., Chelkowski, S., Chen, Y., Chiadini, F., Chin, D., Chin, E., Chow, J., Christensen, N., Clark, J., Cochrane, P., Cokelaer, T., Colacino, C.N., Coldwell, R., Conte, R., Cook, D., Corbitt, T., Coward, D., Coyne, D., Creighton, J.D.E., Creighton, T.D., Croce, R.P., Crooks, D.R.M., Cruise, A.M., Cumming, A., Dalrymple, J., D'Ambrosio, E., Danzmann, K., Davies, G., DeBra, D., Degallaix, J., Degree, M., Demma, T., Dergachev, V., Desai, S., DeSalvo, R., Dhurandhar, S., Díaz, M., Dickson, J., Di Credico, A., Diederichs, G., Dietz, A., Doomes, E.E., Drever, R.W.P., Dumas, J.-C., Dupuis, R.J., Dwyer, J.G., Ehrens, P., Espinoza, E., Etzel, T., Evans, M., Evans, T., Fairhurst, S., Fan, Y., Fazi, D., Fejer, M.M., Finn, L.S., Fiumara, V., Fotopoulos, N., Franzen, A., Franzen, K.Y., Freise, A., Frey, R., Fricke, T., Fritschel, P., Frolov, V.V., Fyffe, M., Galdi, V., Ganezer, K.S., Garofoli, J., Gholami, I., Giaime, J.A., Giampanis, S., Giardina, K.D., Goda, K., Goetz, E., Goggin, L., González, G., Gossler, S., Grant, A., Gras, S., Gray, C., Gray, M., Greenhalgh, J., Gretarsson, A.M., Grosso, R., Grote, H., Grunewald, S., Guenther, M., Gustafson, R., Hage, B., Hammer, D., Hanna, C., Hanson, J., Harms, J., Harry, G., Harstad, E., Hayler, T., Heefner, J., Heng, I.S., Heptonstall, A., Heurs, M., Hewitson, M., Hild, S., Hirose, E., Hoak, D., Hosken, D., Hough, J., Howell, E., Hoyland, D., Huttner, S.H., Ingram, D., Innerhofer, E., Ito, M., Itoh, Y., Ivanov, A., Jackrel, D., Johnson, B., Johnson, W.W., Jones, D.I., Jones, G., Jones, R., Ju, L., Kalmus, P., Kalogera, V., Kasprzyk, D., Katsavounidis, E., Kawabe, K., Kawamura, S., Kawazoe, F., Kells, W., Keppel, D.G., Khalili, F.Ya., Kim, C., King, P., Kissel, J.S., Klimenko, S., Kokeyama, K., Kondrashov, V., Kopparapu, R.K., Kozak, D., Krishnan, B., Kwee, P., Lam, P.K., Landry, M., Lantz, B., Lazzarini, A., Lee, B., Lei, M., Leiner, J., Leonhardt, V., Leonor, I., Libbrecht, K., Lindquist, P., Lockerbie, N.A., Longo, M., Lormand, M., Lubinski, M., Lück, H., Machenschalk, B., MacInnis, M., Mageswaran, M., Mailand, K., Malec, M., Mandic, V., Marano, S., Márka, S., Markowitz, J., Maros, E., Martin, I., Marx, J.N., Mason, K., Matone, L., Matta, V., Mavalvala, N., McCarthy, R., McClelland, D.E., McGuire, S.C., McHugh, M., McKenzie, K., McNabb, J.W.C., McWilliams, S., Meier, T., Melissinos, A., Mendell, G., Mercer, R.A., Meshkov, S., Messaritaki, E., Messenger, C.J., Meyers, D., Mikhailov, E., Mitra, S., Mitrofanov, V.P., Mitselmakher, G., Mittleman, R., Miyakawa, O., Mohanty, S., Moreno, G., Mossavi, K., MowLowry, C., Moylan, A., Mudge, D., Mueller, G., Mukherjee, S., Müller-Ebhardt, H., Munch, J., Murray, P., Myers, E., Myers, J., Nash, T., Newton, G., Nishizawa, A., Nocera, F., Numata, K., O'Reilly, B., O'Shaughnessy, R., Ottaway, D.J., Overmier, H., Owen, B.J., Pan, Y., Papa, M.A., Parameshwaraiah, V., Parameswariah, C., Patel, P., Pedraza, M., Penn, S., Pierro, V., Pinto, I.M., Pitkin, M., Pletsch, H., Plissi, M.V., Postiglione, F., Prix, R., Quetschke, V., Raab, F., Rabeling, D., Radkins, H., Rahkola, R., Rainer, N., Rakhmanov, M., Rawlins, K., Ray-Majumder, S., Re, V., Regimbau, T., Rehbein, H., Reid, S., Reitze, D.H., Ribichini, L., Riesen, R., Riles, K., Rivera, B., Robertson, N.A., Robinson, C., Robinson, E.L., Roddy, S., Rodriguez, A., Rogan, A.M., Rollins, J., Romano, J.D., Romie, J., Route, R., Rowan, S., Rüdiger, A., Ruet, L., Russell, P., Ryan, K., Sakata, S., Samidi, M., De La Jordana, L.S., Sandberg, V., Sanders, G.H., Sannibale, V., Saraf, S., Sarin, P., Sathyaprakash, B.S., Sato, S., Saulson, P.R., Savage, R., Savov, P., Sazonov, A., Schediwy, S., Schilling, R., Schnabel, R., Schofield, R., Schutz, B.F., Schwinberg, P., Scott, S.M., Searle, A.C., Sears, B., Seifert, F., Sellers, D., Sengupta, A.S., Shawhan, P., Shoemaker, D.H., Sibley, A., Sidles, J.A., Siemens, X., Sigg, D., Sinha, S., Sintes, A.M., Slagmolen, B.J.J., Slutsky, J., Smith, J.R., Smith, M.R., Somiya, K., Strain, K.A., Strom, D.M., Stuver, A., Summerscales, T.Z., Sun, K.-X., Sung, M., Sutton, P.J., Takahashi, H., Tanner, D.B., Tarallo, M., Taylor, R., Taylor, R., Thacker, J., Thorne, K.A., Thorne, K.S., Thüring, A., Tokmakov, K.V., Torres, C., Torrie, C., Traylor, G., Trias, M., Tyler, W., Ugolini, D., Ungarelli, C., Urbanek, K., Vahlbruch, H., Vallisneri, M., Van Den Broeck, C., Van Putten, M., Varvella, M., Vass, S., Vecchio, A., Veitch, J., Veitch, P., Villar, A., Vorvick, C., Vyachanin, S.P., Waldman, S.J., Wallace, L., Ward, H., Ward, R., Watts, K., Webber, D., Weidner, A., Weinert, M., Weinstein, A., Weiss, R., Wen, S., Wette, K., Whelan, J.T., Whitbeck, D.M., Whitcomb, S.E., Whiting, B.F., Wiley, S., Wilkinson, C., Willems, P.A., Williams, L., Willke, B., Wilmut, I., Winkler, W., Wipf, C.C., Wise, S., Wiseman, A.G., Woan, G., Woods, D., Wooley, R., Worden, J., Wu, W., Yakushin, I., Yamamoto, H., Yan, Z., Yoshida, S., Yunes, N., Zanolin, M., Zhang, J., Zhang, L., Zhao, C., Zotov, N., Zucker, M., Zur Mühlen, H., Zweizig, J., Kramer, M., Lyne, A.G.","Upper limits on gravitational wave emission from 78 radio pulsars",2007,"Physical Review D - Particles, Fields, Gravitation and Cosmology","76","4", 042001,"","",,100,10.1103/PhysRevD.76.042001,"https://www.scopus.com/inward/record.uri?eid=2-s2.0-34547652797&doi=10.1103%2fPhysRevD.76.042001&partnerID=40&md5=cadae9831383cf345b8c5e376ab5138a",Article,Scopus,2-s2.0-34547652797
"Abbott, B., Abbott, R., Adhikari, R., Agresti, J., Ajith, P., Allen, B., Amin, R., Anderson, S.B., Anderson, W.G., Arain, M., Araya, M., Armandula, H., Ashley, M., Aston, S., Aufmuth, P., Aulbert, C., Babak, S., Ballmer, S., Bantilan, H., Barish, B.C., Barker, C., Barker, D., Barr, B., Barriga, P., Barton, M.A., Bayer, K., Belczynski, K., Betzwieser, J., Beyersdorf, P.T., Bhawal, B., Bilenko, I.A., Billingsley, G., Biswas, R., Black, E., Blackburn, K., Blackburn, L., Blair, D., Bland, B., Bogenstahl, J., Bogue, L., Bork, R., Boschi, V., Bose, S., Brady, P.R., Braginsky, V.B., Brau, J.E., Brinkmann, M., Brooks, A., Brown, D.A., Bullington, A., Bunkowski, A., Buonanno, A., Burgamy, M., Burmeister, O., Busby, D., Byer, R.L., Cadonati, L., Cagnoli, G., Camp, J.B., Cannizzo, J., Cannon, K., Cantley, C.A., Cao, J., Cardenas, L., Casey, M.M., Castaldi, G., Cepeda, C., Chalkey, E., Charlton, P., Chatterji, S., Chelkowski, S., Chen, Y., Chiadini, F., Chin, D., Chin, E., Chow, J., Christensen, N., Clark, J., Cochrane, P., Cokelaer, T., Colacino, C.N., Coldwell, R., Conte, R., Cook, D., Corbitt, T., Coward, D., Coyne, D., Creighton, J.D.E., Creighton, T.D., Croce, R.P., Crooks, D.R.M., Cruise, A.M., Cumming, A., Dalrymple, J., D'Ambrosio, E., Danzmann, K., Davies, G., DeBra, D., Degallaix, J., Degree, M., Demma, T., Dergachev, V., Desai, S., DeSalvo, R., Dhurandhar, S., Diaz, M., Dickson, J., Credico, A.D., Diederichs, G., Dietz, A., Doomes, E.E., Drever, R.W.P., Dumas, J.-C., Dupuis, R.J., Dwyer, J.G., Ehrens, P., Espinoza, E., Etzel, T., Evans, M., Evans, T., Fairhurst, S., Fan, Y., Fazi, D., Fejer, M.M., Finn, L.S., Fiumara, V., Fotopoulos, N., Franzen, A., Franzen, K.Y., Freise, A., Frey, R., Fricke, T., Fritschel, P., Frolov, V.V., Fyffe, M., Galdi, V., Garofoli, J., Gholami, I., Giaime, J.A., Giampanis, S., Giardina, K.D., Goda, K., Goetz, E., Goggin, L., Gonzalez, G., Gossler, S., Grant, A., Gras, S., Gray, C., Gray, M., Greenhalgh, J., Gretarsson, A.M., Grosso, R., Grote, H., Grunewald, S., Guenther, M., Gustafson, R., Hage, B., Hamilton, W.O., Hammer, D., Hanna, C., Hanson, J., Harms, J., Harry, G., Harstad, E., Hayler, T., Heefner, J., Heng, I.S., Heptonstall, A., Heurs, M., Hewitson, M., Hild, S., Hirose, E., Hoak, D., Hosken, D., Hough, J., Howell, E., Hoyland, D., Huttner, S.H., Ingram, D., Innerhofer, E., Ito, M., Itoh, Y., Ivanov, A., Jackrel, D., Johnson, B., Johnson, W.W., Jones, D.I., Jones, G., Jones, R., Ju, L., Kalmus, P., Kalogera, V., Kasprzyk, D., Katsavounidis, E., Kawabe, K., Kawamura, S., Kawazoe, F., Kells, W., Keppel, D.G., Khalili, F.Ya., Kim, C., King, P., Kissel, J.S., Klimenko, S., Kokeyama, K., Kondrashov, V., Kopparapu, R.K., Kozak, D., Krishnan, B., Kwee, P., Lam, P.K., Landry, M., Lantz, B., Lazzarini, A., Lee, B., Lei, M., Leiner, J., Leonhardt, V., Leonor, I., Libbrecht, K., Lindquist, P., Lockerbie, N.A., Longo, M., Lormand, M., Lubinski, M., Luck, H., Machenschalk, B., MacInnis, M., Mageswaran, M., Mailand, K., Malec, M., Mandic, V., Marano, S., Marka, S., Markowitz, J., Maros, E., Martin, I., Marx, J.N., Mason, K., Matone, L., Matta, V., Mavalvala, N., McCarthy, R., McCaulley, B.J., McClelland, D.E., McGuire, S.C., McHugh, M., McKenzie, K., McNabb, J.W.C., McWilliams, S., Meier, T., Melissinos, A., Mendell, G., Mercer, R.A., Meshkov, S., Messaritaki, E., Messenger, C.J., Meyers, D., Mikhailov, E., Miller, P., Mitra, S., Mitrofanov, V.P., Mitselmakher, G., Mittleman, R., Miyakawa, O., Mohanty, S., Moody, V., Moreno, G., Mossavi, K., MowLowry, C., Moylan, A., Mudge, D., Mueller, G., Mukherjee, S., Muller-Ebhardt, H., Munch, J., Murray, P., Myers, E., Myers, J., Nash, T., Newton, G., Nishizawa, A., Numata, K., O'Reilly, B., O'Shaughnessy, R., Ottaway, D.J., Overmier, H., Owen, B.J., Paik, H.-J., Pan, Y., Papa, M.A., Parameshwaraiah, V., Patel, P., Pedraza, M., Penn, S., Pierro, V., Pinto, I.M., Pitkin, M., Pletsch, H., Plissi, M.V., Postiglione, F., Prix, R., Quetschke, V., Raab, F., Rabeling, D., Radkins, H., Rahkola, R., Rainer, N., Rakhmanov, M., Ramsuder, M., Rawlins, K., Ray-Majumder, S., Re, V., Rehbein, H., Reid, S., Reitze, D.H., Ribichini, L., Riesen, R., Riles, K., Rivera, B., Robertson, N.A., Robinson, C., Robinson, E.L., Roddy, S., Rodriguez, A., Rogan, A.M., Rollins, J., Romano, J.D., Romie, J., Route, R., Rowan, S., Rudiger, A., Ruet, L., Russell, P., Ryan, K., Sakata, S., Samidi, M., De La Jordana, L.S., Sandberg, V., Sannibale, V., Saraf, S., Sarin, P., Sathyaprakash, B.S., Sato, S., Saulson, P.R., Savage, R., Savov, P., Schediwy, S., Schilling, R., Schnabel, R., Schofield, R., Schutz, B.F., Schwinberg, P., Scott, S.M., Searle, A.C., Sears, B., Seifert, F., Sellers, D., Sengupta, A.S., Shawhan, P., Shoemaker, D.H., Sibley, A., Sidles, J.A., Siemens, X., Sigg, D., Sinha, S., Sintes, A.M., Slagmolen, B.J.J., Slutsky, J., Smith, J.R., Smith, M.R., Somiya, K., Strain, K.A., Strom, D.M., Stuver, A., Summerscales, T.Z., Sun, K.-X., Sung, M., Sutton, P.J., Takahashi, H., Tanner, D.B., Tarallo, M., Taylor, R., Taylor, R., Thacker, J., Thorne, K.A., Thorne, K.S., Thuring, A., Tokmakov, K.V., Torres, C., Torrie, C., Traylor, G., Trias, M., Tyler, W., Ugolini, D., Ungarelli, C., Urbanek, K., Vahlbruch, H., Vallisneri, M., Broeck, C.V.D., Varvella, M., Vass, S., Vecchio, A., Veitch, J., Veitch, P., Villar, A., Vorvick, C., Vyachanin, S.P., Waldman, S.J., Wallace, L., Ward, H., Ward, R., Watts, K., Weaver, J., Webber, D., Weber, A., Weidner, A., Weinert, M., Weinstein, A., Weiss, R., Wen, S., Wette, K., Whelan, J.T., Whitbeck, D.M., Whitcomb, S.E., Whiting, B.F., Wilkinson, C., Willems, P.A., Williams, L., Willke, B., Wilmut, I., Winkler, W., Wipf, C.C., Wise, S., Wiseman, A.G., Woan, G., Woods, D., Wooley, R., Worden, J., Wu, W., Yakushin, I., Yamamoto, H., Yan, Z., Yoshida, S., Yunes, N., Zanolin, M., Zhang, J., Zhang, L., Zhang, P., Zhao, C., Zotov, N., Zucker, M., Zur Muhlen, H., Zweizig, J.","Erratum: First cross-correlation analysis of interferometric and resonant-bar gravitational-wave data for stochastic backgrounds (Physical Review D - Particles, Fields, Gravitation and Cosmology (2007) 76, (022001))",2007,"Physical Review D - Particles, Fields, Gravitation and Cosmology","76","2", 029905,"","",,,10.1103/PhysRevD.76.029905,"https://www.scopus.com/inward/record.uri?eid=2-s2.0-34547579222&doi=10.1103%2fPhysRevD.76.029905&partnerID=40&md5=ecd0870b7bbe2fa1cfb511c4a7081336",Erratum,Scopus,2-s2.0-34547579222
"Abbott, B., Abbott, R., Adhikari, R., Agresti, J., Ajith, P., Allen, B., Amin, R., Anderson, S.B., Anderson, W.G., Arain, M., Araya, M., Armandula, H., Ashley, M., Aston, S., Aufmuth, P., Aulbert, C., Babak, S., Ballmer, S., Bantilan, H., Barish, B.C., Barker, C., Barker, D., Barr, B., Barriga, P., Barton, M.A., Bayer, K., Belczynski, K., Betzwieser, J., Beyersdorf, P.T., Bhawal, B., Bilenko, I.A., Billingsley, G., Biswas, R., Black, E., Blackburn, K., Blackburn, L., Blair, D., Bland, B., Bogenstahl, J., Bogue, L., Bork, R., Boschi, V., Bose, S., Brady, P.R., Braginsky, V.B., Brau, J.E., Brinkmann, M., Brooks, A., Brown, D.A., Bullington, A., Bunkowski, A., Buonanno, A., Burgamy, M., Burmeister, O., Busby, D., Byer, R.L., Cadonati, L., Cagnoli, G., Camp, J.B., Cannizzo, J., Cannon, K., Cantley, C.A., Cao, J., Cardenas, L., Casey, M.M., Castaldi, G., Cepeda, C., Chalkey, E., Charlton, P., Chatterji, S., Chelkowski, S., Chen, Y., Chiadini, F., Chin, D., Chin, E., Chow, J., Christensen, N., Clark, J., Cochrane, P., Cokelaer, T., Colacino, C.N., Coldwell, R., Conte, R., Cook, D., Corbitt, T., Coward, D., Coyne, D., Creighton, J.D.E., Creighton, T.D., Croce, R.P., Crooks, D.R.M., Cruise, A.M., Cumming, A., Dalrymple, J., D'Ambrosio, E., Danzmann, K., Davies, G., DeBra, D., Degallaix, J., Degree, M., Demma, T., Dergachev, V., Desai, S., DeSalvo, R., Dhurandhar, S., Díaz, M., Dickson, J., Di Credico, A., Diederichs, G., Dietz, A., Doomes, E.E., Drever, R.W.P., Dumas, J.-C., Dupuis, R.J., Dwyer, J.G., Ehrens, P., Espinoza, E., Etzel, T., Evans, M., Evans, T., Fairhurst, S., Fan, Y., Fazi, D., Fejer, M.M., Finn, L.S., Fiumara, V., Fotopoulos, N., Franzen, A., Franzen, K.Y., Freise, A., Frey, R., Fricke, T., Fritschel, P., Frolov, V.V., Fyffe, M., Galdi, V., Garofoli, J., Gholami, I., Giaime, J.A., Giampanis, S., Giardina, K.D., Goda, K., Goetz, E., Goggin, L., González, G., Gossler, S., Grant, A., Gras, S., Gray, C., Gray, M., Greenhalgh, J., Gretarsson, A.M., Grosso, R., Grote, H., Grunewald, S., Guenther, M., Gustafson, R., Hage, B., Hamilton, W.O., Hammer, D., Hanna, C., Hanson, J., Harms, J., Harry, G., Harstad, E., Hayler, T., Heefner, J., Heng, I.S., Heptonstall, A., Heurs, M., Hewitson, M., Hild, S., Hirose, E., Hoak, D., Hosken, D., Hough, J., Howell, E., Hoyland, D., Huttner, S.H., Ingram, D., Innerhofer, E., Ito, M., Itoh, Y., Ivanov, A., Jackrel, D., Johnson, B., Johnson, W.W., Jones, D.I., Jones, G., Jones, R., Ju, L., Kalmus, P., Kalogera, V., Kasprzyk, D., Katsavounidis, E., Kawabe, K., Kawamura, S., Kawazoe, F., Kells, W., Keppel, D.G., Khalili, F.Ya., Kim, C., King, P., Kissel, J.S., Klimenko, S., Kokeyama, K., Kondrashov, V., Kopparapu, R.K., Kozak, D., Krishnan, B., Kwee, P., Lam, P.K., Landry, M., Lantz, B., Lazzarini, A., Lee, B., Lei, M., Leiner, J., Leonhardt, V., Leonor, I., Libbrecht, K., Lindquist, P., Lockerbie, N.A., Longo, M., Lormand, M., Lubinski, M., Lück, H., Machenschalk, B., MacInnis, M., Mageswaran, M., Mailand, K., Malec, M., Mandic, V., Marano, S., Márka, S., Markowitz, J., Maros, E., Martin, I., Marx, J.N., Mason, K., Matone, L., Matta, V., Mavalvala, N., McCarthy, R., McCaulley, B.J., McClelland, D.E., McGuire, S.C., McHugh, M., McKenzie, K., McNabb, J.W.C., McWilliams, S., Meier, T., Melissinos, A., Mendell, G., Mercer, R.A., Meshkov, S., Messaritaki, E., Messenger, C.J., Meyers, D., Mikhailov, E., Miller, P., Mitra, S., Mitrofanov, V.P., Mitselmakher, G., Mittleman, R., Miyakawa, O., Mohanty, S., Moody, V., Moreno, G., Mossavi, K., Mowlowry, C., Moylan, A., Mudge, D., Mueller, G., Mukherjee, S., Müller-Ebhardt, H., Munch, J., Murray, P., Myers, E., Myers, J., Nash, T., Nettles, D., Newton, G., Nishizawa, A., Numata, K., O'Reilly, B., O'Shaughnessy, R., Ottaway, D.J., Overmier, H., Owen, B.J., Paik, H.-J., Pan, Y., Papa, M.A., Parameshwaraiah, V., Patel, P., Pedraza, M., Penn, S., Pierro, V., Pinto, I.M., Pitkin, M., Pletsch, H., Plissi, M.V., Postiglione, F., Prix, R., Quetschke, V., Raab, F., Rabeling, D., Radkins, H., Rahkola, R., Rainer, N., Rakhmanov, M., Ramsunder, M., Rawlins, K., Ray-Majumder, S., Re, V., Rehbein, H., Reid, S., Reitze, D.H., Ribichini, L., Riesen, R., Riles, K., Rivera, B., Robertson, N.A., Robinson, C., Robinson, E.L., Roddy, S., Rodriguez, A., Rogan, A.M., Rollins, J., Romano, J.D., Romie, J., Route, R., Rowan, S., Rüdiger, A., Ruet, L., Russell, P., Ryan, K., Sakata, S., Samidi, M., Sancho De La Jordana, L., Sandberg, V., Sannibale, V., Saraf, S., Sarin, P., Sathyaprakash, B.S., Sato, S., Saulson, P.R., Savage, R., Savov, P., Schediwy, S., Schilling, R., Schnabel, R., Schofield, R., Schutz, B.F., Schwinberg, P., Scott, S.M., Searle, A.C., Sears, B., Seifert, F., Sellers, D., Sengupta, A.S., Shawhan, P., Shoemaker, D.H., Sibley, A., Sidles, J.A., Siemens, X., Sigg, D., Sinha, S., Sintes, A.M., Slagmolen, B.J.J., Slutsky, J., Smith, J.R., Smith, M.R., Somiya, K., Strain, K.A., Strom, D.M., Stuver, A., Summerscales, T.Z., Sun, K.-X., Sung, M., Sutton, P.J., Takahashi, H., Tanner, D.B., Tarallo, M., Taylor, R., Taylor, R., Thacker, J., Thorne, K.A., Thorne, K.S., Thüring, A., Tokmakov, K.V., Torres, C., Torrie, C., Traylor, G., Trias, M., Tyler, W., Ugolini, D., Ungarelli, C., Urbanek, K., Vahlbruch, H., Vallisneri, M., Van Den Broeck, C., Varvella, M., Vass, S., Vecchio, A., Veitch, J., Veitch, P., Villar, A., Vorvick, C., Vyachanin, S.P., Waldman, S.J., Wallace, L., Ward, H., Ward, R., Watts, K., Weaver, J., Webber, D., Weber, A., Weidner, A., Weinert, M., Weinstein, A., Weiss, R., Wen, S., Wette, K., Whelan, J.T., Whitbeck, D.M., Whitcomb, S.E., Whiting, B.F., Wilkinson, C., Willems, P.A., Williams, L., Willke, B., Wilmut, I., Winkler, W., Wipf, C.C., Wise, S., Wiseman, A.G., Woan, G., Woods, D., Wooley, R., Worden, J., Wu, W., Yakushin, I., Yamamoto, H., Yan, Z., Yoshida, S., Yunes, N., Zanolin, M., Zhang, J., Zhang, L., Zhang, P., Zhao, C., Zotov, N., Zucker, M., Zur Mühlen, H., Zweizig, J.","First cross-correlation analysis of interferometric and resonant-bar gravitational-wave data for stochastic backgrounds",2007,"Physical Review D - Particles, Fields, Gravitation and Cosmology","76","2", 022001,"","",,30,10.1103/PhysRevD.76.022001,"https://www.scopus.com/inward/record.uri?eid=2-s2.0-34447268891&doi=10.1103%2fPhysRevD.76.022001&partnerID=40&md5=1a5d6f5ad1509ab1bdc624e09fa93ecb",Article,Scopus,2-s2.0-34447268891
"Keidl, T.S., Friedman, J.L., Wiseman, A.G.","Finding fields and self-force in a gauge appropriate to separable wave equations",2007,"Physical Review D - Particles, Fields, Gravitation and Cosmology","75","12", 124009,"","",,30,10.1103/PhysRevD.75.124009,"https://www.scopus.com/inward/record.uri?eid=2-s2.0-34347377885&doi=10.1103%2fPhysRevD.75.124009&partnerID=40&md5=43328d5c12018d1fab1ef369afb9c056",Article,Scopus,2-s2.0-34347377885
"Abbott, B., Abbott, R., Adhikari, R., Agresti, J., Ajith, P., Allen, B., Amin, R., Anderson, S.B., Anderson, W.G., Araya, M., Armandula, H., Ashley, M., Aston, S., Aulbert, C., Babak, S., Ballmer, S., Barish, B.C., Barker, C., Barker, D., Barr, B., Barriga, P., Barton, M.A., Bayer, K., Belczynski, K., Betzwieser, J., Beyersdorf, P., Bhawal, B., Bilenko, I.A., Billingsley, G., Black, E., Blackburn, K., Blackburn, L., Blair, D., Bland, B., Bogue, L., Bork, R., Böse, S., Brady, P.R., Braginsky, V.B., Brau, J.E., Brooks, A., Brown, D.A., Bullington, A., Bunkowski, A., Buonanno, A., Burman, R., Busby, D., Byer, R.L., Cadonati, L., Cagnoli, G., Camp, J.B., Cannizzo, J., Cannon, K., Cantley, C.A., Cao, J., Cardenas, L., Casey, M.M., Cepeda, C., Charlton, P., Chatterji, S., Chelkowski, S., Chen, Y., Chin, D., Chin, E., Chow, J., Christensen, N., Cokelaer, T., Colacino, C.N., Coldwell, R., Cook, D., Corbitt, T., Coward, D., Coyne, D., Creighton, J.D.E., Creighton, T.D., Crooks, D.R.M., Cruise, A.M., Cumming, A., Cutler, C., Dalrymple, J., D'Ambrosio, E., Danzmann, K., Davies, G., De Vine, G., DeBra, D., Degallaix, J., Dergachev, V., Desai, S., DeSalvo, R., Dhurandar, S., Di Credico, A., Díaz, M., Dickson, J., Diederichs, G., Dietz, A., Doomes, E.E., Drever, R.W.P., Dumas, J.-C., Dupuis, R.J., Ehrens, P., Elliffe, E., Etzel, T., Evans, M., Evans, T., Fairhurst, S., Fan, Y., Fejer, M.M., Finn, L.S., Fotopoulos, N., Franzen, A., Franzen, K.Y., Frey, R.E., Fricke, T., Fritschel, P., Frolov, V.V., Fyffe, M., Garofoli, J., Gholami, I., Giaime, J.A., Giampanis, S., Goda, K., Goetz, E., Goggin, L., González, G., Gossler, S., Grant, A., Gras, S., Gray, C., Gray, M., Greenhalgh, J., Gretarsson, A.M., Grimmett, D., Grosso, R., Grote, H., Grunewald, S., Guenther, M., Gustafson, R., Hage, B., Hanna, C., Hanson, J., Hardham, C., Harms, J., Harry, G., Harstad, E., Hayler, T., Heefner, J., Heng, I.S., Heptonstall, A., Heurs, M., Hewitson, M., Hild, S., Hindman, N., Hirose, E., Hoak, D., Hoang, P., Hosken, D., Hough, J., Howell, E., Hoyland, D., Hua, W., Huttner, S., Ingram, D., Ito, M., Itoh, Y., Ivanov, A., Jackrel, D., Johnson, B., Johnson, W.W., Jones, D.I., Jones, G., Jones, R., Ju, L., Kalmus, P., Kalogera, V., Kasprzyk, D., Katsavounidis, E., Kawabe, K., Kawamura, S., Kawazoe, F., Kells, W., Khalili, F.Ya., Khan, A., Kim, C., King, P., Kumenko, S., Kokeyama, K., Kondrashov, V., Koranda, S., Kozak, D., Krishnan, B., Kwee, P., Lam, P.K., Landry, M., Lantz, B., Lazzarini, A., Lee, B., Lei, M., Leonhardt, V., Leonor, I., Libbrecht, K., Lindquist, P., Lockerbie, N.A., Lormand, M., Lubinski, M., Lück, H., Machenschalk, B., MacInnis, M., Mageswaran, M., Mailand, K., Malec, M., Mandic, V., Marka, S., Markowitz, J., Maros, E., Martin, I., Marx, J.N., Mason, K., Matone, L., Mavalvala, N., McCarthy, R., McClelland, D.E., McGuire, S.C., McHugh, M., McKenzie, K., McNabb, J.W.C., Meier, T., Melissinos, A., Mendell, G., Mercer, R.A., Meshkov, S., Messaritaki, E., Messenger, C.J., Meyers, D., Mikhailov, E., Mitra, S., Mitrofanov, V.P., Mitselmakher, G., Mittleman, R., Miyakawa, O., Mohanty, S., Moreno, G., Mossavi, K., MowLowry, C., Moylan, A., Mudge, D., Mueller, G., Müller-Ebhardt, H., Mukherjee, S., Munch, J., Murray, P., Myers, E., Myers, J., Newton, G., Numata, K., O'Reilly, B., O'Shaughnessy, R., Ottaway, D.J., Overmier, H., Owen, B.J., Pan, Y., Papa, M.A., Parameshwaraiah, V., Pedraza, M., Penn, S., Pitkin, M., Plissi, M.V., Prix, R., Quetschke, V., Raab, F., Rabeling, D., Radkins, H., Rahkola, R., Rakhmanov, M., Rawlins, K., Ray-Majumder, S., Re, V., Rehbein, H., Reid, S., Reitze, D.H., Ribichini, L., Riesen, R., Riles, K., Rivera, B., Robertson, D.I., Robertson, N.A., Robinson, C., Roddy, S., Rodriguez, A., Rogan, A.M., Rollins, J., Romano, J.D., Romie, J., Route, R., Rowan, S., Rüdiger, A., Ruet, L., Russell, P., Ryan, K., Sakata, S., Samidi, M., De La Jordana, L.S., Sandberg, V., Sannibale, V., Saraf, S., Sarin, P., Sathyaprakash, B.S., Sato, S., Saulson, P.R., Savage, R., Schediwy, S., Schilling, R., Schnabel, R., Schofield, R., Schutz, B.F., Schwinberg, P., Scott, S.M., Seader, S.E., Searle, A.C., Sears, B., Seifert, F., Sellers, D., Sengupta, A.S., Shawhan, P., Sheard, B., Shoemaker, D.H., Sibley, A., Siemens, X., Sigg, D., Sintes, A.M., Slagmolen, B., Slutsky, J., Smith, J., Smith, M.R., Sneddon, P., Somiya, K., Speake, C., Spjeld, O., Strain, K.A., Strom, D.M., Stuver, A., Summerscales, T., Sun, K., Sung, M., Sutton, P.J., Tanner, D.B., Tarallo, M., Taylor, R., Taylor, R., Thacker, J., Thorne, K.A., Thorne, K.S., Thüring, A., Tokmakov, K.V., Torres, C., Torrie, C., Traylor, G., Trias, M., Tyler, W., Ugolini, D., Ungarelli, C., Vahlbruch, H., Vallisneri, M., Varvella, M., Vass, S., Vecchio, A., Veitch, J., Veitch, P., Vigeland, S., Villar, A., Vorvick, C., Vyachanin, S.P., Waldman, S.J., Wallace, L., Ward, H., Ward, R., Watts, K., Webber, D., Weidner, A., Weinstein, A., Weiss, R., Wen, S., Wette, K., Whelan, J.T., Whitbeck, D.M., Whitcomb, S.E., Whiting, B.F., Wilkinson, C., Willems, P.A., Willke, B., Wilmut, I., Winkler, W., Wipf, C.C., Wise, S., Wiseman, A.G., Woan, G., Woods, D., Wooley, R., Worden, J., Wu, W., Yakushin, I., Yamamoto, H., Yan, Z., Yoshida, S., Yunes, N., Zanolin, M., Zhang, L., Zhao, C., Zotov, N., Zucker, M., Zur Mühlen, H., Zweizig, J.","Searching for a stochastic background of gravitational waves with the laser interferometer gravitational-wave observatory",2007,"Astrophysical Journal","659","2 I",,"918","930",,104,10.1086/511329,"https://www.scopus.com/inward/record.uri?eid=2-s2.0-34248341844&doi=10.1086%2f511329&partnerID=40&md5=f353250fbed2fd0be5101a983e7a90d1",Article,Scopus,2-s2.0-34248341844
"Cho, D.H.J., Tsokaros, A.A., Wiseman, A.G.","The self-force on a non-minimally coupled static scalar charge outside a Schwarzschild black hole",2007,"Classical and Quantum Gravity","24","5", 001,"1035","1048",,7,10.1088/0264-9381/24/5/001,"https://www.scopus.com/inward/record.uri?eid=2-s2.0-33947672907&doi=10.1088%2f0264-9381%2f24%2f5%2f001&partnerID=40&md5=517bf1e90210b320ecd3e489a811933a",Article,Scopus,2-s2.0-33947672907
"Abbott, B., Abbott, R., Adhikari, R., Ageev, A., Agresti, J., Ajith, P., Allen, B., Allen, J., Amin, R., Anderson, S.B., Anderson, W.G., Araya, M., Armandula, H., Ashley, M., Asiri, F., Aufmuth, P., Aulbert, C., Babak, S., Balasubramanian, R., Ballmer, S., Barish, B.C., Barker, C., Barker, D., Barnes, M., Barr, B., Barton, M.A., Bayer, K., Beausoleil, R., Belczynski, K., Bennett, R., Berukoff, S.J., Betzwieser, J., Bhawal, B., Bilenko, I.A., Billingsley, G., Black, E., Blackburn, K., Blackburn, L., Bland, B., Bochner, B., Bogue, L., Bork, R., Bose, S., Brady, P.R., Braginsky, V.B., Brau, J.E., Brown, D.A., Bullington, A., Bunkowski, A., Buonanno, A., Burgess, R., Busby, D., Butler, W.E., Byer, R.L., Cadonati, L., Cagnoli, G., Camp, J.B., Cannizzo, J., Cannon, K., Cantley, C.A., Cao, J., Cardenas, L., Carter, K., Casey, M.M., Castiglione, J., Chandler, A., Chapsky, J., Charlton, P., Chatterji, S., Chelkowski, S., Chen, Y., Chickarmane, V., Chin, D., Christensen, N., Churches, D., Cokelaer, T., Colacino, C., Coldwell, R., Coles, M., Cook, D., Corbitt, T., Coyne, D., Creighton, J.D.E., Creighton, T.D., Crooks, D.R.M., Csatorday, P., Cusack, B.J., Cutler, C., Dalrymple, J., D'Ambrosio, E., Danzmann, K., Davies, G., Daw, E., Debra, D., Delker, T., Dergachev, V., Desai, S., Desalvo, R., Dhurandhar, S., Di Credico, A., Díaz, M., Ding, H., Drever, R.W.P., Dupuis, R.J., Edlund, J.A., Ehrens, P., Elliffe, E.J., Etzel, T., Evans, M., Evans, T., Fairhurst, S., Fallnich, C., Farnham, D., Fejer, M.M., Findley, T., Fine, M., Finn, L.S., Franzen, K.Y., Freise, A., Frey, R., Fritschel, P., Frolov, V.V., Fyffe, M., Ganezer, K.S., Garofoli, J., Giaime, J.A., Gillespie, A., Goda, K., Goggin, L., González, G., Goßler, S., Grandclément, P., Grant, A., Gray, C., Gretarsson, A.M., Grimmett, D., Grote, H., Grunewald, S., Guenther, M., Gustafson, E., Gustafson, R., Hamilton, W.O., Hammond, M., Hanna, C., Hanson, J., Hardham, C., Harms, J., Harry, G., Hartunian, A., Heefner, J., Hefetz, Y., Heinzel, G., Heng, I.S., Hennessy, M., Hepler, N., Heptonstall, A., Heurs, M., Hewitson, M., Hild, S., Hindman, N., Hoang, P., Hough, J., Hrynevych, M., Hua, W., Ito, M., Itoh, Y., Ivanov, A., Jennrich, O., Johnson, B., Johnson, W.W., Johnston, W.R., Jones, D.I., Jones, G., Jones, L., Jungwirth, D., Kalogera, V., Katsavounidis, E., Kawabe, K., Kells, W., Kern, J., Khan, A., Killbourn, S., Killow, C.J., Kim, C., King, C., King, P., Klimenko, S., Koranda, S., Kötter, K., Kovalik, J., Kozak, D., Krishnan, B., Landry, M., Langdale, J., Lantz, B., Lawrence, R., Lazzarini, A., Lei, M., Leonor, I., Libbrecht, K., Libson, A., Lindquist, P., Liu, S., Logan, J., Lormand, M., Lubinski, M., Lück, H., Luna, M., Lyons, T.T., MacHenschalk, B., MacInnis, M., Mageswaran, M., Mailand, K., Majid, W., Malec, M., Mandic, V., Mann, F., Marin, A., Márka, S., Maros, E., Mason, J., Mason, K., Matherny, O., Matone, L., Mavalvala, N., McCarthy, R., McClelland, D.E., McHugh, M., McNabb, J.W.C., Melissinos, A., Mendell, G., Mercer, R.A., Meshkov, S., Messaritaki, E., Messenger, C., Mikhailov, E., Mitra, S., Mitrofanov, V.P., Mitselmakher, G., Mittleman, R., Miyakawa, O., Mohanty, S., Moreno, G., Mossavi, K., Mueller, G., Mukherjee, S., Murray, P., Myers, E., Myers, J., Nagano, S., Nash, T., Nayak, R., Newton, G., Nocera, F., Noel, J.S., Nutzman, P., Olson, T., O'Reilly, B., Ottaway, D.J., Ottewill, A., Ouimette, D., Overmier, H., Owen, B.J., Pan, Y., Papa, M.A., Parameshwaraiah, V., Parameswariah, C., Pedraza, M., Penn, S., Pitkin, M., Plissi, M., Prix, R., Quetschke, V., Raab, F., Radkins, H., Rahkola, R., Rakhmanov, M., Rao, S.R., Rawlins, K., Ray-Majumder, S., Re, V., Redding, D., Regehr, M.W., Regimbau, T., Reid, S., Reilly, K.T., Reithmaier, K., Reitze, D.H., Richman, S., Riesen, R., Riles, K., Rivera, B., Rizzi, A., Robertson, D.I., Robertson, N.A., Robinson, C., Robison, L., Roddy, S., Rodriguez, A., Rollins, J., Romano, J.D., Romie, J., Rong, H., Rose, D., Rotthoff, E., Rowan, S., Rüdiger, A., Ruet, L., Russell, P., Ryan, K., Salzman, I., Sandberg, V., Sanders, G.H., Sannibale, V., Sarin, P., Sathyaprakash, B., Saulson, P.R., Savage, R., Sazonov, A., Schilling, R., Schlaufman, K., Schmidt, V., Schnabel, R., Schofield, R., Schutz, B.F., Schwinberg, P., Scott, S.M., Seader, S.E., Searle, A.C., Sears, B., Seel, S., Seifert, F., Sellers, D., Sengupta, A.S., Shapiro, C.A., Shawhan, P., Shoemaker, D.H., Shu, Q.Z., Sibley, A., Siemens, X., Sievers, L., Sigg, D., Sintes, A.M., Smith, J.R., Smith, M., Smith, M.R., Sneddon, P.H., Spero, R., Spjeld, O., Stapfer, G., Steussy, D., Strain, K.A., Strom, D., Stuver, A., Summerscales, T., Sumner, M.C., Sung, M., Sutton, P.J., Sylvestre, J., Tanner, D.B., Tariq, H., Tarallo, M., Taylor, I., Taylor, R., Taylor, R., Thorne, K.A., Thorne, K.S., Tibbits, M., Tilav, S., Tinto, M., Tokmakov, K.V., Torres, C., Torrie, C., Traylor, G., Tyler, W., Ugolini, D., Ungarelli, C., Vallisneri, M., Van Putten, M., Vass, S., Vecchio, A., Veitch, J., Vorvick, C., Vyachanin, S.P., Wallace, L., Walther, H., Ward, H., Ward, R., Ware, B., Watts, K., Webber, D., Weidner, A., Weiland, U., Weinstein, A., Weiss, R., Welling, H., Wen, L., Wen, S., Wette, K., Whelan, J.T., Whitcomb, S.E., Whiting, B.F., Wiley, S., Wilkinson, C., Willems, P.A., Williams, P.R., Williams, R., Willke, B., Wilson, A., Winjum, B.J., Winkler, W., Wise, S., Wiseman, A.G., Woan, G., Woods, D., Wooley, R., Worden, J., Wu, W., Yakushin, I., Yamamoto, H., Yoshida, S., Zaleski, K.D., Zanolin, M., Zawischa, I., Zhang, L., Zhu, R., Zotov, N., Zucker, M., Zweizig, J., Akutsu, T., Akutsu, T., Ando, M., Arai, K., Araya, A., Asada, H., Aso, Y., Beyersdorf, P., Fujiki, Y., Fujimoto, M.-K., Fujita, R., Fukushima, M., Futamase, T., Hamuro, Y., Haruyama, T., Hayama, K., Iguchi, H., Iida, Y., Ioka, K., Ishitsuka, H., Kamikubota, N., Kanda, N., Kaneyama, T., Karasawa, Y., Kasahara, K., Kasai, T., Katsuki, M., Kawamura, S., Kawamura, M., Kawazoe, F., Kojima, Y., Kokeyama, K., Kondo, K., Kozai, Y., Kudoh, H., Kuroda, K., Kuwabara, T., Matsuda, N., Mio, N., Miura, K., Miyama, S., Miyoki, S., Mizusawa, H., Moriwaki, S., Musha, M., Nagayama, Y., Nakagawa, K., Nakamura, T., Nakano, H., Nakao, K., Nishi, Y., Numata, K., Ogawa, Y., Ohashi, M., Ohishi, N., Okutomi, A., Oohara, K., Otsuka, S., Saito, Y., Sakata, S., Sasaki, M., Sato, N., Sato, S., Sato, Y., Sato, K., Sekido, A., Seto, N., Shibata, M., Shinkai, H., Shintomi, T., Soida, K., Somiya, K., Suzuki, T., Tagoshi, H., Takahashi, H., Takahashi, R., Takamori, A., Takemoto, S., Takeno, K., Tanaka, T., Taniguchi, K., Tanji, T., Tatsumi, D., Telada, S., Tokunari, M., Tomaru, T., Tsubono, K., Tsuda, N., Tsunesada, Y., Uchiyama, T., Ueda, K., Ueda, A., Waseda, K., Yamamoto, A., Yamamoto, K., Yamazaki, T., Yanagi, Y., Yokoyama, J., Yoshida, T., Zhu, Z.-H.","Joint LIGO and TAMA300 search for gravitational waves from inspiralling neutron star binaries",2006,"Physical Review D - Particles, Fields, Gravitation and Cosmology","73","10", 102002,"","",,39,10.1103/PhysRevD.73.102002,"https://www.scopus.com/inward/record.uri?eid=2-s2.0-33646724077&doi=10.1103%2fPhysRevD.73.102002&partnerID=40&md5=c0b7d23aecf6c099d8b4494a25aa725e",Article,Scopus,2-s2.0-33646724077
"Abbott, B., Abbott, R., Adhikari, R., Agresti, J., Ajith, P., Allen, B., Allen, J., Amin, R., Anderson, S.B., Anderson, W.G., Araya, M., Armandula, H., Ashley, M., Aulbert, C., Babak, S., Balasubramanian, R., Ballmer, S., Bantilan, H., Barish, B.C., Barker, C., Barker, D., Barton, M.A., Bayer, K., Belczynski, K., Betzwieser, J., Bhawal, B., Bilenko, I.A., Billingsley, G., Black, E., Blackburn, K., Blackburn, L., Bland, B., Bogue, L., Bork, R., Bose, S., Brady, P.R., Braginsky, V.B., Brau, J.E., Brown, D.A., Buonanno, A., Busby, D., Butler, W.E., Cadonati, L., Cagnoli, G., Camp, J.B., Cannizzo, J., Cannon, K., Cao, J., Cardenas, L., Carter, K., Casey, M.M., Charlton, P., Chatterji, S., Chen, Y., Chin, D., Christensen, N., Cokelaer, T., Colacino, C.N., Coldwell, R., Cook, D., Corbitt, T., Coyne, D., Creighton, J.D.E., Creighton, T.D., Dalrymple, J., D'Ambrosio, E., Danzmann, K., Davies, G., Debra, D., Dergachev, V., Desai, S., DeSalvo, R., Dhurandar, S., Díaz, M., Di Credico, A., Drever, R.W.P., Dupuis, R.J., Ehrens, P., Etzel, T., Evans, M., Evans, T., Fairhurst, S., Finn, L.S., Franzen, K.Y., Frey, R.E., Fritschel, P., Frolov, V.V., Fyffe, M., Ganezer, K.S., Garofoli, J., Gholami, I., Giaime, J.A., Goda, K., Goggin, L., González, G., Gray, C., Gretarsson, A.M., Grimmett, D., Grote, H., Grunewald, S., Guenther, M., Gustafson, R., Hamilton, W.O., Hanna, C., Hanson, J., Hardham, C., Harry, G., Heefner, J., Heng, I.S., Hewitson, M., Hindman, N., Hoang, P., Hough, J., Hua, W., Ito, M., Itoh, Y., Ivanov, A., Johnson, B., Johnson, W.W., Jones, D.I., Jones, G., Jones, L., Kalogera, V., Katsavounidis, E., Kawabe, K., Kawamura, S., Kells, W., Khan, A., Kim, C., King, P., Klimenko, S., Koranda, S., Kozak, D., Krishnan, B., Landry, M., Lantz, B., Lazzarini, A., Lei, M., Leonor, I., Libbrecht, K., Lindquist, P., Liu, S., Lormand, M., Lubinski, M., Lück, H., Luna, M., Machenschalk, B., MacInnis, M., Mageswaran, M., Mailand, K., Malec, M., Mandic, V., Márka, S., Maros, E., Mason, K., Matone, L., Mavalvala, N., McCarthy, R., McClelland, D.E., McHugh, M., McNabb, J.W.C., Melissinos, A., Mendell, G., Mercer, R.A., Meshkov, S., Messaritaki, E., Messenger, C., Mikhailov, E., Mitra, S., Mitrofanov, V.P., Mitselmakher, G., Mittleman, R., Miyakawa, O., Mohanty, S., Moreno, G., Mossavi, K., Mueller, G., Mukherjee, S., Myers, E., Myers, J., Nash, T., Nocera, F., Noel, J.S., O'Reilly, B., O'Shaughnessy, R., Ottaway, D.J., Overmier, H., Owen, B.J., Pan, Y., Papa, M.A., Parameshwaraiah, V., Parameswariah, C., Pedraza, M., Penn, S., Pitkin, M., Prix, R., Quetschke, V., Raab, F., Radkins, H., Rahkola, R., Rakhmanov, M., Rawlins, K., Ray-Majumder, S., Re, V., Regimbau, T., Reitze, D.H., Riesen, R., Riles, K., Rivera, B., Robertson, D.I., Robertson, N.A., Robinson, C., Roddy, S., Rodriguez, A., Rollins, J., Romano, J.D., Romie, J., Rowan, S., Rüdiger, A., Ruet, L., Russell, P., Ryan, K., Sandberg, V., Sanders, G.H., Sannibale, V., Sarin, P., Sathyaprakash, B.S., Saulson, P.R., Savage, R., Sazonov, A., Schilling, R., Schofield, R., Schutz, B.F., Schwinberg, P., Scott, S.M., Seader, S.E., Searle, A.C., Sears, B., Sellers, D., Sengupta, A.S., Shawhan, P., Shoemaker, D.H., Sibley, A., Siemens, X., Sigg, D., States, A.M., Smith, J., Smith, M.R., Spjeld, O., Strain, K.A., Strom, D.M., Stuver, A., Summerscales, T., Sung, M., Sutton, P.J., Tanner, D.B., Tarallo, M., Taylor, R., Thorne, K.A., Thorne, K.S., Tokmakov, K.V., Torres, C., Torrie, C., Traylor, G., Tyler, W., Ugolini, D., Ungarelli, C., Vallisneri, M., Van Putten, M., Vass, S., Vecchio, A., Veitch, J., Vorvick, C., Vyachanin, S.P., Wallace, L., Ward, H., Ward, R., Watts, K., Webber, D., Weiland, U., Weinstein, A., Weiss, R., Wen, S., Wette, K., Whelan, J.T., Whitcomb, S.E., Whiting, B.F., Wiley, S., Wilkinson, C., Willems, P.A., Willke, B., Wilson, A., Winkler, W., Wise, S., Wiseman, A.G., Woan, G., Woods, D., Wooley, R., Worden, J., Yakushin, J., Yamamoto, H., Yoshida, S., Zanolin, M., Zhang, L., Zotov, N., Zucker, M., Zweizig, J.","Search for gravitational-wave bursts in LIGO 's third science run",2006,"Classical and Quantum Gravity","23","8",,"S29","S39",,32,10.1088/0264-9381/23/8/S05,"https://www.scopus.com/inward/record.uri?eid=2-s2.0-76249094722&doi=10.1088%2f0264-9381%2f23%2f8%2fS05&partnerID=40&md5=5a8d176d59d79e13efdbc94a05c791aa",Article,Scopus,2-s2.0-76249094722
"Abbott, B., Abbott, R., Adhikari, R., Ageev, A., Agresti, J., Ajith, P., Allen, B., Allen, J., Amin, R., Anderson, S.B., Anderson, W.G., Araya, M., Armandula, H., Ashley, M., Asiri, F., Aufmuth, P., Aulbert, C., Babak, S., Balasubramanian, R., Ballmer, S., Barish, B.C., Barker, C., Barker, D., Barnes, M., Barr, B., Barton, M.A., Bayer, K., Beausoleil, R., Belczynski, K., Bennett, R., Berukoff, S.J., Betzwieser, J., Bhawal, B., Bilenko, I.A., Billingsley, G., Black, E., Blackburn, K., Blackburn, L., Bland, B., Bochner, B., Bogue, L., Bork, R., Bose, S., Brady, P.R., Braginsky, V.B., Brau, J.E., Brown, D.A., Bullington, A., Bunkowski, A., Buonanno, A., Burgess, R., Busby, D., Butler, W.E., Byer, R.L., Cadonati, L., Cagnoli, G., Camp, J.B., Cannizzo, J., Cannon, K., Cantley, C.A., Cao, J., Cardenas, L., Carter, K., Casey, M.M., Castiglione, J., Chandler, A., Chapsky, J., Charlton, P., Chatterji, S., Chelkowski, S., Chen, Y., Chickarmane, V., Chin, D., Christensen, N., Churches, D., Cokelaer, T., Colacino, C., Coldwell, R., Coles, M., Cook, D., Corbitt, T., Coyne, D., Creighton, J.D.E., Creighton, T.D., Crooks, D.R.M., Csatorday, P., Cusack, B.J., Cutler, C., Dalrymple, J., D'Ambrosio, E., Danzmann, K., Davies, G., Daw, E., DeBra, D., Delker, T., Dergachev, V., Desai, S., DeSalvo, R., Dhurandhar, S., Di Credico, A., Díaz, M., Ding, H., Drever, R.W.P., Dupuis, R.J., Edlund, J.A., Ehrens, P., Elliffe, E.J., Etzel, T., Evans, M., Evans, T., Fairhurst, S., Fallnich, C., Farnham, D., Fejer, M.M., Findley, T., Fine, M., Finn, L.S., Franzen, K.Y., Freise, A., Frey, R., Fritschel, P., Frolov, V.V., Fyffe, M., Ganezer, K.S., Garofoli, J., Giaime, J.A., Gillespie, A., Goda, K., Goggin, L., González, G., Goßler, S., Grandclément, P., Grant, A., Gray, C., Gretarsson, A.M., Grimmett, D., Grote, H., Grunewald, S., Guenther, M., Gustafson, E., Gustafson, R., Hamilton, W.O., Hammond, M., Hanna, C., Hanson, J., Hardham, C., Harms, J., Harry, G., Hartunian, A., Heefner, J., Hefetz, Y., Heinzel, G., Heng, I.S., Hennessy, M., Hepler, N., Heptonstall, A., Heurs, M., Hewitson, M., Hild, S., Hindman, N., Hoang, P., Hough, J., Hrynevych, M., Hua, W., Ito, M., Itoh, Y., Ivanov, A., Jennrich, O., Johnson, B., Johnson, W.W., Johnston, W.R., Jones, D.I., Jones, G., Jones, L., Jungwirth, D., Kalogera, V., Katsavounidis, E., Kawabe, K., Kawamura, S., Kells, W., Kern, J., Khan, A., Killbourn, S., Killow, C.J., Kim, C., King, C., King, P., Klimenko, S., Koranda, S., Kötter, K., Kovalik, J., Kozak, D., Krishnan, B., Landry, M., Langdale, J., Lantz, B., Lawrence, R., Lazzarini, A., Lei, M., Leonor, I., Libbrecht, K., Libson, A., Lindquist, P., Liu, S., Logan, J., Lormand, M., Lubinski, M., Lück, H., Luna, M., Lyons, T.T., Machenschalk, B., MacInnis, M., Mageswaran, M., Mailand, K., Majid, W., Malec, M., Mandic, V., Mann, F., Marin, A., Márka, S., Maros, E., Mason, J., Mason, K., Matherny, O., Matone, L., Mavalvala, N., McCarthy, R., McClelland, D.E., McHugh, M., McNabb, J.W.C., Melissinos, A., Mendell, G., Mercer, R.A., Meshkov, S., Messaritaki, E., Messenger, C., Mikhailov, E., Mitra, S., Mitrofanov, V.P., Mitselmakher, G., Mittleman, R., Miyakawa, O., Miyoki, S., Mohanty, S., Moreno, G., Mossavi, K., Mueller, G., Mukherjee, S., Murray, P., Myers, E., Myers, J., Nagano, S., Nash, T., Nayak, R., Newton, G., Nocera, F., Noel, J.S., Nutzman, P., Olson, T., O'Reilly, B., Ottaway, D.J., Ottewill, A., Ouimette, D., Overmier, H., Owen, B.J., Pan, Y., Papa, M.A., Parameshwaraiah, V., Parameswariah, C., Pedraza, M., Penn, S., Pitkin, M., Plissi, M., Prix, R., Quetschke, V., Raab, F., Radkins, H., Rahkola, R., Rakhmanov, M., Rao, S.R., Rawlins, K., Ray-Majumder, S., Re, V., Redding, D., Regehr, M.W., Regimbau, T., Reid, S., Reilly, K.T., Reithmaier, K., Reitze, D.H., Richman, S., Riesen, R., Riles, K., Rivera, B., Rizzi, A., Robertson, D.I., Robertson, N.A., Robinson, C., Robison, L., Roddy, S., Rodriguez, A., Rollins, J., Romano, J.D., Romie, J., Rong, H., Rose, D., Rotthoff, E., Rowan, S., Rüdiger, A., Ruet, L., Russell, P., Ryan, K., Salzman, I., Sandberg, V., Sanders, G.H., Sannibale, V., Sarin, P., Sathyaprakash, B., Saulson, P.R., Savage, R., Sazonov, A., Schilling, R., Schlaufman, K., Schmidt, V., Schnabel, R., Schofield, R., Schutz, B.F., Schwinberg, P., Scott, S.M., Seader, S.E., Searle, A.C., Sears, B., Seel, S., Seifert, F., Sellers, D., Sengupta, A.S., Shapiro, C.A., Shawhan, P., Shoemaker, D.H., Shu, Q.Z., Sibley, A., Siemens, X., Sievers, L., Sigg, D., Sintes, A.M., Smith, J.R., Smith, M., Smith, M.R., Sneddon, P.H., Spero, R., Spjeld, O., Stapfer, G., Steussy, D., Strain, K.A., Strom, D., Stuver, A., Summerscales, T., Sumner, M.C., Sung, M., Sutton, P.J., Sylvestre, J., Takamori, A., Tanner, D.B., Tarallo, M., Tariq, H., Taylor, I., Taylor, R., Taylor, R., Thorne, K.A., Thorne, K.S., Tibbits, M., Tilav, S., Tinto, M., Tokmakov, K.V., Torres, C., Torrie, C., Traylor, G., Tyler, W., Ugolini, D., Ungarelli, C., Vallisneri, M., Van Putten, M., Vass, S., Vecchio, A., Veitch, J., Vorvick, C., Vyachanin, S.P., Wallace, L., Walther, H., Ward, H., Ward, R., Ware, B., Watts, K., Webber, D., Weidner, A., Weiland, U., Weinstein, A., Weiss, R., Welling, H., Wen, L., Wen, S., Wette, K., Whelan, J.T., Whitcomb, S.E., Whiting, B.F., Wiley, S., Wilkinson, C., Willems, P.A., Williams, P.R., Williams, R., Willke, B., Wilson, A., Winjum, B.J., Winkler, W., Wise, S., Wiseman, A.G., Woan, G., Woods, D., Wooley, R., Worden, J., Wu, W., Yakushin, I., Yamamoto, H., Yoshida, S., Zaleski, K.D., Zanolin, M., Zawischa, I., Zhang, L., Zhu, R., Zotov, N., Zucker, M., Zweizig, J.","Search for gravitational waves from binary black hole inspirals in LIGO data",2006,"Physical Review D - Particles, Fields, Gravitation and Cosmology","73","6", 062001,"","",,66,10.1103/PhysRevD.73.062001,"https://www.scopus.com/inward/record.uri?eid=2-s2.0-33644829976&doi=10.1103%2fPhysRevD.73.062001&partnerID=40&md5=bd1d88278e4981a08dee7ba97b20137d",Article,Scopus,2-s2.0-33644829976
"Harry, G.M., Adhikari, R., Ballmer, S., Bayer, K., Betzwieser, J., Bochner, B., Burgess, R., Cadonati, L., Chatterji, S., Corbitt, T., Csatorday, P., Fritschel, P., Goda, K., Hefetz, Y., Katsavounidis, E., Lawrence, R., Macinnis, M., Marin, A., Mason, K., Mavalvala, N., Mittleman, R., Ottaway, D.J., Pratt, M., Regimbau, T., Richman, S., Rollins, J., Shoemaker, D.H., Smith, M., Van Putten, M., Weiss, R., Aulbert, C., Berukoff, S.J., Cutler, C., Grunewald, S., Itoh, Y., Krishnan, B., Machenschalk, B., Mohanty, S., Mukherjee, S., Naundorf, H., Papa, M.A., Schutz, B.F., Sintes, A.M., Williams, P.R., Colacino, C., Danzmann, K., Freise, A., Grote, H., Heinzel, G., Kawabe, K., Kloevekorn, P., Lück, H., Mossavi, K., Nagano, S., Rüdiger, A., Schilling, R., Smith, J.R., Weidner, A., Willke, B., Winkler, W., Cusack, B.J., McClelland, D.E., Scott, S.M., Searle, A.C., Drever, R.W.P., Tinto, M., Williams, R., Buonanno, A., Chen, Y., Thorne, K.S., Vallisneri, M., Abbott, B., Anderson, S.B., Araya, M., Armandula, H., Asiri, F., Barish, B.C., Barnes, M., Barton, M.A., Bhawal, B., Billingsley, G., Black, E., Blackburn, K., Bogue, L., Bork, R., Busby, D., Cardenas, L., Chandler, A., Chapsky, J., Charlton, P., Coyne, D., Creighton, T.D., D’Ambrosio, E., Desalvo, R., Ding, H., Edlund, J., Ehrens, P., Etzel, T., Evans, M., Farnham, D., Fine, M., Gillespie, A., Grimmett, D., Hartunian, A., Heefner, J., Hoang, P., Hrynevych, M., Ivanov, A., Jones, L., Jungwirth, D., Kells, W., King, C., King, P., Kozak, D., Lazzarini, A., Lei, M., Libbrecht, K., Lindquist, P., Liu, S., Logan, J., Lyons, T.T., Mageswaran, M., Mailand, K., Majid, W., Mann, F., Márka, S., Maros, E., Mason, J., Meshkov, S., Miyakawa, O., Miyoki, S., Mours, B., Nocera, F., Ouimette, D., Pedraza, M., Rao, S.R., Redding, D., Regehr, M.W., Reilly, K.T., Reithmaier, K., Robison, L., Romie, J., Rose, D., Russell, P., Salzman, I., Sanders, G.H., Sannibale, V., Schmidt, V., Sears, B., Seel, S., Shawhan, P., Sievers, L., Smith, M.R., Spero, R., Sumner, M.C., Sylvestre, J., Takamori, A., Tariq, H., Taylor, R., Tilav, S., Torrie, C., Tyler, W., Vass, S., Wallace, L., Ware, B., Webber, D., Weinstein, A., Wen, L., Whitcomb, S.E., Willems, P.A., Wilson, A., Yamamoto, H., Zhang, L., Zweizig, J., Ganezer, K.S., Babak, S., Balasubramanian, R., Churches, D., Davies, R., Sathyaprakash, B., Taylor, I., Christensen, N., Ebeling, C., Flanagan, È., Nash, T., Penn, S., Dhurandar, S., Nayak, R., Sengupta, A.S., Barker, D., Barker-Patton, C., Bland-Weaver, B., Cook, D., Gray, C., Guenther, M., Hindman, N., Landry, M., Lubinski, M., Matherny, O., Matone, L., McCarthy, R., Mendell, G., Moreno, G., Myers, J., Parameswariah, V., Raab, F., Radkins, H., Ryan, K., Savage, R., Schwinberg, P., Sigg, D., Vorvick, C., Worden, J., Abbott, R., Carter, K., Coles, M., Evans, T., Frolov, V., Fyffe, M., Gretarsson, A.M., Hammond, M., Hanson, J., Kern, J., Khan, A., Kovalik, J., Langdale, J., Lormand, M., O’Reilly, B., Overmier, H., Parameswariah, C., Riesen, R., Rizzi, A., Roddy, S., Sibley, A., Stapfer, G., Traylor, G., Watts, K., Wooley, R., Yakushin, I., Zucker, M., Chickarmane, V., Daw, E., Giaime, J.A., González, G., Hamilton, W.O., Johnson, W.W., Wen, S., Zotov, N., McHugh, M., Whelan, J.T., Walther, H., Ageev, A., Bilenko, I.A., Braginsky, V.B., Mitrofanov, V.P., Tokmakov, K.V., Vyachanin, S.P., Camp, J.B., Kawamura, S., Belczynski, K., Grandclément, P., Kalogera, V., Kim, C., Nutzman, P., Olson, T., Yoshida, S., Beausoleil, R., Bullington, A., Byer, R.L., Debra, D., Fejer, M.M., Gustafson, E., Hardham, C., Hennessy, M., Hua, W., Lantz, B., Robertson, N.A., Saulson, P.R., Finn, L.S., Hepler, N., Owen, B.J., Rotthoff, E., Schlaufman, K., Shapiro, C.A., Stuver, A., Summerscales, T., Sutton, P.J., Tibbits, M., Winjum, B.J., Anderson, W.G., Díaz, M., Johnston, W., Romano, J.D., Torres, C., Ugolini, D., Aufmuth, P., Brozek, S., Fallnich, C., Goßler, S., Heng, I.S., Heurs, M., Kötter, K., Leonhardt, V., Malec, M., Quetschke, V., Schrempel, M., Traeger, S., Weiland, U., Welling, H., Zawischa, I., Ingley, R., Messenger, C., Vecchio, A., Amin, R., Castiglione, J., Coldwell, R., Delker, T., Klimenko, S., Mitselmakher, G., Mueller, G., Rakhmanov, M., Reitze, D.H., Rong, H., Sazonov, A., Shu, Q.Z., Tanner, D.B., Whiting, B.F., Wise, S., Barr, B., Bennett, R., Cagnoli, G., Cantley, C.A., Casey, M.M., Crooks, D.R.M., Dupuis, R.J., Elliffe, E.J., Grant, A., Heptonstall, A., Hewitson, M., Hough, J., Jennrich, O., Killbourn, S., Killow, C.J., McNamara, P., Newton, G., Pitkin, M., Plissi, M., Robertson, D.I., Rowan, S., Skeldon, K., Sneddon, P., Strain, K.A., Ward, H., Woan, G., Chin, D., Gustafson, R., Riles, K., Brau, J.E., Frey, R., Ito, M., Leonor, I., Rahkola, R., Schofield, R., Strom, D., Butler, W.E., Allen, B., Brady, P.R., Brown, D.A., Creighton, J.D.E., Koranda, S., Ottewill, A., Siemens, X., Wiseman, A.G., Bose, S.","The ligo gravitational wave observatories: Recent results and future plans",2006,"The Tenth Marcel Grossmann Meeting: On Recent Developments in Theoretical and Experimental General Relativity, Gravitation and Relativistic Field Theories","1",,,"308","336",,,10.1142/9789812704030_0023,"https://www.scopus.com/inward/record.uri?eid=2-s2.0-84990003670&doi=10.1142%2f9789812704030_0023&partnerID=40&md5=ed36ee4ec91e40c3f89919369d24296a",Book Chapter,Scopus,2-s2.0-84990003670
"Abbott, B., Abbott, R., Adhikari, R., Ageev, A., Agresti, J., Ajith, P., Allen, B., Allen, J., Amin, R., Anderson, S.B., Anderson, W.G., Araya, M., Armandula, H., Ashley, M., Asiri, F., Aufmuth, P., Aulbert, C., Babak, S., Balasubramanian, R., Ballmer, S., Barish, B.C., Barker, C., Barker, D., Barnes, M., Barr, B., Barton, M.A., Bayer, K., Beausoleil, R., Belczynski, K., Bennett, R., Berukoff, S.J., Betzwieser, J., Bhawal, B., Bilenko, I.A., Billingsley, G., Black, E., Blackburn, K., Blackburn, L., Bland, B., Bochner, B., Bogue, L., Bork, R., Bose, S., Brady, P.R., Braginsky, V.B., Brau, J.E., Brown, D.A., Bullington, A., Bunkowski, A., Buonanno, A., Burgess, R., Busby, D., Butler, W.E., Byer, R.L., Cadonati, L., Cagnoli, G., Camp, J.B., Cannizzo, J., Cannon, K., Cantley, C.A., Cao, J., Cardenas, L., Carter, K., Casey, M.M., Castiglione, J., Chandler, A., Chapsky, J., Charlton, P., Chatterji, S., Chelkowski, S., Chen, Y., Chickarmane, V., Chin, D., Christensen, N., Churches, D., Cokelaer, T., Colacino, C., Coldwell, R., Coles, M., Cook, D., Corbitt, T., Coyne, D., Creighton, J.D.E., Creighton, T.D., Crooks, D.R.M., Csatorday, P., Cusack, B.J., Cutler, C., Dalrymple, J., D'Ambrosio, E., Danzmann, K., Davies, G., Daw, E., DeBra, D., Delker, T., Dergachev, V., Desai, S., DeSalvo, R., Dhurandhar, S., Di Credico, A., Díaz, M., Ding, H., Drever, R.W.P., Dupuis, R.J., Edlund, J.A., Ehrens, P., Elliffe, E.J., Etzel, T., Evans, M., Evans, T., Fairhurst, S., Fallnich, C., Farnham, D., Fejer, M.M., Findley, T., Fine, M., Finn, L.S., Franzen, K.Y., Freise, A., Frey, R., Fritschel, P., Frolov, V.V., Fyffe, M., Ganezer, K.S., Garofoli, J., Giaime, J.A., Gillespie, A., Goda, K., Goggin, L., González, G., Goßler, S., Grandclément, P., Grant, A., Gray, C., Gretarsson, A.M., Grimmett, D., Grote, H., Grunewald, S., Guenther, M., Gustafson, E., Gustafson, R., Hamilton, W.O., Hammond, M., Hanna, C., Hanson, J., Hardham, C., Harms, J., Harry, G., Hartunian, A., Heefner, J., Hefetz, Y., Heinzel, G., Heng, I.S., Hennessy, M., Hepler, N., Heptonstall, A., Heurs, M., Hewitson, M., Hild, S., Hindman, N., Hoang, P., Hough, J., Hrynevych, M., Hua, W., Ito, M., Itoh, Y., Ivanov, A., Jennrich, O., Johnson, B., Johnson, W.W., Johnston, W.R., Jones, D.I., Jones, G., Jones, L., Jungwirth, D., Kalogera, V., Katsavounidis, E., Kawabe, K., Kells, W., Kern, J., Khan, A., Killbourn, S., Killow, C.J., Kim, C., King, C., King, P., Klimenko, S., Koranda, S., Kötter, K., Kovalik, J., Kozak, D., Krishnan, B., Landry, M., Langdale, J., Lantz, B., Lawrence, R., Lazzarini, A., Lei, M., Leonor, I., Libbrecht, K., Libson, A., Lindquist, P., Liu, S., Logan, J., Lormand, M., Lubinski, M., Lück, H., Luna, M., Lyons, T.T., Machenschalk, B., MacInnis, M., Mageswaran, M., Mailand, K., Majid, W., Malec, M., Mandic, V., Mann, F., Marin, A., Márka, S., Maros, E., Mason, J., Mason, K., Matherny, O., Matone, L., Mavalvala, N., McCarthy, R., McClelland, D.E., McHugh, M., McNabb, J.W.C., Melissinos, A., Mendell, G., Mercer, R.A., Meshkov, S., Messaritaki, E., Messenger, C., Mikhailov, E., Mitra, S., Mitrofanov, V.P., Mitselmakher, G., Mittleman, R., Miyakawa, O., Mohanty, S., Moreno, G., Mossavi, K., Mueller, G., Mukherjee, S., Murray, P., Myers, E., Myers, J., Nagano, S., Nash, T., Nayak, R., Newton, G., Nocera, F., Noel, J.S., Nutzman, P., Olson, T., O'Reilly, B., Ottaway, D.J., Ottewill, A., Ouimette, D., Overmier, H., Owen, B.J., Pan, Y., Papa, M.A., Parameshwaraiah, V., Parameswariah, C., Pedraza, M., Penn, S., Pitkin, M., Plissi, M., Prix, R., Quetschke, V., Raab, F., Radkins, H., Rahkola, R., Rakhmanov, M., Rao, S.R., Rawlins, K., Ray-Majumder, S., Re, V., Redding, D., Regehr, M.W., Regimbau, T., Reid, S., Reilly, K.T., Reithmaier, K., Reitze, D.H., Richman, S., Riesen, R., Riles, K., Rivera, B., Rizzi, A., Robertson, D.I., Robertson, N.A., Robinson, C., Robison, L., Roddy, S., Rodriguez, A., Rollins, J., Romano, J.D., Romie, J., Rong, H., Rose, D., Rotthoff, E., Rowan, S., Rüdiger, A., Ruet, L., Russell, P., Ryan, K., Salzman, I., Sandberg, V., Sanders, G.H., Sannibale, V., Sarin, P., Sathyaprakash, B., Saulson, P.R., Savage, R., Sazonov, A., Schilling, R., Schlaufman, K., Schmidt, V., Schnabel, R., Schofield, R., Schutz, B.F., Schwinberg, P., Scott, S.M., Seader, S.E., Searle, A.C., Sears, B., Seel, S., Seifert, F., Sellers, D., Sengupta, A.S., Shapiro, C.A., Shawhan, P., Shoemaker, D.H., Shu, Q.Z., Sibley, A., Siemens, X., Sievers, L., Sigg, D., Sintes, A.M., Smith, J.R., Smith, M., Smith, M.R., Sneddon, P.H., Spero, R., Spjeld, O., Stapfer, G., Steussy, D., Strain, K.A., Strom, D., Stuver, A., Summerscales, T., Sumner, M.C., Sung, M., Sutton, P.J., Sylvestre, J., Tanner, D.B., Tariq, H., Tarallo, M., Taylor, I., Taylor, R., Taylor, R., Thorne, K.A., Thorne, K.S., Tibbits, M., Tilav, S., Tinto, M., Tokmakov, K.V., Torres, C., Torrie, C., Traylor, G., Tyler, W., Ugolini, D., Ungarelli, C., Vallisneri, M., Van Putten, M., Vass, S., Vecchio, A., Veitch, J., Vorvick, C., Vyachanin, S.P., Wallace, L., Walther, H., Ward, H., Ward, R., Ware, B., Watts, K., Webber, D., Weidner, A., Weiland, U., Weinstein, A., Weiss, R., Welling, H., Wen, L., Wen, S., Wette, K., Whelan, J.T., Whitcomb, S.E., Whiting, B.F., Wiley, S., Wilkinson, C., Willems, P.A., Williams, P.R., Williams, R., Willke, B., Wilson, A., Winjum, B.J., Winkler, W., Wise, S., Wiseman, A.G., Woan, G., Woods, D., Wooley, R., Worden, J., Wu, W., Yakushin, I., Yamamoto, H., Yoshida, S., Zaleski, K.D., Zanolin, M., Zawischa, I., Zhang, L., Zhu, R., Zotov, N., Zucker, M., Zweizig, J., Akutsu, T., Akutsu, T., Ando, M., Arai, K., Araya, A., Asada, H., Aso, Y., Beyersdorf, P., Fujiki, Y., Fujimoto, M.-K., Fujita, R., Fukushima, M., Futamase, T., Hamuro, Y., Haruyama, T., Hayama, K., Iguchi, H., Iida, Y., Ioka, K., Ishizuka, H., Kamikubota, N., Kanda, N., Kaneyama, T., Karasawa, Y., Kasahara, K., Kasai, T., Katsuki, M., Kawamura, S., Kawamura, M., Kawazoe, F., Kojima, Y., Kokeyama, K., Kondo, K., Kozai, Y., Kudoh, H., Kuroda, K., Kuwabara, T., Matsuda, N., Mio, N., Miura, K., Miyama, S., Miyoki, S., Mizusawa, H., Moriwaki, S., Musha, M., Nagayama, Y., Nakagawa, K., Nakamura, T., Nakano, H., Nakao, K., Nishi, Y., Numata, K., Ogawa, Y., Ohashi, M., Ohishi, N., Okutomi, A., Oohara, K., Otsuka, S., Saito, Y., Sakata, S., Sasaki, M., Sato, N., Sato, S., Sato, Y., Sato, K., Sekido, A., Seto, N., Shibata, M., Shinkai, H., Shintomi, T., Soida, K., Somiya, K., Suzuki, T., Tagoshi, H., Takahashi, H., Takahashi, R., Takamori, A., Takemoto, S., Takeno, K., Tanaka, T., Taniguchi, K., Tanji, T., Tatsumi, D., Telada, S., Tokunari, M., Tomaru, T., Tsubono, K., Tsuda, N., Tsunesada, Y., Uchiyama, T., Ueda, K., Ueda, A., Waseda, K., Yamamoto, A., Yamamoto, K., Yamazaki, T., Yanagi, Y., Yokoyama, J., Yoshida, T., Zhu, Z.-H.","Upper limits from the LIGO and TAMA detectors on the rate of gravitational-wave bursts",2005,"Physical Review D - Particles, Fields, Gravitation and Cosmology","72","12", 122004,"","",,45,10.1103/PhysRevD.72.122004,"https://www.scopus.com/inward/record.uri?eid=2-s2.0-29744470936&doi=10.1103%2fPhysRevD.72.122004&partnerID=40&md5=01195cbaa8d82781d6eba209df796fa9",Article,Scopus,2-s2.0-29744470936
"Abbott, B., Abbott, R., Adhikari, R., Agresti, J., Ajith, P., Allen, B., Allen, J., Amin, R., Anderson, S.B., Anderson, W.G., Araya, M., Armandula, H., Ashley, M., Aulbert, C., Babak, S., Balasubramanian, R., Ballmer, S., Barish, B.C., Barker, C., Barker, D., Barton, M.A., Bayer, K., Belczynski, K., Betzwieser, J., Bhawal, B., Bilenko, I.A., Billingsley, G., Black, E., Blackburn, K., Blackburn, L., Bland, B., Bogue, L., Bork, R., Bose, S., Brady, P.R., Braginsky, V.B., Brau, J.E., Brown, D.A., Buonanno, A., Busby, D., Butler, W.E., Cadonati, L., Cagnoli, G., Camp, J.B., Cannizzo, J., Cannon, K., Cardenas, L., Carter, K., Casey, M.M., Charlton, P., Chatterji, S., Chen, Y., Chin, D., Christensen, N., Cokelaer, T., Colacino, C.N., Coldwell, R., Cook, D., Corbitt, T., Coyne, D., Creighton, J.D.E., Creighton, T.D., Dalrymple, J., D'Ambrosio, E., Danzmann, K., Davies, G., DeBra, D., Dergachev, V., Desai, S., DeSalvo, R., Dhurandar, S., Díaz, M., Di Credico, A., Drever, R.W.P., Dupuis, R.J., Ehrens, P., Etzel, T., Evans, M., Evans, T., Fairhurst, S., Finn, L.S., Franzen, K.Y., Frey, R.E., Fritschel, P., Frolov, V.V., Fyffe, M., Ganezer, K.S., Garofoli, J., Gholami, I., Giaime, J.A., Goda, K., Goggin, L., González, G., Gray, C., Gretarsson, A.M., Grimmett, D., Grote, H., Grunewald, S., Guenther, M., Gustafson, R., Hamilton, W.O., Hanna, C., Hanson, J., Hardham, C., Harry, G., Heefner, J., Heng, I.S., Hewitson, M., Hindman, N., Hoang, P., Hough, J., Hua, W., Ito, M., Itoh, Y., Ivanov, A., Johnson, B., Johnson, W.W., Jones, D.I., Jones, G., Jones, L., Kalogera, V., Katsavounidis, E., Kawabe, K., Kawamura, S., Kells, W., Khan, A., Kim, C., King, P., Klimenko, S., Koranda, S., Kozak, D., Krishnan, B., Landry, M., Lantz, B., Lazzarini, A., Lei, M., Leonor, I., Libbrecht, K., Lindquist, P., Liu, S., Lormand, M., Lubinski, M., Lück, H., Luna, M., Machenschalk, B., Maclnnis, M., Mageswaran, M., Mailand, K., Malec, M., Mandic, V., Marka, S., Maros, E., Mason, K., Matone, L., Mavalvala, N., McCarthy, R., McClelland, D.E., McHugh, M., McNabb, J.W.C., Melissinos, A., Mendell, G., Mercer, R.A., Meshkov, S., Messaritaki, E., Messenger, C., Mikhailov, E., Mitra, S., Mitrofanov, V.P., Mitselmakher, G., Mittleman, R., Miyakawa, O., Mohanty, S., Moreno, G., Mossavi, K., Mueller, G., Mukherjee, S., Myers, E., Myers, J., Nash, T., Nocera, F., Noel, J.S., O'Reilly, B., O'Shaughnessy, R., Ottaway, D.J., Overmier, H., Owen, B.J., Pan, Y., Papa, M.A., Parameshwaraiah, V., Parameswariah, C., Pedraza, M., Penn, S., Pitkin, M., Prix, R., Quetschke, V., Raab, F., Radkins, H., Rahkola, R., Rakhmanov, M., Rawlins, K., Ray-Majumder, S., Re, V., Regimbau, T., Reitze, D.H., Riesen, R., Riles, K., Rivera, B., Robertson, D.I., Robertson, N.A., Robinson, C., Roddy, S., Rodriguez, A., Rollins, J., Romano, J.D., Romie, J., Rowan, S., Rüdiger, A., Ruet, L., Russell, P., Ryan, K., Sandberg, V., Sanders, G.H., Sannibale, V., Sarin, P., Sathyaprakash, B.S., Saulson, P.R., Savage, R., Sazonov, A., Schilling, R., Schofleld, R., Schutz, B.F., Schwinberg, P., Scott, S.M., Seader, S.E., Searle, A.C., Sears, B., Sellers, D., Sengupta, A.S., Shawhan, P., Shoemaker, D.H., Sibley, A., Siemens, X., Sigg, D., Sintes, A.M., Smith, J., Smith, M.R., Spjeld, O., Strain, K.A., Strom, D.M., Stuver, A., Summerscales, T., Sung, M., Sutton, P.J., Tanner, D.B., Taylor, R., Thorne, K.A., Thorne, K.S., Tokmakov, K.V., Torres, C., Torrie, C., Traylor, G., Tyler, W., Ugolini, D., Ungarelli, C., Vallisneri, M., Van Putten, M., Vass, S., Vecchio, A., Veitch, J., Vorvick, C., Vyachanin, S.P., Wallace, L., Ward, H., Ward, R., Watts, K., Webber, D., Weiland, U., Weinstein, A., Weiss, R., Wen, S., Wette, K., Whelan, J.T., Whitcomb, S.E., Whiting, B.F., Wiley, S., Wilkinson, C., Willems, P.A., Willke, B., Wilson, A., Winkler, W., Wise, S., Wiseman, A.G., Woan, G., Woods, D., Wooley, R., Worden, J., Yakushin, I., Yamamoto, H., Yoshida, S., Zanolin, M., Zhang, L., Zotov, N., Zucker, M., Zweizig, J.","Upper limits on a stochastic background of gravitational waves",2005,"Physical Review Letters","95","22", 221101,"","",,67,10.1103/PhysRevLett.95.221101,"https://www.scopus.com/inward/record.uri?eid=2-s2.0-76249096276&doi=10.1103%2fPhysRevLett.95.221101&partnerID=40&md5=aa11c38ff4cea9d19b3edc0e86e1d9ed",Review,Scopus,2-s2.0-76249096276
"Abbott, B., Abbott, R., Adhikari, R., Ageev, A., Agresti, J., Allen, B., Allen, J., Amin, R., Anderson, S.B., Anderson, W.G., Araya, M., Armandula, H., Ashley, M., Asiri, F., Aufmuth, P., Aulbert, C., Babak, S., Balasubramanian, R., Ballmer, S., Barish, B.C., Barker, C., Barker, D., Barnes, M., Barr, B., Barton, M.A., Bayer, K., Beausoleil, R., Belczynski, K., Bennett, R., Berukoff, S.J., Betzwieser, J., Bhawal, B., Bilenko, I.A., Billingsley, G., Black, E., Blackburn, K., Blackburn, L., Bland, B., Bochner, B., Bogue, L., Bork, R., Bose, S., Brady, P.R., Braginsky, V.B., Brau, J.E., Brown, D.A., Bullington, A., Bunkowski, A., Buonanno, A., Burgess, R., Busby, D., Butler, W.E., Byer, R.L., Cadonati, L., Cagnoli, G., Camp, J.B., Cannizzo, J., Cannon, K., Cantley, C.A., Cardenas, L., Carter, K., Casey, M.M., Castiglione, J., Chandler, A., Chapsky, J., Charlton, P., Chatterji, S., Chelkowski, S., Chen, Y., Chickarmane, V., Chin, D., Christensen, N., Churches, D., Cokelaer, T., Colacino, C., Coldwell, R., Coles, M., Cook, D., Corbitt, T., Coyne, D., Creighton, J.D.E., Creighton, T.D., Crooks, D.R.M., Csatorday, P., Cusack, B.J., Cutler, C., Dalrymple, J., D'Ambrosio, E., Danzmann, K., Davies, G., Daw, E., DeBra, D., Delker, T., Dergachev, V., Desai, S., DeSalvo, R., Dhurandhar, S., Credico, A.D., Díaz, M., Ding, H., Drever, R.W.P., Dupuis, R.J., Edlund, J.A., Ehrens, P., Elliffe, E.J., Etzel, T., Evans, M., Evans, T., Fairhurst, S., Fallnich, C., Farnham, D., Fejer, M.M., Findley, T., Fine, M., Finn, L.S., Franzen, K.Y., Freise, A., Frey, R., Fritschel, P., Frolov, V.V., Fyffe, M., Ganezer, K.S., Garofoli, J., Giaime, J.A., Gillespie, A., Goda, K., Goggin, L., González, G., Goßler, S., Grandclément, P., Grant, A., Gray, C., Gretarsson, A.M., Grimmett, D., Grote, H., Grunewald, S., Guenther, M., Gustafson, E., Gustafson, R., Hamilton, W.O., Hammond, M., Hanson, J., Hardham, C., Harms, J., Harry, G., Hartunian, A., Heefner, J., Hefetz, Y., Heinzel, G., Heng, I.S., Hennessy, M., Hepler, N., Heptonstall, A., Heurs, M., Hewitson, M., Hild, S., Hindman, N., Hoang, P., Hough, J., Hrynevych, M., Hua, W., Ito, M., Itoh, Y., Ivanov, A., Jennrich, O., Johnson, B., Johnson, W.W., Johnston, W.R., Jones, D.I., Jones, G., Jones, L., Jungwirth, D., Kalogera, V., Katsavounidis, E., Kawabe, K., Kawamura, S., Kells, W., Kern, J., Khan, A., Killbourn, S., Killow, C.J., Kim, C., King, C., King, P., Klimenko, S., Koranda, S., Kötter, K., Kovalik, J., Kozak, D., Krishnan, B., Landry, M., Langdale, J., Lantz, B., Lawrence, R., Lazzarini, A., Lei, M., Leonor, I., Libbrecht, K., Libson, A., Lindquist, P., Liu, S., Logan, J., Lormand, M., Lubinski, M., Lück, H., Luna, M., Lyons, T.T., Machenschalk, B., MacInnis, M., Mageswaran, M., Mailand, K., Majid, W., Malec, M., Mandic, V., Mann, F., Marin, A., Márka, S., Maros, E., Mason, J., Mason, K., Matherny, O., Matone, L., Mavalvala, N., McCarthy, R., McClelland, D.E., McHugh, M., McNabb, J.W.C., Melissinos, A., Mendell, G., Mercer, R.A., Meshkov, S., Messaritaki, E., Messenger, C., Mikhailov, E., Mitra, S., Mitrofanov, V.P., Mitselmakher, G., Mittleman, R., Miyakawa, O., Miyoki, S., Mohanty, S., Moreno, G., Mossavi, K., Mueller, G., Mukherjee, S., Murray, P., Myers, E., Myers, J., Nagano, S., Nash, T., Nayak, R., Newton, G., Nocera, F., Noel, J.S., Nutzman, P., Olson, T., O'Reilly, B., Ottaway, D.J., Ottewill, A., Ouimette, D., Overmier, H., Owen, B.J., Pan, Y., Papa, M.A., Parameshwaraiah, V., Parameswaran, A., Parameswariah, C., Pedraza, M., Penn, S., Pitkin, M., Plissi, M., Prix, R., Quetschke, V., Raab, F., Radkins, H., Rahkola, R., Rakhmanov, M., Rao, S.R., Rawlins, K., Ray-Majumder, S., Re, V., Redding, D., Regehr, M.W., Regimbau, T., Reid, S., Reilly, K.T., Reithmaier, K., Reitze, D.H., Richman, S., Riesen, R., Riles, K., Rivera, B., Rizzi, A., Robertson, D.I., Robertson, N.A., Robinson, C., Robison, L., Roddy, S., Rodriguez, A., Rollins, J., Romano, J.D., Romie, J., Rong, H., Rose, D., Rotthoff, E., Rowan, S., Rüdiger, A., Ruet, L., Russell, P., Ryan, K., Salzman, I., Sandberg, V., Sanders, G.H., Sannibale, V., Sarin, P., Sathyaprakash, B., Saulson, P.R., Savage, R., Sazonov, A., Schilling, R., Schlaufman, K., Schmidt, V., Schnabel, R., Schofield, R., Schutz, B.F., Schwinberg, P., Scott, S.M., Seader, S.E., Searle, A.C., Sears, B., Seel, S., Seifert, F., Sellers, D., Sengupta, A.S., Shapiro, C.A., Shawhan, P., Shoemaker, D.H., Shu, Q.Z., Sibley, A., Siemens, X., Sievers, L., Sigg, D., Sintes, A.M., Smith, J.R., Smith, M., Smith, M.R., Sneddon, P.H., Spero, R., Spjeld, O., Stapfer, G., Steussy, D., Strain, K.A., Strom, D., Stuver, A., Summerscales, T., Sumner, M.C., Sung, M., Sutton, P.J., Sylvestre, J., Takamori, A., Tanner, D.B., Tariq, H., Taylor, I., Taylor, R., Taylor, R., Thorne, K.A., Thorne, K.S., Tibbits, M., Tilav, S., Tinto, M., Tokmakov, K.V., Torres, C., Torrie, C., Traylor, G., Tyler, W., Ugolini, D., Ungarelli, C., Vallisneri, M., Van Putten, M., Vass, S., Vecchio, A., Veitch, J., Vorvick, C., Vyachanin, S.P., Wallace, L., Walther, H., Ward, H., Ward, R., Ware, B., Watts, K., Webber, D., Weidner, A., Weiland, U., Weinstein, A., Weiss, R., Welling, H., Wen, L., Wen, S., Wette, K., Whelan, J.T., Whitcomb, S.E., Whiting, B.F., Wiley, S., Wilkinson, C., Willems, P.A., Williams, P.R., Williams, R., Willke, B., Wilson, A., Winjum, B.J., Winkler, W., Wise, S., Wiseman, A.G., Woan, G., Woods, D., Wooley, R., Worden, J., Wu, W., Yakushin, I., Yamamoto, H., Yoshida, S., Zaleski, K.D., Zanolin, M., Zawischa, I., Zhang, L., Zhu, R., Zotov, N., Zucker, M., Zweizig, J.","First all-sky upper limits from LIGO on the strength of periodic gravitational waves using the Hough transform",2005,"Physical Review D - Particles, Fields, Gravitation and Cosmology","72","10", 102004,"","",,57,10.1103/PhysRevD.72.102004,"https://www.scopus.com/inward/record.uri?eid=2-s2.0-29744448337&doi=10.1103%2fPhysRevD.72.102004&partnerID=40&md5=541d71a6c3b50821f646dccbd5e54a51",Article,Scopus,2-s2.0-29744448337
"Abbott, B., Abbott, R., Adhikari, R., Ageev, A., Allen, B., Amin, R., Anderson, S.B., Anderson, W.G., Araya, M., Armandula, H., Ashley, M., Asiri, F., Aufmuth, P., Aulbert, C., Babak, S., Balasubramanian, R., Ballmer, S., Barish, B.C., Barker, C., Barker, D., Barnes, M., Barr, B., Barton, M.A., Bayer, K., Beausoleil, R., Belczynski, K., Bennett, R., Berukoff, S.J., Betzwieser, J., Bhawal, B., Bilenko, I.A., Billingsley, G., Black, E., Blackburn, K., Blackburn, L., Bland, B., Bochner, B., Bogue, L., Bork, R., Bose, S., Brady, P.R., Braginsky, V.B., Brau, J.E., Brown, D.A., Bullington, A., Bunkowski, A., Buonanno, A., Burgess, R., Busby, D., Butler, W.E., Byer, R.L., Cadonati, L., Cagnoli, G., Camp, J.B., Cantley, C.A., Cardenas, L., Carter, K., Casey, M.M., Castiglione, J., Chandler, A., Chapsky, J., Charlton, P., Chatterji, S., Chelkowski, S., Chen, Y., Chickarmane, V., Chin, D., Christensen, N., Churches, D., Cokelaer, T., Colacino, C., Coldwell, R., Coles, M., Cook, D., Corbitt, T., Coyne, D., Creighton, J.D.E., Creighton, T.D., Crooks, D.R.M., Csatorday, P., Cusack, B.J., Cutler, C., D'Ambrosio, E., Danzmann, K., Daw, E., Debra, D., Delker, T., Dergachev, V., Desalvo, R., Dhurandhar, S., Credico, A.D., Díaz, M., Ding, H., Drever, R.W.P., Dupuis, R.J., Edlund, J.A., Ehrens, P., Elliffe, E.J., Etzel, T., Evans, M., Evans, T., Fairhurst, S., Fallnich, C., Farnham, D., Fejer, M.M., Findley, T., Fine, M., Finn, L.S., Franzen, K.Y., Freise, A., Frey, R., Fritschel, P., Frolov, V.V., Fyffe, M., Ganezer, K.S., Garofoli, J., Giaime, J.A., Gillespie, A., Goda, K., González, G., Goßler, S., Grandclément, P., Grant, A., Gray, C., Gretarsson, A.M., Grimmett, D., Grote, H., Grunewald, S., Guenther, M., Gustafson, E., Gustafson, R., Hamilton, W.O., Hammond, M., Hanson, J., Hardham, C., Harms, J., Harry, G., Hartunian, A., Heefner, J., Hefetz, Y., Heinzel, G., Heng, I.S., Hennessy, M., Hepler, N., Heptonstall, A., Heurs, M., Hewitson, M., Hild, S., Hindman, N., Hoang, P., Hough, J., Hrynevych, M., Hua, W., Ito, M., Itoh, Y., Ivanov, A., Jennrich, O., Johnson, B., Johnson, W.W., Johnston, W.R., Jones, D.I., Jones, L., Jungwirth, D., Kalogera, V., Katsavounidis, E., Kawabe, K., Kawamura, S., Kells, W., Kern, J., Khan, A., Killbourn, S., Killow, C.J., Kim, C., King, C., King, P., Klimenko, S., Koranda, S., Kötter, K., Kovalik, J., Kozak, D., Krishnan, B., Landry, M., Langdale, J., Lantz, B., Lawrence, R., Lazzarini, A., Lei, M., Leonor, I., Libbrecht, K., Libson, A., Lindquist, P., Liu, S., Logan, J., Lormand, M., Lubinski, M., Lück, H., Lyons, T.T., MacHenschalk, B., MacInnis, M., Mageswaran, M., Mailand, K., Majid, W., Malec, M., Mann, F., Marin, A., Márka, S., Maros, E., Mason, J., Mason, K., Matherny, O., Matone, L., Mavalvala, N., McCarthy, R., McClelland, D.E., McHugh, M., McNabb, J.W.C., Mendell, G., Mercer, R.A., Meshkov, S., Messaritaki, E., Messenger, C., Mitrofanov, V.P., Mitselmakher, G., Mittleman, R., Miyakawa, O., Miyoki, S., Mohanty, S., Moreno, G., Mossavi, K., Mueller, G., Mukherjee, S., Murray, P., Myers, J., Nagano, S., Nash, T., Nayak, R., Newton, G., Nocera, F., Noel, J.S., Nutzman, P., Olson, T., O'Reilly, B., Ottaway, D.J., Ottewill, A., Ouimette, D., Overmier, H., Owen, B.J., Pan, Y., Papa, M.A., Parameshwaraiah, V., Parameswaran, A., Parameswariah, C., Pedraza, M., Penn, S., Pitkin, M., Plissi, M., Prix, R., Quetschke, V., Raab, F., Radkins, H., Rahkola, R., Rakhmanov, M., Rao, S.R., Rawlins, K., Ray-Majumder, S., Re, V., Redding, D., Regehr, M.W., Regimbau, T., Reid, S., Reilly, K.T., Reithmaier, K., Reitze, D.H., Richman, S., Riesen, R., Riles, K., Rivera, B., Rizzi, A., Robertson, D.I., Robertson, N.A., Robison, L., Roddy, S., Rollins, J., Romano, J.D., Romie, J., Rong, H., Rose, D., Rotthoff, E., Rowan, S., Rüdiger, A., Russell, P., Ryan, K., Salzman, I., Sandberg, V., Sanders, G.H., Sannibale, V., Sathyaprakash, B., Saulson, P.R., Savage, R., Sazonov, A., Schilling, R., Schlaufman, K., Schmidt, V., Schnabel, R., Schofield, R., Schutz, B.F., Schwinberg, P., Scott, S.M., Seader, S.E., Searle, A.C., Sears, B., Seel, S., Seifert, F., Sengupta, A.S., Shapiro, C.A., Shawhan, P., Shoemaker, D.H., Shu, Q.Z., Sibley, A., Siemens, X., Sievers, L., Sigg, D., Sintes, A.M., Smith, J.R., Smith, M., Smith, M.R., Sneddon, P.H., Spero, R., Stapfer, G., Steussy, D., Strain, K.A., Strom, D., Stuver, A., Summerscales, T., Sumner, M.C., Sutton, P.J., Sylvestre, J., Takamori, A., Tanner, D.B., Tariq, H., Taylor, I., Taylor, R., Taylor, R., Thorne, K.A., Thorne, K.S., Tibbits, M., Tilav, S., Tinto, M., Tokmakov, K.V., Torres, C., Torrie, C., Traylor, G., Tyler, W., Ugolini, D., Ungarelli, C., Vallisneri, M., Van Putten, M., Vass, S., Vecchio, A., Veitch, J., Vorvick, C., Vyachanin, S.P., Wallace, L., Walther, H., Ward, H., Ware, B., Watts, K., Webber, D., Weidner, A., Weiland, U., Weinstein, A., Weiss, R., Welling, H., Wen, L., Wen, S., Whelan, J.T., Whitcomb, S.E., Whiting, B.F., Wiley, S., Wilkinson, C., Willems, P.A., Williams, P.R., Williams, R., Willke, B., Wilson, A., Winjum, B.J., Winkler, W., Wise, S., Wiseman, A.G., Woan, G., Woods, D., Wooley, R., Worden, J., Wu, W., Yakushin, I., Yamamoto, H., Yoshida, S., Zaleski, K.D., Zanolin, M., Zawischa, I., Zhang, L., Zhu, R., Zotov, N., Zucker, M., Zweizig, J.","Search for gravitational waves from primordial black hole binary coalescences in the galactic halo",2005,"Physical Review D - Particles, Fields, Gravitation and Cosmology","72","8", 082002,"","",,53,10.1103/PhysRevD.72.082002,"https://www.scopus.com/inward/record.uri?eid=2-s2.0-29744454867&doi=10.1103%2fPhysRevD.72.082002&partnerID=40&md5=6d52c39d61bbef4354684096e0821c61",Article,Scopus,2-s2.0-29744454867
"Abbott, B., Abbott, R., Adhikari, R., Ageev, A., Allen, B., Amin, R., Anderson, S.B., Anderson, W.G., Araya, M., Armandula, H., Ashley, M., Asiri, F., Aufmuth, P., Aulbert, C., Babak, S., Balasubramanian, R., Ballmer, S., Barish, B.C., Barker, C., Barker, D., Barnes, M., Barr, B., Barton, M.A., Bayer, K., Beausoleil, R., Belczynski, K., Bennett, R., Berukoff, S.J., Betzwieser, J., Bhawal, B., Bilenko, I.A., Billingsley, G., Black, E., Blackburn, K., Blackburn, L., Bland, B., Bochner, B., Bogue, L., Bork, R., Bose, S., Brady, P.R., Braginsky, V.B., Brau, J.E., Brown, D.A., Bullington, A., Bunkowski, A., Buonanno, A., Burgess, R., Busby, D., Butler, W.E., Byer, R.L., Cadonati, L., Cagnoli, G., Camp, J.B., Cantley, C.A., Cardenas, L., Carter, K., Casey, M.M., Castiglione, J., Chandler, A., Chapsky, J., Charlton, P., Chatterji, S., Chelkowski, S., Chen, Y., Chickarmane, V., Chin, D., Christensen, N., Churches, D., Cokelaer, T., Colacino, C., Coldwell, R., Coles, M., Cook, D., Corbitt, T., Coyne, D., Creighton, J.D.E., Creighton, T.D., Crooks, D.R.M., Csatorday, P., Cusack, B.J., Cutler, C., D'Ambrosio, E., Danzmann, K., Daw, E., Debra, D., Delker, T., Dergachev, V., Desalvo, R., Dhurandhar, S., Credico, A.D., Díaz, M., Ding, H., Drever, R.W.P., Dupuis, R.J., Edlund, J.A., Ehrens, P., Elliffe, E.J., Etzel, T., Evans, M., Evans, T., Fairhurst, S., Fallnich, C., Farnham, D., Fejer, M.M., Findley, T., Fine, M., Finn, L.S., Franzen, K.Y., Freise, A., Frey, R., Fritschel, P., Frolov, V.V., Fyffe, M., Ganezer, K.S., Garofoli, J., Giaime, J.A., Gillespie, A., Goda, K., González, G., Goßler, S., Grandclément, P., Grant, A., Gray, C., Gretarsson, A.M., Grimmett, D., Grote, H., Grunewald, S., Guenther, M., Gustafson, E., Gustafson, R., Hamilton, W.O., Hammond, M., Hanson, J., Hardham, C., Harms, J., Harry, G., Hartunian, A., Heefner, J., Hefetz, Y., Heinzel, G., Heng, I.S., Hennessy, M., Hepler, N., Heptonstall, A., Heurs, M., Hewitson, M., Hild, S., Hindman, N., Hoang, P., Hough, J., Hrynevych, M., Hua, W., Ito, M., Itoh, Y., Ivanov, A., Jennrich, O., Johnson, B., Johnson, W.W., Johnston, W.R., Jones, D.I., Jones, L., Jungwirth, D., Kalogera, V., Katsavounidis, E., Kawabe, K., Kawamura, S., Kells, W., Kern, J., Khan, A., Killbourn, S., Killow, C.J., Kim, C., King, C., King, P., Klimenko, S., Koranda, S., Kötter, K., Kovalik, J., Kozak, D., Krishnan, B., Landry, M., Langdale, J., Lantz, B., Lawrence, R., Lazzarini, A., Lei, M., Leonor, I., Libbrecht, K., Libson, A., Lindquist, P., Liu, S., Logan, J., Lormand, M., Lubinski, M., Lück, H., Lyons, T.T., MacHenschalk, B., MacInnis, M., Mageswaran, M., Mailand, K., Majid, W., Malec, M., Mann, F., Marin, A., Márka, S., Maros, E., Mason, J., Mason, K., Matherny, O., Matone, L., Mavalvala, N., McCarthy, R., McClelland, D.E., McHugh, M., McNabb, J.W.C., Mendell, G., Mercer, R.A., Meshkov, S., Messaritaki, E., Messenger, C., Mitrofanov, V.P., Mitselmakher, G., Mittleman, R., Miyakawa, O., Miyoki, S., Mohanty, S., Moreno, G., Mossavi, K., Mueller, G., Mukherjee, S., Murray, P., Myers, J., Nagano, S., Nash, T., Nayak, R., Newton, G., Nocera, F., Noel, J.S., Nutzman, P., Olson, T., O'Reilly, B., Ottaway, D.J., Ottewill, A., Ouimette, D., Overmier, H., Owen, B.J., Pan, Y., Papa, M.A., Parameshwaraiah, V., Parameswaran, A., Parameswariah, C., Pedraza, M., Penn, S., Pitkin, M., Plissi, M., Prix, R., Quetschke, V., Raab, F., Radkins, H., Rahkola, R., Rakhmanov, M., Rao, S.R., Rawlins, K., Ray-Majumder, S., Re, V., Redding, D., Regehr, M.W., Regimbau, T., Reid, S., Reilly, K.T., Reithmaier, K., Reitze, D.H., Richman, S., Riesen, R., Riles, K., Rivera, B., Rizzi, A., Robertson, D.I., Robertson, N.A., Robison, L., Roddy, S., Rollins, J., Romano, J.D., Romie, J., Rong, H., Rose, D., Rotthoff, E., Rowan, S., Rüdiger, A., Russell, P., Ryan, K., Salzman, I., Sandberg, V., Sanders, G.H., Sannibale, V., Sathyaprakash, B., Saulson, P.R., Savage, R., Sazonov, A., Schilling, R., Schlaufman, K., Schmidt, V., Schnabel, R., Schofield, R., Schutz, B.F., Schwinberg, P., Scott, S.M., Seader, S.E., Searle, A.C., Sears, B., Seel, S., Seifert, F., Sengupta, A.S., Shapiro, C.A., Shawhan, P., Shoemaker, D.H., Shu, Q.Z., Sibley, A., Siemens, X., Sievers, L., Sigg, D., Sintes, A.M., Smith, J.R., Smith, M., Smith, M.R., Sneddon, P.H., Spero, R., Stapfer, G., Steussy, D., Strain, K.A., Strom, D., Stuver, A., Summerscales, T., Sumner, M.C., Sutton, P.J., Sylvestre, J., Takamori, A., Tanner, D.B., Tariq, H., Taylor, I., Taylor, R., Taylor, R., Thorne, K.A., Thorne, K.S., Tibbits, M., Tilav, S., Tinto, M., Tokmakov, K.V., Torres, C., Torrie, C., Traylor, G., Tyler, W., Ugolini, D., Ungarelli, C., Vallisneri, M., Van Putten, M., Vass, S., Vecchio, A., Veitch, J., Vorvick, C., Vyachanin, S.P., Wallace, L., Walther, H., Ward, H., Ware, B., Watts, K., Webber, D., Weidner, A., Weiland, U., Weinstein, A., Weiss, R., Welling, H., Wen, L., Wen, S., Whelan, J.T., Whitcomb, S.E., Whiting, B.F., Wiley, S., Wilkinson, C., Willems, P.A., Williams, P.R., Williams, R., Willke, B., Wilson, A., Winjum, B.J., Winkler, W., Wise, S., Wiseman, A.G., Woan, G., Woods, D., Wooley, R., Worden, J., Wu, W., Yakushin, I., Yamamoto, H., Yoshida, S., Zaleski, K.D., Zanolin, M., Zawischa, I., Zhang, L., Zhu, R., Zotov, N., Zucker, M., Zweizig, J.","Search for gravitational waves from galactic and extra-galactic binary neutron stars",2005,"Physical Review D - Particles, Fields, Gravitation and Cosmology","72","8", 082001,"","",,90,10.1103/PhysRevD.72.082001,"https://www.scopus.com/inward/record.uri?eid=2-s2.0-29744435495&doi=10.1103%2fPhysRevD.72.082001&partnerID=40&md5=a6c46283e2ee29ef377933b0fb2344e4",Article,Scopus,2-s2.0-29744435495
"Abbott, B., Abbott, R., Adhikari, R., Ageev, A., Agresti, J., Allen, B., Allen, J., Amin, R., Anderson, S.B., Anderson, W.G., Araya, M., Armandula, H., Ashley, M., Asiri, F., Aufmuth, P., Aulbert, C., Babak, S., Balasubramanian, R., Ballmer, S., Barish, B.C., Barker, C., Barker, D., Barnes, M., Barr, B., Barton, M.A., Bayer, K., Beausoleil, R., Belczynski, K., Bennett, R., Berukoff, S.J., Betzwieser, J., Bhawal, B., Bilenko, I.A., Billingsley, G., Black, E., Blackburn, K., Blackburn, L., Bland, B., Bochner, B., Bogue, L., Bork, R., Bose, S., Brady, P.R., Braginsky, V.B., Brau, J.E., Brown, D.A., Bullington, A., Bunkowski, A., Buonanno, A., Burgess, R., Busby, D., Butler, W.E., Byer, R.L., Cadonati, L., Cagnoli, G., Camp, J.B., Cannizzo, J., Cannon, K., Cantley, C.A., Cardenas, L., Carter, K., Casey, M.M., Castiglione, J., Chandler, A., Chapsky, J., Charlton, P., Chatterji, S., Chelkowski, S., Chen, Y., Chickarmane, V., Chin, D., Christensen, N., Churches, D., Cokelaer, T., Colacino, C., Coldwell, R., Coles, M., Cook, D., Corbitt, T., Coyne, D., Creighton, J.D.E., Creighton, T.D., Crooks, D.R.M., Csatorday, P., Cusack, B.J., Cutler, C., Dalrymple, J., D'Ambrosio, E., Danzmann, K., Davies, G., Daw, E., DeBra, D., Delker, T., Dergachev, V., Desai, S., DeSalvo, R., Dhurandhar, S., Credico, A.D., Díaz, M., Ding, H., Drever, R.W.P., Dupuis, R.J., Edlund, J.A., Ehrens, P., Elliffe, E.J., Etzel, T., Evans, M., Evans, T., Fairhurst, S., Fallnich, C., Farnham, D., Fejer, M.M., Findley, T., Fine, M., Finn, L.S., Franzen, K.Y., Freise, A., Frey, R., Fritschel, P., Frolov, V.V., Fyffe, M., Ganezer, K.S., Garofoli, J., Giaime, J.A., Gillespie, A., Goda, K., Goggin, L., González, G., Goßler, S., Grandclément, P., Grant, A., Gray, C., Gretarsson, A.M., Grimmett, D., Grote, H., Grunewald, S., Guenther, M., Gustafson, E., Gustafson, R., Hamilton, W.O., Hammond, M., Hanson, J., Hardham, C., Harms, J., Harry, G., Hartunian, A., Heefner, J., Hefetz, Y., Heinzel, G., Heng, I.S., Hennessy, M., Hepler, N., Heptonstall, A., Heurs, M., Hewitson, M., Hild, S., Hindman, N., Hoang, P., Hough, J., Hrynevych, M., Hua, W., Ito, M., Itoh, Y., Ivanov, A., Jennrich, O., Johnson, B., Johnson, W.W., Johnston, W.R., Jones, D.I., Jones, G., Jones, L., Jungwirth, D., Kalogera, V., Katsavounidis, E., Kawabe, K., Kawamura, S., Kells, W., Kern, J., Khan, A., Killbourn, S., Killow, C.J., Kim, C., King, C., King, P., Klimenko, S., Koranda, S., Kötter, K., Kovalik, J., Kozak, D., Krishnan, B., Landry, M., Langdale, J., Lantz, B., Lawrence, R., Lazzarini, A., Lei, M., Leonor, I., Libbrecht, K., Libson, A., Lindquist, P., Liu, S., Logan, J., Lormand, M., Lubinski, M., Lück, H., Luna, M., Lyons, T.T., Machenschalk, B., MacInnis, M., Mageswaran, M., Mailand, K., Majid, W., Malec, M., Mandic, V., Mann, F., Marin, A., Márka, S., Maros, E., Mason, J., Mason, K., Matherny, O., Matone, L., Mavalvala, N., McCarthy, R., McClelland, D.E., McHugh, M., Melissinos, A., Mendell, G., Mercer, R.A., Meshkov, S., Messaritaki, E., Messenger, C., Mikhailov, E., Mitra, S., Mitrofanov, V.P., Mitselmakher, G., Mittleman, R., Miyakawa, O., Miyoki, S., Mohanty, S., Moreno, G., Mossavi, K., Mueller, G., Mukherjee, S., Murray, P., Myers, E., Myers, J., Nagano, S., Nash, T., Nayak, R., Newton, G., Nocera, F., Noel, J.S., Nutzman, P., Olson, T., O'Reilly, B., Ottaway, D.J., Ottewill, A., Ouimette, D., Overmier, H., Owen, B.J., Pan, Y., Papa, M.A., Parameshwaraiah, V., Ajith, P., Parameswariah, C., Pedraza, M., Penn, S., Pitkin, M., Plissi, M., Prix, R., Quetschke, V., Raab, F., Radkins, H., Rahkola, R., Rakhmanov, M., Rao, S.R., Rawlins, K., Ray-Majumder, S., Re, V., Redding, D., Regehr, M.W., Regimbau, T., Reid, S., Reilly, K.T., Reithmaier, K., Reitze, D.H., Richman, S., Riesen, R., Riles, K., Rivera, B., Rizzi, A., Robertson, D.I., Robertson, N.A., Robinson, C., Robison, L., Roddy, S., Rodriguez, A., Rollins, J., Romano, J.D., Romie, J., Rong, H., Rose, D., Rotthoff, E., Rowan, S., Rüdiger, A., Ruet, L., Russell, P., Ryan, K., Salzman, I., Sandberg, V., Sanders, G.H., Sannibale, V., Sarin, P., Sathyaprakash, B., Saulson, P.R., Savage, R., Sazonov, A., Schilling, R., Schlaufman, K., Schmidt, V., Schnabel, R., Schofield, R., Schutz, B.F., Schwinberg, P., Scott, S.M., Seader, S.E., Searle, A.C., Sears, B., Seel, S., Seifert, F., Sellers, D., Sengupta, A.S., Shapiro, C.A., Shawhan, P., Shoemaker, D.H., Shu, Q.Z., Sibley, A., Siemens, X., Sievers, L., Sigg, D., Sintes, A.M., Smith, J.R., Smith, M., Smith, M.R., Sneddon, P.H., Spero, R., Spjeld, O., Stapfer, G., Steussy, D., Strain, K.A., Strom, D., Stuver, A., Summerscales, T., Sumner, M.C., Sung, M., Sutton, P.J., Sylvestre, J., Takamori, A., Tanner, D.B., Tariq, H., Taylor, I., Taylor, R., Taylor, R., Thorne, K.A., Thorne, K.S., Tibbits, M., Tilav, S., Tinto, M., Tokmakov, K.V., Torres, C., Torrie, C., Traylor, G., Tyler, W., Ugolini, D., Ungarelli, C., Vallisneri, M., Van Putten, M., Vass, S., Vecchio, A., Veitch, J., Vorvick, C., Vyachanin, S.P., Wallace, L., Walther, H., Ward, H., Ward, R., Ware, B., Watts, K., Webber, D., Weidner, A., Weiland, U., Weinstein, A., Weiss, R., Welling, H., Wen, L., Wen, S., Wette, K., Whelan, J.T., Whitcomb, S.E., Whiting, B.F., Wiley, S., Wilkinson, C., Willems, P.A., Williams, P.R., Williams, R., Willke, B., Wilson, A., Winjum, B.J., Winkler, W., Wise, S., Wiseman, A.G., Woan, G., Woods, D., Wooley, R., Worden, J., Wu, W., Yakushin, I., Yamamoto, H., Yoshida, S., Zaleski, K.D., Zanolin, M., Zawischa, I., Zhang, L., Zhu, R., Zotov, N., Zucker, M., Zweizig, J.","Upper limits on gravitational wave bursts in LIGO's second science run",2005,"Physical Review D - Particles, Fields, Gravitation and Cosmology","72","6", 062001,"","",,55,10.1103/PhysRevD.72.062001,"https://www.scopus.com/inward/record.uri?eid=2-s2.0-29744437020&doi=10.1103%2fPhysRevD.72.062001&partnerID=40&md5=cbbef40adfe33c328b3a0e473b57d4c1",Article,Scopus,2-s2.0-29744437020
"Abbott, B., Abbott, R., Adhikari, R., Ageev, A., Allen, B., Amin, R., Anderson, S.B., Anderson, W.G., Araya, M., Armandula, H., Ashley, M., Asiri, F., Aufmuth, P., Aulbert, C., Babak, S., Balasubramanian, R., Ballmer, S., Barish, B.C., Barker, C., Barker, D., Barnes, M., Barr, B., Barton, M.A., Bayer, K., Beausoleil, R., Belczynski, K., Bennett, R., Berukoff, S.J., Betzwieser, J., Bhawal, B., Bilenko, I.A., Billingsley, G., Black, E., Blackburn, K., Blackburn, L., Bland, B., Bochner, B., Bogue, L., Bork, R., Bose, S., Brady, P.R., Braginsky, V.B., Brau, J.E., Brown, D.A., Bullington, A., Bunkowski, A., Buonanno, A., Burgess, R., Busby, D., Butler, W.E., Byer, R.L., Cadonati, L., Cagnoli, G., Camp, J.B., Cannizzo, J.K., Cantley, C.A., Cardenas, L., Carter, K., Casey, M.M., Castiglione, J., Chandler, A., Chapsky, J., Charlton, P., Chatterji, S., Chelkowski, S., Chen, Y., Chickarmane, V., Chin, D., Christensen, N., Churches, D., Cokelaer, T., Colacino, C., Coldwell, R., Coles, M., Cook, D., Corbitt, T., Coyne, D., Creighton, J.D.E., Creighton, T.D., Crooks, D.R.M., Csatorday, P., Cusack, B.J., Cutler, C., D'Ambrosio, E., Danzmann, K., Daw, E., DeBra, D., Delker, T., Dergachev, V., Desalvo, R., Dhurandhar, S., Credico, A.Di., Diaz, M., Ding, H., Drever, R.W.P., Dupuis, R.J., Edlund, J.A., Ehrens, P., Elliffe, E.J., Etzel, T., Evans, M., Evans, T., Fairhurst, S., Fallnich, C., Farnham, D., Fejer, M.M., Findley, T., Fine, M., Finn, L.S., Franzen, K.Y., Freise, A., Frey, R., Fritschel, P., Frolov, V.V., Fyffe, M., Ganezer, K.S., Garofoli, J., Giaime, J.A., Gillespie, A., Goda, K., González, G., Goßler, S., Grandclément, P., Grant, A., Gray, C., Gretarsson, A.M., Grimmett, D., Grote, H., Grunewald, S., Guenther, M., Gustafson, E., Gustafson, R., Hamilton, W.O., Hammond, M., Hanson, J., Hardham, C., Harms, J., Harry, G., Hartunian, A., Heefner, J., Hefetz, Y., Heinzel, G., Heng, I.S., Hennessy, M., Hepler, N., Heptonstall, A., Heurs, M., Hewitson, M., Hild, S., Hindman, N., Hoang, P., Hough, J., Hrynevych, M., Hua, W., Ito, M., Itoh, Y., Ivanov, A., Jennrich, O., Johnson, B., Johnson, W.W., Johnston, W.R., Jones, D.I., Jones, L., Jungwirth, D., Kalogera, V., Katsavounidis, E., Kawabe, K., Kawamura, S., Kells, W., Kern, J., Khan, A., Killbourn, S., Killow, C.J., Kim, C., King, C., King, P., Klimenko, S., Koranda, S., Kötter, K., Kovalik, J., Kozak, D., Krishnan, B., Landry, M., Langdale, J., Lantz, B., Lawrence, R., Lazzarini, A., Lei, M., Leonor, I., Libbrecht, K., Libson, A., Lindquist, P., Liu, S., Logan, J., Lormand, M., Lubinski, M., Lück, H., Lyons, T.T., MacHenschalk, B., MacInnis, M., Mageswaran, M., Mailand, K., Majid, W., Malec, M., Mann, F., Marin, A., Márka, S., Maros, E., Mason, J., Mason, K., Matherny, O., Matone, L., Mavalvala, N., McCarthy, R., McClelland, D.E., McHugh, M., McNabb, J.W.C., Mendell, G., Mercer, R.A., Meshkov, S., Messaritaki, E., Messenger, C., Mitrofanov, V.P., Mitselmakher, G., Mittleman, R., Miyakawa, O., Miyoki, S., Mohanty, S., Moreno, G., Mossavi, K., Mueller, G., Mukherjee, S., Murray, P., Myers, J., Nagano, S., Nash, T., Nayak, R., Newton, G., Nocera, F., Noel, J.S., Nutzman, P., Olson, T., O'Reilly, B., Ottaway, D.J., Ottewill, A., Ouimette, D., Overmier, H., Owen, B.J., Pan, Y., Papa, M.A., Parameshwaraiah, V., Parameswariah, C., Pedraza, M., Penn, S., Pitkin, M., Plissi, M., Prix, R., Quetschke, V., Raab, F., Radkins, H., Rahkola, R., Rakhmanov, M., Rao, S.R., Rawlins, K., Ray-Majumder, S., Re, V., Redding, D., Regehr, M.W., Regimbau, T., Reid, S., Reilly, K.T., Reithmaier, K., Reitze, D.H., Richman, S., Riesen, R., Riles, K., Rivera, B., Rizzi, A., Robertson, D.I., Robertson, N.A., Robison, L., Roddy, S., Rollins, J., Romano, J.D., Romie, J., Rong, H., Rose, D., Rotthoff, E., Rowan, S., Rüdiger, A., Russell, P., Ryan, K., Salzman, I., Sandberg, V., Sanders, G.H., Sannibale, V., Sathyaprakash, B., Saulson, P.R., Savage, R., Sazonov, A., Schilling, R., Schlaufman, K., Schmidt, V., Schnabel, R., Schofield, R., Schutz, B.F., Schwinberg, P., Scott, S.M., Seader, S.E., Searle, A.C., Sears, B., Seel, S., Seifert, F., Sengupta, A.S., Shapiro, C.A., Shawhan, P., Shoemaker, D.H., Shu, Q.Z., Sibley, A., Siemens, X., Sievers, L., Sigg, D., Sintes, A.M., Smith, J.R., Smith, M., Smith, M.R., Sneddon, P.H., Spero, R., Stapfer, G., Steussy, D., Strain, K.A., Strom, D., Stuver, A., Summerscales, T., Sumner, M.C., Sutton, P.J., Sylvestre, J., Takamori, A., Tanner, D.B., Tariq, H., Taylor, I., Taylor, R., Taylor, R., Thorne, K.A., Thorne, K.S., Tibbits, M., Tilav, S., Tinto, M., Tokmakov, K.V., Torres, C., Torrie, C., Traylor, G., Tyler, W., Ugolini, D., Ungarelli, C., Vallisneri, M., Van Putten, M., Vass, S., Vecchio, A., Veitch, J., Vorvick, C., Vyachanin, S.P., Wallace, L., Walther, H., Ward, H., Ware, B., Watts, K., Webber, D., Weidner, A., Weiland, U., Weinstein, A., Weiss, R., Welling, H., Wen, L., Wen, S., Whelan, J.T., Whitcomb, S.E., Whiting, B.F., Wiley, S., Wilkinson, C., Willems, P.A., Williams, P.R., Williams, R., Willke, B., Wilson, A., Winjum, B.J., Winkler, W., Wise, S., Wiseman, A.G., Woan, G., Wooley, R., Worden, J., Wu, W., Yakushin, I., Yamamoto, H., Yoshida, S., Zaleski, K.D., Zanolin, M., Zawischa, I., Zhang, L., Zhu, R., Zotov, N., Zucker, M., Zweizig, J.","Search for gravitational waves associated with the gamma ray burst GRB030329 using the LIGO detectors",2005,"Physical Review D - Particles, Fields, Gravitation and Cosmology","72","4", 042002,"1","17",,66,10.1103/PhysRevD.72.042002,"https://www.scopus.com/inward/record.uri?eid=2-s2.0-26944437067&doi=10.1103%2fPhysRevD.72.042002&partnerID=40&md5=4eeacee112723edbe600466d3c77d3bd",Article,Scopus,2-s2.0-26944437067
"Anderson, W.G., Wiseman, A.G.","A matched expansion approach to practical self-force calculations",2005,"Classical and Quantum Gravity","22","15",,"S783","S800",,25,10.1088/0264-9381/22/15/010,"https://www.scopus.com/inward/record.uri?eid=2-s2.0-22644447154&doi=10.1088%2f0264-9381%2f22%2f15%2f010&partnerID=40&md5=4330441ef64edfe9e04ae76e7e119361",Article,Scopus,2-s2.0-22644447154
"Abbott, B., Abbott, R., Adhikari, R., Ageev, A., Allen, B., Amin, R., Anderson, S.B., Anderson, W.G., Araya, M., Armandula, H., Ashley, M., Asiri, F., Aufmuth, P., Aulbert, C., Babak, S., Balasubramanian, R., Ballmer, S., Barish, B.C., Barker, C., Barker, D., Barnes, M., Barr, B., Barton, M.A., Bayer, K., Beausoleil, R., Belczynski, K., Bennett, R., Berukoff, S.J., Betzwieser, J., Bhawal, B., Bilenko, I.A., Billingsley, G., Black, E., Blackburn, K., Blackburn, L., Bland, B., Bochner, B., Bogue, L., Bork, R., Bose, S., Brady, P.R., Braginsky, V.B., Brau, J.E., Brown, D.A., Bullington, A., Bunkowski, A., Buonanno, A., Burgess, R., Busby, D., Butler, W.E., Byer, R.L., Cadonati, L., Cagnoli, G., Camp, J.B., Cantley, C.A., Cardenas, L., Carter, K., Casey, M.M., Castiglione, J., Chandler, A., Chapsky, J., Charlton, P., Chatterji, S., Chelkowski, S., Chen, Y., Chickarmane, V., Chin, D., Christensen, N., Churches, D., Cokelaer, T., Colacino, C., Coldwell, R., Coles, M., Cook, D., Corbitt, T., Coyne, D., Creighton, J.D.E., Creighton, T.D., Crooks, D.R.M., Csatorday, P., Cusack, B.J., Cutler, C., D'Ambrosio, E., Danzmann, K., Daw, E., Debra, D., Delker, T., Dergachev, V., Desalvo, R., Dhurandhar, S., Di Credico, A., Diaz, M., Ding, H., Drever, R.W.P., Dupuis, R.J., Edlund, J.A., Ehrens, P., Elliffe, E.J., Etzel, T., Evans, M., Evans, T., Fairhurst, S., Fallnich, C., Farnham, D., Fejer, M.M., Findley, T., Fine, M., Finn, L.S., Franzen, K.Y., Freise, A., Frey, R., Fritschel, P., Frolov, V.V., Fyffe, M., Ganezer, K.S., Garofoli, J., Giaime, J.A., Gillespie, A., Goda, K., González, G., Goßler, S., Grandclément, P., Grant, A., Gray, C., Gretarsson, A.M., Grimmett, D., Grote, H., Grunewald, S., Guenther, M., Gustafson, E., Gustafson, R., Hamilton, W.O., Hammond, M., Hanson, J., Hardham, C., Harms, J., Harry, G., Hartunian, A., Heefner, J., Hefetz, Y., Heinzel, G., Heng, I.S., Hennessy, M., Hepler, N., Heptonstall, A., Heurs, M., Hewitson, M., Hild, S., Hindman, N., Hoang, P., Hough, J., Hrynevych, M., Hua, W., Ito, M., Itoh, Y., Ivanov, A., Jennrich, O., Johnson, B., Johnson, W.W., Johnston, W.R., Jones, D.I., Jones, L., Jungwirth, D., Kalogera, V., Katsavounidis, E., Kawabe, K., Kawamura, S., Keils, W., Kern, J., Khan, A., Killbourn, S., Killow, C.J., Kim, C., King, C., King, P., Klimenko, S., Koranda, S., Kötter, K., Kovalik, J., Kozak, D., Krishnan, B., Landry, M., Langdale, J., Lantz, B., Lawrence, R., Lazzarini, A., Lei, M., Leonor, I., Libbrecht, K., Libson, A., Lindquist, P., Liu, S., Logan, J., Lormand, M., Lubinski, M., Lück, H., Lyons, T.T., Machenschalk, B., Maclnnis, M., Mageswaran, M., Mailand, K., Majid, W., Malec, M., Mann, F., Marin, A., Marka, S., Maros, E., Mason, J., Mason, K., Matherny, O., Matone, L., Mavalvala, N., McCarthy, R., McClelland, D.E., McHugh, M., McNabb, J.W.C., Mendell, G., Mercer, R.A., Meshkov, S., Messaritaki, E., Messenger, C., Mitrofanov, V.P., Mitselmakher, G., Mittleman, R., Miyakawa, O., Miyoki, S., Mohanty, S., Moreno, G., Mossavi, K., Mueller, G., Mukherjee, S., Murray, P., Myers, J., Nagano, S., Nash, T., Nayak, R., Newton, G., Nocera, F., Noel, J.S., Nutzman, P., Olson, T., Oreilly, B., Ottaway, D.J., Ottewill, A., Ouimette, D., Overmier, H., Owen, B.J., Pan, Y., Papa, M.A., Parameshwaraiah, V., Parameswariah, C., Pedraza, M., Penn, S., Pitkin, M., Plissi, M., Prix, R., Quetschke, V., Raab, F., Radkins, H., Rahkola, R., Rakhmanov, M., Rao, S.R., Rawlins, K., Ray-Majumder, S., Re, V., Redding, D., Regehr, M.W., Regimbau, T., Reid, S., Reilly, K.T., Reithmaier, K., Reitze, D.H., Richman, S., Riesen, R., Riles, K., Rivera, B., Rizzi, A., Robertson, D.I., Robertson, N.A., Robison, L., Roddy, S., Rollins, J., Romano, J.D., Romie, J., Rong, H., Rose, D., Rotthoff, E., Rowan, S., Rüdiger, A., Russell, P., Ryan, K., Salzman, I., Sandberg, V., Sanders, G.H., Sannibale, V., Sathyaprakash, B., Saulson, P.R., Savage, R., Sazonov, A., Schilling, R., Schlaufman, K., Schmidt, V., Schnabel, R., Schofleld, R., Schutz, B.F., Schwinberg, P., Scott, S.M., Seader, S.E., Searle, A.C., Sears, B., Seel, S., Seifert, F., Sengupta, A.S., Shapiro, C.A., Shawhan, P., Shoemaker, D.H., Shu, Q.Z., Sibley, A., Siemens, X., Sievers, L., Sigg, D., Suites, A.M., Smith, J.R., Smith, M., Smith, M.R., Sneddon, P.H., Spero, R., Stapfer, G., Steussy, D., Strain, K.A., Strom, D., Stuver, A., Summerscales, T., Sumner, M.C., Sutton, P.J., Sylvestre, J., Takamori, A., Tanner, D.B., Tariq, H., Taylor, I., Taylor, R., Taylor, R., Thorne, K.A., Thorne, K.S., Tibbits, M., Tilav, S., Tinto, M., Tokmakov, K.V., Torres, C., Torrie, C., Traylor, G., Tyler, W., Ugolini, D., Ungarelli, C., Vallisneri, M., Van Putten, M., Vass, S., Vecchio, A., Veitch, J., Vorvick, C., Vyachanin, S.P., Wallace, L., Walther, H., Ward, H., Ware, B., Watts, K., Webber, D., Weidner, A., Weiland, U., Weinstein, A., Weiss, R., Welling, H., Wen, L., Wen, S., Whelan, J.T., Whitcomb, S.E., Whiting, B.F., Wiley, S., Wilkinson, C., Willems, P.A., Williams, P.R., Williams, R., Willke, B., Wilson, A., Winjum, B.J., Winkler, W., Wise, S., Wiseman, A.G., Woan, G., Wooley, R., Worden, J., Wu, W., Yakushin, Yamamoto, H., Yoshida, S., Zaleski, K.D., Zanolin, M., Zawischa, I., Zhang, L., Zhu, R., Zotov, N., Zucker, M., Zweizig, J., Kramer, M., Lyne, A.G.","Limits on gravitational-wave emission from selected pulsars using LIGO data",2005,"Physical Review Letters","94","18", 181103,"","",,97,10.1103/PhysRevLett.94.181103,"https://www.scopus.com/inward/record.uri?eid=2-s2.0-76249123224&doi=10.1103%2fPhysRevLett.94.181103&partnerID=40&md5=44586efbc3843726d5be9761d3c036d5",Review,Scopus,2-s2.0-76249123224
"Abbott, B., Abbott, R., Adhikari, R., Ageev, A., Allen, B., Amin, R., Anderson, S.B., Anderson, W.G., Araya, M., Armandula, H., Asiri, F., Aufmuth, P., Aulbert, C., Babak, S., Balasubramanian, R., Ballmer, S., Barish, B.C., Barker, D., Barker-Patton, C., Barnes, M., Barr, B., Barton, M.A., Bayer, K., Beausoleil, R., Belczynski, K., Bennett, R., Berukoff, S.J., Betzwieser, J., Bhawal, B., Bilenko, I.A., Billingsley, G., Black, E., Blackburn, K., Bland-Weaver, B., Bochner, B., Bogue, L., Bork, R., Bose, S., Brady, P.R., Braginsky, V.B., Brau, J.E., Brown, D.A., Brozek, S., Bullington, A., Buonanno, A., Burgess, R., Busby, D., Butler, W.E., Byer, R.L., Cadonati, L., Cagnoli, G., Camp, J.B., Cantley, C.A., Cardenas, L., Carter, K., Casey, M.M., Castiglione, J., Chandler, A., Chapsky, J., Charlton, P., Chatterji, S., Chen, Y., Chickarmane, V., Chin, D., Christensen, N., Churches, D., Colacino, C., Coldwell, R., Coles, M., Cook, D., Corbitt, T., Coyne, D., Creighton, J.D.E., Creighton, T.D., Crooks, D.R.M., Csatorday, P., Cusack, B.J., Cutler, C., D'Ambrosio, E., Danzmann, K., Davies, R., Daw, E., DeBra, D., Delker, T., DeSalvo, R., Dhurandhar, S., Díaz, M., Ding, H., Drever, R.W.P., Dupuis, R.J., Ebeling, C., Edlund, J., Ehrens, P., Elliffe, E.J., Etzel, T., Evans, M., Evans, T., Fallnich, C., Farnham, D., Fejer, M.M., Fine, M., Finn, L.S., Flanagan, É., Freise, A., Frey, R., Fritschel, P., Frolov, V., Fyffe, M., Ganezer, K.S., Giaime, J.A., Gillespie, A., Goda, K., González, G., Goßler, S., Grandclément, P., Grant, A., Gray, C., Gretarsson, A.M., Grimmett, D., Grote, H., Grunewald, S., Guenther, M., Gustafson, E., Gustafson, R., Hamilton, W.O., Hammond, M., Hanson, J., Hardham, C., Harry, G., Hartunian, A., Heefner, J., Hefetz, Y., Heinzel, G., Heng, I.S., Hennessy, M., Hepler, N., Heptonstall, A., Heurs, M., Hewitson, M., Hindman, N., Hoang, P., Hough, J., Hrynevych, M., Hua, W., Ingley, R., Ito, M., Itoh, Y., Ivanov, A., Jennrich, O., Johnson, W.W., Johnston, W., Jones, L., Jungwirth, D., Kalogera, V., Katsavounidis, E., Kawabe, K., Kawamura, S., Kells, W., Kern, J., Khan, A., Killbourn, S., Killow, C.J., Kim, C., King, C., King, P., Klimenko, S., Kloevekorn, P., Koranda, S., Kötter, K., Kovalik, J., Kozak, D., Krishnan, B., Landry, M., Langdale, J., Lantz, B., Lawrence, R., Lazzarini, A., Lei, M., Leonhardt, V., Leonor, I., Libbrecht, K., Lindquist, P., Liu, S., Logan, J., Lormand, M., Lubinski, M., Lück, H., Lyons, T.T., Machenschalk, B., Maclnnis, M., Mageswaran, M., Mailand, K., Majid, W., Malec, M., Mann, F., Marin, A., Márka, S., Maros, E., Mason, J., Mason, K., Matherny, O., Matone, L., Mavalvala, N., McCarthy, R., McClelland, D.E., McHugh, M., McNamara, P., Mendell, G., Meshkov, S., Messenger, C., Mitrofanov, V.P., Mitselmakher, G., Mittleman, R., Miyakawa, O., Miyoki, S., Mohanty, S., Moreno, G., Mossavi, K., Mours, B., Mueller, G., Mukherjee, S., Myers, J., Nagano, S., Nash, T., Naundorf, H., Nayak, R., Newton, G., Nocera, F., Nutzman, P., Olson, T., O'Reilly, B., Ottaway, D.J., Ottewill, A., Ouimette, D., Overmier, H., Owen, B.J., Papa, M.A., Parameswariah, C., Parameswariah, V., Pedraza, M., Penn, S., Pitkin, M., Plissi, M., Pratt, M., Quetschke, V., Raab, F., Radkins, H., Rahkola, R., Rakhmanov, M., Rao, S.R., Redding, D., Regehr, M.W., Regimbau, T., Reilly, K.T., Reithmaier, K., Reitze, D.H., Richman, S., Riesen, R., Riles, K., Rizzi, A., Robertson, D.I., Robertson, N.A., Robison, L., Roddy, S., Rollins, J., Romano, J.D., Romie, J., Rong, H., Rose, D., Rotthoff, E., Rowan, S., Rüdiger, A., Russell, P., Ryan, K., Salzman, I., Sanders, G.H., Sannibale, V., Sathyaprakash, B., Saulson, P.R., Savage, R., Sazonov, A., Schilling, R., Schlaufman, K., Schmidt, V., Schofield, R., Schrempel, M., Schutz, B.F., Schwinberg, P., Scott, S.M., Searle, A.C., Sears, B., Seel, S., Sengupta, A.S., Shapiro, C.A., Shawhan, P., Shoemaker, D.H., Shu, Q.Z., Sibley, A., Siemens, X., Sievers, L., Sigg, D., Sintes, A.M., Skeldon, K., Smith, J.R., Smith, M., Smith, M.R., Sneddon, P., Spero, R., Stapfer, G., Strain, K.A., Strom, D., Stuver, A., Summerscales, T., Sumner, M.C., Sutton, P.J., Sylvestre, J., Takamori, A., Tanner, D.B., Tariq, H., Taylor, I., Taylor, R., Thorne, K.S., Tibbits, M., Tilav, S., Tinto, M., Tokmakov, K.V., Torres, C., Tome, C., Traeger, S., Traylor, G., Tyler, W., Ugolini, D., Vallisneri, M., van Putten, M., Vass, S., Vecchio, A., Vorvick, C., Vyachanin, S.P., Wallace, L., Walther, H., Ward, H., Ware, B., Watts, K., Webber, D., Weidner, A., Weiland, U., Weinstein, A., Weiss, R., Welling, H., Wen, L., Wen, S., Whelan, J.T., Whitcomb, S.E., Whiting, B.F., Willems, P.A., Williams, P.R., Williams, R., Willke, B., Wilson, A., Winjum, B.J., Winkler, W., Wise, S., Wiseman, A.G., Woan, G., Wooley, R., Worden, J., Yakushin, I., Yamamoto, H., Yoshida, S., Zawischa, I., Zhang, L., Zotov, N., Zucker, M., Zweizig, J.","Analysis of first LIGO science data for stochastic gravitational waves",2004,"Physical Review D","69","12", 122004,"","",,75,10.1103/PhysRevD.69.122004,"https://www.scopus.com/inward/record.uri?eid=2-s2.0-3843133938&doi=10.1103%2fPhysRevD.69.122004&partnerID=40&md5=ddb965cd1795bd3a23784baee5b4d9d0",Article,Scopus,2-s2.0-3843133938
"Brady, P.R., Creighton, J.D.E., Wiseman, A.G.","Upper limits on gravitational-wave signals based on loudest events",2004,"Classical and Quantum Gravity","21","20 SPEC. ISS.",,"S1775","S1781",,38,10.1088/0264-9381/21/20/020,"https://www.scopus.com/inward/record.uri?eid=2-s2.0-7444229289&doi=10.1088%2f0264-9381%2f21%2f20%2f020&partnerID=40&md5=0b781891e92ace022d8f13ec901c02e2",Conference Paper,Scopus,2-s2.0-7444229289
"Allen, B., Woan, G., Abbott, B., Abbott, R., Adhikari, R., Allen, B., Amin, R., Anderson, S.B., Anderson, W.G., Araya, M., Armandula, H., Asiri, F., Aufmuth, P., Aulbert, C., Babak, S., Balasubramanian, R., Ballmer, S., Barish, B.C., Barker, D., Barker-Patton, C., Barnes, M., Barr, B., Barton, M.A., Bayer, K., Beausoleil, R., Belczynski, K., Bennett, R., Berukoff, S.J., Betzwieser, J., Bhawal, B., Billingsley, G., Black, E., Blackburn, K., Bland-Weaver, B., Bochner, B., Bogue, L., Bork, R., Bose, S., Brady, P.R., Brau, J.E., Brown, D.A., Brozek, S., Bullington, A., Buonanno, A., Burgess, R., Busby, D., Butler, W.E., Byer, R.L., Cadonati, L., Cagnoli, G., Camp, J.B., Cantley, C.A., Cardenas, L., Carter, K., Casey, M.M., Castiglione, J., Chandler, A., Chapsky, J., Charlton, P., Chatterji, S., Chen, Y., Chickarmane, V., Chin, D., Christensen, N., Churches, D., Colacino, C., Coldwell, R., Coles, M., Cook, D., Corbitt, T., Coyne, D., Creighton, J.D.E., Creighton, T.D., Crooks, D.R.M., Csatorday, P., Cusack, B.J., Cutler, C., D'Ambrosio, E., Danzmann, K., Davies, R., Daw, E., de Bra, D., Delker, T., de Salvo, R., Dhurandar, S., Díaz, M., Ding, H., Drever, R.W.P., Dupuis, R.J., Ebeling, C., Edlund, J., Ehrens, P., Elliffe, E.J., Etzel, T., Evans, M., Evans, T., Fallnich, C., Farnham, D., Fejer, M.M., Fine, M., Finn, L.S., Flanagan, E., Freise, A., Frey, R., Fritschel, P., Frolov, V., Fyffe, M., Ganezer, K.S., Giaime, J.A., Gillespie, A., Goda, K., González, G., Goßler, S., Grandclément, P., Grant, A., Gray, C., Gretarsson, A.M., Grimmett, D., Grote, H., Grunewald, S., Guenther, M., Gustafson, E., Gustafson, R., Hamilton, W.O., Hammond, M., Hanson, J., Hardham, C., Harry, G., Hartunian, A., Heefner, J., Hefetz, Y., Heinzel, G., Heng, I.S., Hennessy, M., Hepler, N., Heptonstall, A., Heurs, M., Hewitson, M., Hindman, N., Hoang, P., Hough, J., Hrynevych, M., Hua, W., Ingley, R., Ito, M., Itoh, Y., Ivanov, A., Jennrich, O., Johnson, W.W., Johnston, W., Jones, L., Jungwirth, D., Kalogera, V., Katsavounidis, E., Kawabe, K., Kawamura, S., Kells, W., Kern, J., Khan, A., Killbourn, S., Killow, C.J., Kim, C., King, C., King, P., Klimenko, S., Kloevekorn, P., Koranda, S., Kötter, K., Kovalik, J., Kozak, D., Krishnan, B., Landry, M., Langdale, J., Lantz, B., Lawrence, R., Lazzarini, A., Lei, M., Leonhardt, V., Leonor, I., Libbrecht, K., Lindquist, P., Liu, S., Logan, J., Lormand, M., Lubinski, M., Lück, H., Lyons, T.T., Machenschalk, B., MacInnis, M., Mageswaran, M., Mailand, K., Majid, W., Malec, M., Mann, F., Marin, A., Márka, S., Maros, E., Mason, J., Mason, K., Matherny, O., Matone, L., Mavalvala, N., McCarthy, R., McClelland, D.E., McHugh, M., McNamara, P., Mendell, G., Meshkov, S., Messenger, C., Mitselmakher, G., Mittleman, R., Miyakawa, O., Miyoki, S., Mohanty, S., Moreno, G., Mossavi, K., Mours, B., Mueller, G., Mukherjee, S., Myers, J., Nagano, S., Nash, T., Naundorf, H., Nayak, R., Newton, G., Nocera, F., Nutzman, P., Olson, T., O'Reilly, B., Ottaway, D.J., Ottewill, A., Ouimette, D., Overmier, H., Owen, B.J., Papa, M.A., Parameswariah, C., Parameswariah, V., Pedraza, M., Penn, S., Pitkin, M., Plissi, M., Pratt, M., Quetschke, V., Raab, F., Radkins, H., Rahkola, R., Rakhmanov, M., Rao, S.R., Redding, D., Regehr, M.W., Regimbau, T., Reilly, K.T., Reithmaier, K., Reitze, D.H., Richman, S., Riesen, R., Riles, K., Rizzi, A., Robertson, D.I., Robertson, N.A., Robison, L., Roddy, S., Rollins, J., Romano, J.D., Romie, J., Rong, H., Rose, D., Rotthoff, E., Rowan, S., Rüdiger, A., Russell, P., Ryan, K., Salzman, I., Sanders, G.H., Sannibale, V., Sathyaprakash, B., Saulson, P.R., Savage, R., Sazonov, A., Schilling, R., Schlaufman, K., Schmidt, V., Schofield, R., Schrempel, M., Schutz, B.F., Schwinberg, P., Scott, S.M., Searle, A.C., Sears, B., Seel, S., Sengupta, A.S., Shapiro, C.A., Shawhan, P., Shoemaker, D.H., Shu, Q.Z., Sibley, A., Siemens, X., Sievers, L., Sigg, D., Sintes, A.M., Skeldon, K., Smith, J.R., Smith, M., Smith, M.R., Sneddon, P., Spero, R., Stapfer, G., Strain, K.A., Strom, D., Stuver, A., Summerscales, T., Sumner, M.C., Sutton, P.J., Sylvestre, J., Takamori, A., Tanner, D.B., Tariq, H., Taylor, I., Taylor, R., Thorne, K.S., Tibbits, M., Tilav, S., Tinto, M., Torres, C., Torrie, C., Traeger, S., Traylor, G., Tyler, W., Ugolini, D., Vallisneri, M., van Putten, M., Vass, S., Vecchio, A., Vorvick, C., Wallace, L., Walther, H., Ward, H., Ware, B., Watts, K., Webber, D., Weidner, A., Weiland, U., Weinstein, A., Weiss, R., Welling, H., Wen, L., Wen, S., Whelan, J.T., Whitcomb, S.E., Whiting, B.F., Willems, P.A., Williams, P.R., Williams, R., Willke, B., Wilson, A., Winjum, B.J., Winkler, W., Wise, S., Wiseman, A.G., Woan, G., Wooley, R., Worden, J., Yakushin, I., Yamamoto, H., Yoshida, S., Zawischa, I., Zhang, L., Zotov, N., Zucker, M., Zweizig, J.","Upper limits on the strength of periodic gravitational waves from PSR J1939+2134",2004,"Classical and Quantum Gravity","21","5",,"S671","S676",,5,10.1088/0264-9381/21/5/042,"https://www.scopus.com/inward/record.uri?eid=2-s2.0-1642377296&doi=10.1088%2f0264-9381%2f21%2f5%2f042&partnerID=40&md5=d7bc47f3d419aa2373c781551e3645a5",Conference Paper,Scopus,2-s2.0-1642377296
"Abbott, B., Abbott, R., Adhikari, R., Ageev, A., Allen, B., Amin, R., Anderson, S.B., Anderson, W.G., Araya, M., Armandula, H., Asiri, F., Aufmuth, P., Aulbert, C., Babak, S., Balasubramanian, R., Ballmer, S., Barish, B.C., Barker, D., Barker-Patton, C., Barnes, M., Barr, B., Barton, M.A., Bayer, K., Beausoleil, R., Belczynski, K., Bennett, R., Berukoff, S.J., Betzwieser, J., Bhawal, B., Bilenko, I.A., Billingsley, G., Black, E., Blackburn, K., Bland-Weaver, B., Bochner, B., Bogue, L., Bork, R., Bose, S., Brady, P.R., Braginsky, V.B., Brau, J.E., Brown, D.A., Brozek, S., Bullington, A., Buonanno, A., Burgess, R., Busby, D., Butler, W.E., Byer, R.L., Cadonati, L., Cagnoli, G., Camp, J.B., Cantley, C.A., Cardenas, L., Carter, K., Casey, M.M., Castiglione, J., Chandler, A., Chapsky, J., Charlton, P., Chatterji, S., Chen, Y., Chickarmane, V., Chin, D., Christensen, N., Churches, D., Colacino, C., Coldwell, R., Coles, M., Cook, D., Corbitt, T., Coyne, D., Creighton, J.D.E., Creighton, T.D., Crooks, D.R.M., Csatorday, P., Cusack, B.J., Cutler, C., D'Ambrosio, E., Danzmann, K., Davies, R., Daw, E., DeBra, D., Delker, T., DeSalvo, R., Dhurandar, S., Díaz, M., Ding, H., Drever, R.W.P., Dupuis, R.J., Ebeling, C., Edlund, J., Ehrens, P., Elliffe, E.J., Etzel, T., Evans, M., Evans, T., Fallnich, C., Farnham, D., Fejer, M.M., Fine, M., Finn, L.S., Flanagan, E., Freise, A., Frey, R., Fritschel, P., Frolov, V., Fyffe, M., Ganezer, K.S., Giaime, J.A., Gillespie, A., Goda, K., Gonzalez, G., Goßler, S., Grandclement, P., Grant, A., Gray, C., Gretarsson, A.M., Grimmett, D., Grote, H., Grunewald, S., Guenther, M., Gustafson, E., Gustafson, R., Hamilton, W.O., Hammond, M., Hanson, J., Hardham, C., Harry, G., Hartunian, A., Heefner, J., Hefetz, Y., Heinzel, G., Heng, I.S., Hennessy, M., Hepler, N., Heptonstall, A., Heurs, M., Hewitson, M., Hindman, N., Hoang, P., Hough, J., Hrynevych, M., Hua, W., Ingley, R., Ito, M., Itoh, Y., Ivanov, A., Jennrich, O., Johnson, W.W., Johnston, W., Jones, L., Jungwirth, D., Kalogera, V., Katsavounidis, E., Kawabe, K., Kawamura, S., Kells, W., Kern, J., Khan, A., Killbourn, S., Killow, C.J., Kim, C., King, C., King, P., Klimenko, S., Kloevekorn, P., Koranda, S., Kotter, K., Kovalik, J., Kozak, D., Krishnan, B., Landry, M., Langdale, J., Lantz, B., Lawrence, R., Lazzarini, A., Lei, M., Leonhardt, V., Leonor, I., Libbrecht, K., Lindquist, P., Liu, S., Logan, J., Lormand, M., Lubinski, M., Luck, H., Lyons, T.T., Machenschalk, B., MacInnis, M., Mageswaran, M., Mailand, K., Majid, W., Malec, M., Mann, F., Marin, A., Márka, S., Maros, E., Mason, J., Mason, K., Matherny, O., Matone, L., Mavalvala, N., McCarthy, R., McClelland, D.E., McHugh, M., McNamara, P., Mendell, G., Meshkov, S., Messenger, C., Mitrofanov, V.P., Mitselmakher, G., Mittleman, R., Miyakawa, O., Miyoki, S., Mohanty, S., Moreno, G., Mossavi, K., Mours, B., Mueller, G., Mukherjee, S., Myers, J., Nagano, S., Nash, T., Naundorf, H., Nayak, R., Newton, G., Nocera, F., Nutzman, P., Olson, T., O'Reilly, B., Ottaway, D.J., Ottewill, A., Ouimette, D., Overmier, H., Owen, B.J., Papa, M.A., Parameswariah, C., Parameswariah, V., Pedraza, M., Penn, S., Pitkin, M., Plissi, M., Pratt, M., Quetschke, V., Raab, F., Radkins, H., Rahkola, R., Rakhmanov, M., Rao, S.R., Redding, D., Regehr, M.W., Regimbau, T., Reilly, K.T., Reithmaier, K., Reitze, D.H., Richman, S., Riesen, R., Riles, K., Rizzi, A., Robertson, D.I., Robertson, N.A., Robison, L., Roddy, S., Rollins, J., Romano, J.D., Romie, J., Rong, H., Rose, D., Rotthoff, E., Rowan, S., Rüdiger, A., Russell, P., Ryan, K., Salzman, I., Sanders, G.H., Sannibale, V., Sathyaprakash, B., Saulson, P.R., Savage, R., Sazonov, A., Schilling, R., Schlaufman, K., Schmidt, V., Schofield, R., Schrempel, M., Schutz, B.F., Schwinberg, P., Scott, S.M., Searle, A.C., Sears, B., Seel, S., Sengupta, A.S., Shapiro, C.A., Shawhan, P., Shoemaker, D.H., Shu, Q.Z., Sibley, A., Siemens, X., Sievers, L., Sigg, D., Sintes, A.M., Skeldon, K., Smith, J.R., Smith, M., Smith, M.R., Sneddon, P., Spero, R., Stapfer, G., Strain, K.A., Strom, D., Stuver, A., Summerscales, T., Sumner, M.C., Sutton, P.J., Sylvestre, J., Takamori, A., Tanner, D.B., Tariq, H., Taylor, I., Taylor, R., Thorne, K.S., Tibbits, M., Tilav, S., Tinto, M., Tokmakov, K.V., Torres, C., Torrie, C., Traeger, S., Traylor, G., Tyler, W., Ugolini, D., Vallisneri, M., van Putten, M., Vass, S., Vecchio, A., Vorvick, C., Vyatchanin, S.P., Wallace, L., Walther, H., Ward, H., Ware, B., Watts, K., Webber, D., Weidner, A., Weiland, U., Weinstein, A., Weiss, R., Welling, H., Wen, L., Wen, S., Whelan, J.T., Whitcomb, S.E., Whiting, B.F., Willems, P.A., Williams, P.R., Williams, R., Willke, B., Wilson, A., Winjum, B.J., Winkler, W., Wise, S., Wiseman, A.G., Woan, G., Wooley, R., Worden, J., Yakushin, I., Yamamoto, H., Yoshida, S., Zawischa, I., Zhang, L., Zotov, N., Zucker, M., Zweizig, J.","Detector description and performance for the first coincidence observations between LIGO and GEO",2004,"Nuclear Instruments and Methods in Physics Research, Section A: Accelerators, Spectrometers, Detectors and Associated Equipment","517","1-3",,"154","179",,255,10.1016/j.nima.2003.11.124,"https://www.scopus.com/inward/record.uri?eid=2-s2.0-0346338298&doi=10.1016%2fj.nima.2003.11.124&partnerID=40&md5=c6c4076cbc8e323b6c1de10e3fc78ae9",Review,Scopus,2-s2.0-0346338298
"Wiseman, A.G.","Self-force on a static scalar test charge outside a Schwarzschild black hole",2000,"Physical Review D - Particles, Fields, Gravitation and Cosmology","61","8", 084014,"1","14",,52,,"https://www.scopus.com/inward/record.uri?eid=2-s2.0-17044436949&partnerID=40&md5=0d5bb20efbcd828081016971b9ae1e29",Article,Scopus,2-s2.0-17044436949
"Allen, B., Blackburn, J.K., Brady, P.R., Creighton, J.D.E., Creighton, T., Droz, S., Gillespie, A.D., Hughes, S.A., Kawamura, S., Lyons, T.T., Mason, J.E., Owen, B.J., Raab, F.J., Regehr, M.W., Sathyaprakash, B.S., Savage Jr., R.L., Whitcomb, S., Wiseman, A.G.","Observational limit on gravitational waves from binary neutron stars in the Galaxy",1999,"Physical Review Letters","83","8",,"1498","1501",,54,,"https://www.scopus.com/inward/record.uri?eid=2-s2.0-0000760603&partnerID=40&md5=a58d30242d3b5f09540c1a2e5f62bec7",Article,Scopus,2-s2.0-0000760603
"Wiseman, A.G.","The central density of neutron stars in close binaries",1997,"Physical Review Letters","79","7",,"1189","1192",,23,,"https://www.scopus.com/inward/record.uri?eid=2-s2.0-0001918946&partnerID=40&md5=1e1275139cd054213c15f26044b9db43",Article,Scopus,2-s2.0-0001918946
"Blanchet, L., Iyer, B.R., Will, C.M., Wiseman, A.G.","Gravitational waveforms from inspiralling compact binaries to second-post-Newtonian order",1996,"Classical and Quantum Gravity","13","4",,"575","584",,216,10.1088/0264-9381/13/4/002,"https://www.scopus.com/inward/record.uri?eid=2-s2.0-21344431653&doi=10.1088%2f0264-9381%2f13%2f4%2f002&partnerID=40&md5=e13ec75aa5fb7ecf82fabb116cb8e7bf",Article,Scopus,2-s2.0-21344431653
"Will, C.M., Wiseman, A.G.","Gravitational radiation from compact binary systems: Gravitational waveforms and energy loss to second post-Newtonian order",1996,"Physical Review D - Particles, Fields, Gravitation and Cosmology","54","8",,"4813","4848",,199,,"https://www.scopus.com/inward/record.uri?eid=2-s2.0-0001608922&partnerID=40&md5=ddc9fab0ddcaaf084e7281ba3701323b",Article,Scopus,2-s2.0-0001608922
"Lad, D., Wiseman, A.G.","Innermost stable circular orbit of inspiraling neutron-star binaries: Tidal effects, post-Newtonian effects, and the neutron-star equation of state",1996,"Physical Review D - Particles, Fields, Gravitation and Cosmology","54","6",,"3958","3964",,49,,"https://www.scopus.com/inward/record.uri?eid=2-s2.0-0001842353&partnerID=40&md5=e3d152aea65f200d3bc148bf5de5c88f",Article,Scopus,2-s2.0-0001842353
"Blanchet, L., Damour, T., Iyer, B.R., Will, C.M., Wiseman, A.G.","Gravitational-radiation damping of compact binary systems to second post-Newtonian order",1995,"Physical Review Letters","74","18",,"3515","3518",,275,10.1103/PhysRevLett.74.3515,"https://www.scopus.com/inward/record.uri?eid=2-s2.0-0000317659&doi=10.1103%2fPhysRevLett.74.3515&partnerID=40&md5=aab3feb8ae2756a4b4d6f2124b6aa57b",Article,Scopus,2-s2.0-0000317659
"Wiseman, A.G.","Coalescing binary systems of compact objects to (post)52-Newtonian order. IV. the gravitational wave tail",1993,"Physical Review D","48","10",,"4757","4770",,56,10.1103/PhysRevD.48.4757,"https://www.scopus.com/inward/record.uri?eid=2-s2.0-33750275026&doi=10.1103%2fPhysRevD.48.4757&partnerID=40&md5=04fda4f219a2eb5abc35d5647ad60bba",Article,Scopus,2-s2.0-33750275026
"Kidder, L.E., Will, C.M., Wiseman, A.G.","Spin effects in the inspiral of coalescing compact binaries",1993,"Physical Review D","47","10",,"R4183","R4187",,184,10.1103/PhysRevD.47.R4183,"https://www.scopus.com/inward/record.uri?eid=2-s2.0-0000978938&doi=10.1103%2fPhysRevD.47.R4183&partnerID=40&md5=9b0719acf8674e8ff2943880dfd950d8",Article,Scopus,2-s2.0-0000978938
"Kidder, L.E., Will, C.M., Wiseman, A.G.","Coalescing binary systems of compact objects to (post)52-Newtonian order. III. Transition from inspiral to plunge",1993,"Physical Review D","47","8",,"3281","3291",,95,10.1103/PhysRevD.47.3281,"https://www.scopus.com/inward/record.uri?eid=2-s2.0-33750194308&doi=10.1103%2fPhysRevD.47.3281&partnerID=40&md5=a4d314ce68b6dd56045bdcef37844a1f",Article,Scopus,2-s2.0-33750194308
"Kidder, L.E., Will, C.M., Wiseman, A.G.","Innermost stable orbits for coalescing binary systems of compact objects",1992,"Classical and Quantum Gravity","9","9", 004,"L125","L131",,51,10.1088/0264-9381/9/9/004,"https://www.scopus.com/inward/record.uri?eid=2-s2.0-36149037462&doi=10.1088%2f0264-9381%2f9%2f9%2f004&partnerID=40&md5=e42229029cf01996c9510a79e7c17677",Article,Scopus,2-s2.0-36149037462
"Wiseman, A.G.","Coalescing binary systems of compact objects to (post)5/2-Newtonian order. II. Higher-order wave forms and radiation recoil",1992,"Physical Review D","46","4",,"1517","1539",,79,10.1103/PhysRevD.46.1517,"https://www.scopus.com/inward/record.uri?eid=2-s2.0-0009088339&doi=10.1103%2fPhysRevD.46.1517&partnerID=40&md5=a990486fcfc973518d1fe37b6585f12e",Article,Scopus,2-s2.0-0009088339
"Wiseman, A.G., Will, C.M.","Christodoulou's nonlinear gravitational-wave memory: Evaluation in the quadrupole approximation",1991,"Physical Review D","44","10",,"R2945","R2949",,62,10.1103/PhysRevD.44.R2945,"https://www.scopus.com/inward/record.uri?eid=2-s2.0-0001722299&doi=10.1103%2fPhysRevD.44.R2945&partnerID=40&md5=00479ac38aadbc9b5397fe79965947d5",Article,Scopus,2-s2.0-0001722299
"WILL, C.M., LINCOLN, C.W., WISEMAN, A.G.","Coalescing Binary Systems of Compact Objects to (Post)5/2‐Newtonian Order",1991,"Annals of the New York Academy of Sciences","631","1",,"126","136",,1,10.1111/j.1749-6632.1991.tb52637.x,"https://www.scopus.com/inward/record.uri?eid=2-s2.0-0026408026&doi=10.1111%2fj.1749-6632.1991.tb52637.x&partnerID=40&md5=6cce0585587903d2c206ef9da842376b",Article,Scopus,2-s2.0-0026408026
