Authors,Title,Year,Source title,Volume,Issue,Art. No.,Page start,Page end,Page count,Cited by,DOI,Link,Document Type,Source,EID
"Xiang, L., Kaluarachchi, U.S., Böhmer, A.E., Taufour, V., Tanatar, M.A., Prozorov, R., Bud'Ko, S.L., Canfield, P.C.","Dome of magnetic order inside the nematic phase of sulfur-substituted FeSe under pressure",2017,"Physical Review B","96","2", 024511,"","",,,10.1103/PhysRevB.96.024511,"https://www.scopus.com/inward/record.uri?eid=2-s2.0-85026385279&doi=10.1103%2fPhysRevB.96.024511&partnerID=40&md5=24597774246138a537ee045977290f26",Article,Scopus,2-s2.0-85026385279
"Cho, K., Fente, A., Teknowijoyo, S., Tanatar, M.A., Joshi, K.R., Nusran, N.M., Kong, T., Meier, W.R., Kaluarachchi, U., Guillamón, I., Suderow, H., Bud'Ko, S.L., Canfield, P.C., Prozorov, R.","Nodeless multiband superconductivity in stoichiometric single-crystalline CaKFe4As4",2017,"Physical Review B","95","10", 100502,"","",,1,10.1103/PhysRevB.95.100502,"https://www.scopus.com/inward/record.uri?eid=2-s2.0-85014847129&doi=10.1103%2fPhysRevB.95.100502&partnerID=40&md5=8ae739ae01f3921b0607855eeb3fc94f",Article,Scopus,2-s2.0-85014847129
"Khan, M.A., Karki, A.B., Samanta, T., Browne, D., Stadler, S., Vekhter, I., Pandey, A., Adams, P.W., Young, D.P., Teknowijoyo, S., Cho, K., Prozorov, R., Graf, D.E.","Complex superconductivity in the noncentrosymmetric compound Re6Zr",2016,"Physical Review B","94","14", 144515,"","",,1,10.1103/PhysRevB.94.144515,"https://www.scopus.com/inward/record.uri?eid=2-s2.0-84994330109&doi=10.1103%2fPhysRevB.94.144515&partnerID=40&md5=9253ae4d956bfab9b44763b9373ed8bd",Article,Scopus,2-s2.0-84994330109
"Bekaert, J., Vercauteren, S., Aperis, A., Komendová, L., Prozorov, R., Partoens, B., Milošević, M.V.","Anisotropic type-I superconductivity and anomalous superfluid density in OsB2",2016,"Physical Review B","94","14", 144506,"","",,1,10.1103/PhysRevB.94.144506,"https://www.scopus.com/inward/record.uri?eid=2-s2.0-84992135623&doi=10.1103%2fPhysRevB.94.144506&partnerID=40&md5=25652cf78f0c3a48b742bb8ee2d31b4f",Article,Scopus,2-s2.0-84992135623
"Kissikov, T., Dioguardi, A.P., Timmons, E.I., Tanatar, M.A., Prozorov, R., Bud'Ko, S.L., Canfield, P.C., Fernandes, R.M., Curro, N.J.","NMR study of nematic spin fluctuations in a detwinned single crystal of underdoped Ba(Fe1-xCox)2As2",2016,"Physical Review B","94","16", 165123,"","",,1,10.1103/PhysRevB.94.165123,"https://www.scopus.com/inward/record.uri?eid=2-s2.0-84992063470&doi=10.1103%2fPhysRevB.94.165123&partnerID=40&md5=144c60ae316dce554debfa642bee3c1a",Article,Scopus,2-s2.0-84992063470
"Tanatar, M.A., Böhmer, A.E., Timmons, E.I., Schütt, M., Drachuck, G., Taufour, V., Kothapalli, K., Kreyssig, A., Bud'Ko, S.L., Canfield, P.C., Fernandes, R.M., Prozorov, R.","Origin of the Resistivity Anisotropy in the Nematic Phase of FeSe",2016,"Physical Review Letters","117","12", 127001,"","",,8,10.1103/PhysRevLett.117.127001,"https://www.scopus.com/inward/record.uri?eid=2-s2.0-84990184013&doi=10.1103%2fPhysRevLett.117.127001&partnerID=40&md5=a046998dbf5b941d9ed3e7e6d16a7f20",Article,Scopus,2-s2.0-84990184013
"Teknowijoyo, S., Cho, K., Tanatar, M.A., Gonzales, J., Böhmer, A.E., Cavani, O., Mishra, V., Hirschfeld, P.J., Bud'Ko, S.L., Canfield, P.C., Prozorov, R.","Enhancement of superconducting transition temperature by pointlike disorder and anisotropic energy gap in FeSe single crystals",2016,"Physical Review B","94","6", 064521,"","",,6,10.1103/PhysRevB.94.064521,"https://www.scopus.com/inward/record.uri?eid=2-s2.0-84985898303&doi=10.1103%2fPhysRevB.94.064521&partnerID=40&md5=4cf9d981a6bae26d1116146377c06276",Article,Scopus,2-s2.0-84985898303
"Meier, W.R., Kong, T., Kaluarachchi, U.S., Taufour, V., Jo, N.H., Drachuck, G., Böhmer, A.E., Saunders, S.M., Sapkota, A., Kreyssig, A., Tanatar, M.A., Prozorov, R., Goldman, A.I., Balakirev, F.F., Gurevich, A., Bud'Ko, S.L., Canfield, P.C.","Anisotropic thermodynamic and transport properties of single-crystalline CaKFe4As4",2016,"Physical Review B","94","6", 064501,"","",,4,10.1103/PhysRevB.94.064501,"https://www.scopus.com/inward/record.uri?eid=2-s2.0-84982993853&doi=10.1103%2fPhysRevB.94.064501&partnerID=40&md5=5dc8776f06e230c8a8655692a3aaad04",Article,Scopus,2-s2.0-84982993853
"Reid, J.-P., Tanatar, M.A., Luo, X.G., Shakeripour, H., De Cotret, S.R., Juneau-Fecteau, A., Chang, J., Shen, B., Wen, H.-H., Kim, H., Prozorov, R., Doiron-Leyraud, N., Taillefer, L.","Doping evolution of the superconducting gap structure in the underdoped iron arsenide Ba1-x KxFe2As2 revealed by thermal conductivity",2016,"Physical Review B","93","21", 214519,"","",,2,10.1103/PhysRevB.93.214519,"https://www.scopus.com/inward/record.uri?eid=2-s2.0-84978100620&doi=10.1103%2fPhysRevB.93.214519&partnerID=40&md5=5ed2765bc0ae53b2eb2e4e95a0c47b0b",Article,Scopus,2-s2.0-84978100620
"Kogan, V.G., Prozorov, R.","Interband coupling and nonmagnetic interband scattering in ±s superconductors INTERBAND COUPLING and NONMAGNETIC INTERBAND ⋯ V. G. KOGAN and R. PROZOROV",2016,"Physical Review B","93","22", 224515,"","",,2,10.1103/PhysRevB.93.224515,"https://www.scopus.com/inward/record.uri?eid=2-s2.0-84976619507&doi=10.1103%2fPhysRevB.93.224515&partnerID=40&md5=9743bafa663af7faad60be18f0fde14b",Article,Scopus,2-s2.0-84976619507
"Hassinger, E., Gredat, G., Valade, F., De Cotret, S.R., Cyr-Choinière, O., Juneau-Fecteau, A., Reid, J.-P., Kim, H., Tanatar, M.A., Prozorov, R., Shen, B., Wen, H.-H., Doiron-Leyraud, N., Taillefer, L.","Expansion of the tetragonal magnetic phase with pressure in the iron arsenide superconductor Ba1-x KxFe2As2",2016,"Physical Review B","93","14", 144401,"","",,4,10.1103/PhysRevB.93.144401,"https://www.scopus.com/inward/record.uri?eid=2-s2.0-84963744307&doi=10.1103%2fPhysRevB.93.144401&partnerID=40&md5=bdf6008c6dfa963d3adc97a44671e457",Article,Scopus,2-s2.0-84963744307
"Gordon, R.T., Vannette, M.D., Strychalska, J., Klimczuk, T., Cava, R.J., Prozorov, R.","Superconductivity and itinerant ferromagnetism of Y<inf>9</inf>Co<inf>7</inf> probed by ac susceptibility",2016,"Journal of Physics Condensed Matter","28","16", 166006,"","",,,10.1088/0953-8984/28/16/166006,"https://www.scopus.com/inward/record.uri?eid=2-s2.0-84963623332&doi=10.1088%2f0953-8984%2f28%2f16%2f166006&partnerID=40&md5=4e58eb9d6246ec7651a08eed3c267058",Article,Scopus,2-s2.0-84963623332
"Jiang, S., Liu, C., Cao, H., Birol, T., Allred, J.M., Tian, W., Liu, L., Cho, K., Krogstad, M.J., Ma, J., Taddei, K.M., Tanatar, M.A., Hoesch, M., Prozorov, R., Rosenkranz, S., Uemura, Y.J., Kotliar, G., Ni, N.","Erratum: Structural and magnetic phase transitions in Ca0.73La0.27FeAs2 with electron-overdoped FeAs layers (Physical Review B - Condensed Matter and Materials Physics (2016) 93 (054522))",2016,"Physical Review B","93","9", 099902,"","",,,10.1103/PhysRevB.93.099902,"https://www.scopus.com/inward/record.uri?eid=2-s2.0-84960984304&doi=10.1103%2fPhysRevB.93.099902&partnerID=40&md5=efc671c7dbf54b8ebe2226ddafc3d901",Erratum,Scopus,2-s2.0-84960984304
"Jiang, S., Liu, C., Cao, H., Birol, T., Allred, J.M., Tian, W., Liu, L., Cho, K., Krogstad, M.J., Ma, J., Taddei, K.M., Tanatar, M.A., Hoesch, M., Prozorov, R., Rosenkranz, S., Uemura, Y.J., Kotliar, G., Ni, N.","Structural and magnetic phase transitions in Ca0.73La0.27FeAs2 with electron-overdoped FeAs layers",2016,"Physical Review B","93","5", 054522,"","",,10,10.1103/PhysRevB.93.054522,"https://www.scopus.com/inward/record.uri?eid=2-s2.0-84960076454&doi=10.1103%2fPhysRevB.93.054522&partnerID=40&md5=963bdc7c6d7c3171ad0d28fd9a4a05ff",Article,Scopus,2-s2.0-84960076454
"Kaluarachchi, U.S., Taufour, V., Böhmer, A.E., Tanatar, M.A., Bud'Ko, S.L., Kogan, V.G., Prozorov, R., Canfield, P.C.","Nonmonotonic pressure evolution of the upper critical field in superconducting FeSe",2016,"Physical Review B","93","6", 064503,"","",,10,10.1103/PhysRevB.93.064503,"https://www.scopus.com/inward/record.uri?eid=2-s2.0-84958214319&doi=10.1103%2fPhysRevB.93.064503&partnerID=40&md5=941dd1c2448016fd85ad75633c700898",Article,Scopus,2-s2.0-84958214319
"Willa, R., Geshkenbein, V.B., Prozorov, R., Blatter, G.","Campbell response in type-II superconductors under strong pinning conditions",2015,"Physical Review Letters","115","20", 207001,"","",,3,10.1103/PhysRevLett.115.207001,"https://www.scopus.com/inward/record.uri?eid=2-s2.0-84948408975&doi=10.1103%2fPhysRevLett.115.207001&partnerID=40&md5=3b3dbbb86f62f6079e153be0ec20a2d1",Article,Scopus,2-s2.0-84948408975
"Cui, J., Roy, B., Tanatar, M.A., Ran, S., Bud'Ko, S.L., Prozorov, R., Canfield, P.C., Furukawa, Y.","Antiferromagnetic spin correlations and pseudogaplike behavior in Ca(Fe1-xCox)2As2 studied by As 75 nuclear magnetic resonance and anisotropic resistivity",2015,"Physical Review B - Condensed Matter and Materials Physics","92","18", 184504,"","",,3,10.1103/PhysRevB.92.184504,"https://www.scopus.com/inward/record.uri?eid=2-s2.0-84948460149&doi=10.1103%2fPhysRevB.92.184504&partnerID=40&md5=e48889432e776738be343dff6fe8f4c8",Article,Scopus,2-s2.0-84948460149
"Zhang, J.T., Kim, J., Huefner, M., Ye, C., Kim, S., Canfield, P.C., Prozorov, R., Auslaender, O.M., Hoffman, J.E.","Single-vortex pinning and penetration depth in superconducting NdFeAsO1-x Fx",2015,"Physical Review B - Condensed Matter and Materials Physics","92","13", 134509,"","",,3,10.1103/PhysRevB.92.134509,"https://www.scopus.com/inward/record.uri?eid=2-s2.0-84944711323&doi=10.1103%2fPhysRevB.92.134509&partnerID=40&md5=40c49a2a0a8d8b8f43944296ec45c7fb",Article,Scopus,2-s2.0-84944711323
"Mun, E., Bud'ko, S.L., Lee, Y., Martin, C., Tanatar, M.A., Prozorov, R., Canfield, P.C.","Quantum oscillations in the heavy-fermion compound YbPtBi",2015,"Physical Review B - Condensed Matter and Materials Physics","92","8", 085135,"","",,2,10.1103/PhysRevB.92.085135,"https://www.scopus.com/inward/record.uri?eid=2-s2.0-84940055237&doi=10.1103%2fPhysRevB.92.085135&partnerID=40&md5=40a51f679db26be1933f30935f54f5a4",Article,Scopus,2-s2.0-84940055237
"Kim, H., Ran, S., Mun, E.D., Hodovanets, H., Tanatar, M.A., Prozorov, R., Bud'ko, S.L., Canfield, P.C.","Crystal growth and annealing study of fragile, non-bulk superconductivity in YFe<inf>2</inf>Ge<inf>2</inf>",2015,"Philosophical Magazine","95","7",,"804","818",,4,10.1080/14786435.2015.1004378,"https://www.scopus.com/inward/record.uri?eid=2-s2.0-84988231194&doi=10.1080%2f14786435.2015.1004378&partnerID=40&md5=ccb79d7b1a09580ed0ec0a743e7a9cce",Article,Scopus,2-s2.0-84988231194
"Kim, H., Tanatar, M.A., Flint, R., Petrovic, C., Hu, R., White, B.D., Lum, I.K., Maple, M.B., Prozorov, R.","Nodal to nodeless superconducting energy-gap structure change concomitant with fermi-surface reconstruction in the heavy-fermion compound CeCoIn5",2015,"Physical Review Letters","114","2", 027003,"","",,11,10.1103/PhysRevLett.114.027003,"https://www.scopus.com/inward/record.uri?eid=2-s2.0-84921684291&doi=10.1103%2fPhysRevLett.114.027003&partnerID=40&md5=a14d13967a22becb3c52bf41c9726594",Article,Scopus,2-s2.0-84921684291
"Kogan, V.G., Prozorov, R.","Changing the type of superconductivity by magnetic and potential scattering",2014,"Physical Review B - Condensed Matter and Materials Physics","90","18", 180502,"","",,3,10.1103/PhysRevB.90.180502,"https://www.scopus.com/inward/record.uri?eid=2-s2.0-84911437702&doi=10.1103%2fPhysRevB.90.180502&partnerID=40&md5=086d918cd70cf1453d5eb7ee53aae6e6",Article,Scopus,2-s2.0-84911437702
"Cho, K., Tanatar, M.A., Ni, N., Prozorov, R.","Doping-evolution of the superconducting gap in single crystals of (Ca<inf>1-x</inf>La<inf>x</inf>)<inf>10</inf>(Pt<inf>3</inf>As<inf>8</inf>)(Fe<inf>2</inf>As<inf>2</inf>)<inf>5</inf>superconductor from London penetration depth measurements",2014,"Superconductor Science and Technology","27","10", 104006,"","",,1,10.1088/0953-2048/27/10/104006,"https://www.scopus.com/inward/record.uri?eid=2-s2.0-84907222769&doi=10.1088%2f0953-2048%2f27%2f10%2f104006&partnerID=40&md5=65922e89853c29c8c7894144e506c1f2",Article,Scopus,2-s2.0-84907222769
"Cho, K., Kończykowski, M., Murphy, J., Kim, H., Tanatar, M.A., Straszheim, W.E., Shen, B., Wen, H.H., Prozorov, R.","Effects of electron irradiation on resistivity and London penetration depth of Ba1-x Kx Fe2 As2 (x≤0.34) iron-pnictide superconductor EFFECTS of ELECTRON IRRADIATION on ... K. CHO et al.",2014,"Physical Review B - Condensed Matter and Materials Physics","90","10", 104514,"","",,9,10.1103/PhysRevB.90.104514,"https://www.scopus.com/inward/record.uri?eid=2-s2.0-84907246466&doi=10.1103%2fPhysRevB.90.104514&partnerID=40&md5=99410ff93b77cadd74292b85232897c2",Article,Scopus,2-s2.0-84907246466
"Smith, G.J., Simonson, J.W., Orvis, T., Marques, C., Grose, J.E., Kistner-Morris, J.J., Wu, L., Cho, K., Kim, H., Tanatar, M.A., Garlea, V.O., Prozorov, R., Zhu, Y., Aronson, M.C.","Intrinsic nanostructure in Zr<inf>2-x</inf>Fe<inf>4</inf>Si <inf>16-y</inf>(x=0.81, y=6.06)",2014,"Journal of Physics Condensed Matter","26","37", 376002,"","",,,10.1088/0953-8984/26/37/376002,"https://www.scopus.com/inward/record.uri?eid=2-s2.0-84906766126&doi=10.1088%2f0953-8984%2f26%2f37%2f376002&partnerID=40&md5=bf77f09f71e5bec739dc957d56dcf228",Article,Scopus,2-s2.0-84906766126
"Kogan, V.G., Prozorov, R.","Anisotropic criteria for the type of superconductivity",2014,"Physical Review B - Condensed Matter and Materials Physics","90","5", 054516,"","",,3,10.1103/PhysRevB.90.054516,"https://www.scopus.com/inward/record.uri?eid=2-s2.0-84911441982&doi=10.1103%2fPhysRevB.90.054516&partnerID=40&md5=483d3bde55d16d0a3bceced5b599c355",Article,Scopus,2-s2.0-84911441982
"Strehlow, C.P., Kończykowski, M., Murphy, J.A., Teknowijoyo, S., Cho, K., Tanatar, M.A., Kobayashi, T., Miyasaka, S., Tajima, S., Prozorov, R.","Comparative study of the effects of electron irradiation and natural disorder in single crystals of SrFe2(As1-x Px)2 superconductor (x=0.35)",2014,"Physical Review B - Condensed Matter and Materials Physics","90","2", 020508,"","",,6,10.1103/PhysRevB.90.020508,"https://www.scopus.com/inward/record.uri?eid=2-s2.0-84905454942&doi=10.1103%2fPhysRevB.90.020508&partnerID=40&md5=0935b31c91a4b37f9ac7d984f16d6482",Article,Scopus,2-s2.0-84905454942
"Kim, H., Tanatar, M.A., Straszheim, W.E., Cho, K., Murphy, J., Spyrison, N., Reid, J.-P., Shen, B., Wen, H.-H., Fernandes, R.M., Prozorov, R.","Competition between superconductivity and magnetic/nematic order as a source of anisotropic superconducting gap in underdoped Ba1a x Kx Fe2 As2",2014,"Physical Review B - Condensed Matter and Materials Physics","90","1", 014517,"","",,5,10.1103/PhysRevB.90.014517,"https://www.scopus.com/inward/record.uri?eid=2-s2.0-84905396305&doi=10.1103%2fPhysRevB.90.014517&partnerID=40&md5=41bc62a9a2d579c90aa1a650976bb9a5",Article,Scopus,2-s2.0-84905396305
"Moon, S.J., Lee, Y.S., Schafgans, A.A., Chubukov, A.V., Kasahara, S., Shibauchi, T., Terashima, T., Matsuda, Y., Tanatar, M.A., Prozorov, R., Thaler, A., Canfield, P.C., Bud'Ko, S.L., Sefat, A.S., Mandrus, D., Segawa, K., Ando, Y., Basov, D.N.","Infrared pseudogap in cuprate and pnictide high-temperature superconductors",2014,"Physical Review B - Condensed Matter and Materials Physics","90","1", 014503,"","",,13,10.1103/PhysRevB.90.014503,"https://www.scopus.com/inward/record.uri?eid=2-s2.0-84904410213&doi=10.1103%2fPhysRevB.90.014503&partnerID=40&md5=0e172272bd1628c43778cb7ea6ae5e2f",Article,Scopus,2-s2.0-84904410213
"Taufour, V., Foroozani, N., Tanatar, M.A., Lim, J., Kaluarachchi, U., Kim, S.K., Liu, Y., Lograsso, T.A., Kogan, V.G., Prozorov, R., Bud'Ko, S.L., Schilling, J.S., Canfield, P.C.","Upper critical field of KFe2As2 under pressure: A test for the change in the superconducting gap structure",2014,"Physical Review B - Condensed Matter and Materials Physics","89","22", 220509,"","",,14,10.1103/PhysRevB.89.220509,"https://www.scopus.com/inward/record.uri?eid=2-s2.0-84903527553&doi=10.1103%2fPhysRevB.89.220509&partnerID=40&md5=2dfa07c346db6d1290ae68ac82de4176",Article,Scopus,2-s2.0-84903527553
"Kim, H., Tanatar, M.A., Liu, Y., Sims, Z.C., Zhang, C., Dai, P., Lograsso, T.A., Prozorov, R.","Evolution of London penetration depth with scattering in single crystals of K1â x Nax Fe2 As2",2014,"Physical Review B - Condensed Matter and Materials Physics","89","17", 174519,"","",,10,10.1103/PhysRevB.89.174519,"https://www.scopus.com/inward/record.uri?eid=2-s2.0-84902212190&doi=10.1103%2fPhysRevB.89.174519&partnerID=40&md5=1bea24eccf7e7a6d44f89f044229ea64",Article,Scopus,2-s2.0-84902212190
"Tanatar, M.A., Straszheim, W.E., Kim, H., Murphy, J., Spyrison, N., Blomberg, E.C., Cho, K., Reid, J.-P., Shen, B., Taillefer, L., Wen, H.-H., Prozorov, R.","Interplane resistivity of underdoped single crystals (Ba 1-x K x)Fe 2 As 2 (0≤x&lt;0.34) INTERPLANE RESISTIVITY of UNDERDOPED SINGLE ... M. A. TANATAR et al.",2014,"Physical Review B - Condensed Matter and Materials Physics","89","14", 144514,"","",,8,10.1103/PhysRevB.89.144514,"https://www.scopus.com/inward/record.uri?eid=2-s2.0-84899742517&doi=10.1103%2fPhysRevB.89.144514&partnerID=40&md5=affc9f00bdf23080523298e8734408af",Article,Scopus,2-s2.0-84899742517
"Bud'Ko, S.L., Hodovanets, H., Panchula, A., Prozorov, R., Canfield, P.C.","Physical properties of CeGe<inf>2-x</inf> (x = 0.24) single crystals",2014,"Journal of Physics Condensed Matter","26","14", 146005,"","",,1,10.1088/0953-8984/26/14/146005,"https://www.scopus.com/inward/record.uri?eid=2-s2.0-84896941542&doi=10.1088%2f0953-8984%2f26%2f14%2f146005&partnerID=40&md5=308443bb94c3db38c32461fba757bc6d",Article,Scopus,2-s2.0-84896941542
"Liu, Y., Tanatar, M.A., Straszheim, W.E., Jensen, B., Dennis, K.W., McCallum, R.W., Kogan, V.G., Prozorov, R., Lograsso, T.A.","Comprehensive scenario for single-crystal growth and doping dependence of resistivity and anisotropic upper critical fields in (Ba 1-x K x)Fe 2 As 2 (0.22≤x≤1) COMPREHENSIVE SCENARIO for SINGLE-CRYSTAL ... Y. LIU et al.",2014,"Physical Review B - Condensed Matter and Materials Physics","89","13", 134504,"","",,18,10.1103/PhysRevB.89.134504,"https://www.scopus.com/inward/record.uri?eid=2-s2.0-84899755927&doi=10.1103%2fPhysRevB.89.134504&partnerID=40&md5=531457bfa1391ecac379b88084edb08d",Article,Scopus,2-s2.0-84899755927
"Poole, C.P., Prozorov, R., Farach, H.A., Creswick, R.J.","Superconductivity: Third edition",2014,"Superconductivity: Third Edition",,,,"1","827",,1,,"https://www.scopus.com/inward/record.uri?eid=2-s2.0-85016908171&partnerID=40&md5=324caa05461b67b070c211c92dc7ba90",Book,Scopus,2-s2.0-85016908171
"Malik, V., Goodwill, J., Mallapragada, S., Prozorov, T., Prozorov, R.","Comparative study of magnetic properties of nanoparticles by high-frequency heat dissipation and conventional magnetometry",2014,"IEEE Magnetics Letters","5",, 6955783,"","",,1,10.1109/LMAG.2014.2368517,"https://www.scopus.com/inward/record.uri?eid=2-s2.0-84919486698&doi=10.1109%2fLMAG.2014.2368517&partnerID=40&md5=792f715da02cf341828e7760b9ef85de",Article,Scopus,2-s2.0-84919486698
"Prozorov, R., Konczykowski, M., Tanatar, M.A., Thaler, A., Bud'ko, S.L., Canfield, P.C., Mishra, V., Hirschfeld, P.J.","Effect of electron irradiation on superconductivity in single crystals of Ba(Fe<inf>1-x</inf>Ru<inf>x</inf>)<inf>2</inf>As<inf>2</inf> (x = 0.24)",2014,"Physical Review X","4","4", 041032,"","",,16,10.1103/PhysRevX.4.041032,"https://www.scopus.com/inward/record.uri?eid=2-s2.0-84921521292&doi=10.1103%2fPhysRevX.4.041032&partnerID=40&md5=828db778c75aaaad6208f836cdcb9fc4",Article,Scopus,2-s2.0-84921521292
"Cherpak, N.T., Barannik, A.A., He, Y.-S., Prozorov, R., Tanatar, M.","Microwave response, complex conductivity and effect of order parameter symmetry in Fe-based superconductors",2013,"Proceedings - 2013 International Kharkov Symposium on Physics and Engineering of Microwaves, Millimeter and Submillimeter Waves, MSMW 2013",,, 6622174,"163","168",,,10.1109/MSMW.2013.6622174,"https://www.scopus.com/inward/record.uri?eid=2-s2.0-84888590268&doi=10.1109%2fMSMW.2013.6622174&partnerID=40&md5=bef1e3374c70e02c108f17a5db607279",Conference Paper,Scopus,2-s2.0-84888590268
"Ji, H., Stokes, R.A., Alegria, L.D., Blomberg, E.C., Tanatar, M.A., Reijnders, A., Schoop, L.M., Liang, T., Prozorov, R., Burch, K.S., Ong, N.P., Petta, J.R., Cava, R.J.","A ferromagnetic insulating substrate for the epitaxial growth of topological insulators",2013,"Journal of Applied Physics","114","11", 114907,"","",,16,10.1063/1.4822092,"https://www.scopus.com/inward/record.uri?eid=2-s2.0-84887433993&doi=10.1063%2f1.4822092&partnerID=40&md5=4b84ccee2fc4df1e099c70405665a8b3",Article,Scopus,2-s2.0-84887433993
"Clem, J.R., Prozorov, R., Wijngaarden, R.J.","Equilibrium intermediate-state patterns in a type-I superconducting slab in an arbitrarily oriented applied magnetic field",2013,"Physical Review B - Condensed Matter and Materials Physics","88","10", 104504,"","",,4,10.1103/PhysRevB.88.104504,"https://www.scopus.com/inward/record.uri?eid=2-s2.0-84884836865&doi=10.1103%2fPhysRevB.88.104504&partnerID=40&md5=8f8cf51eac8d85e02f9f329897de5c51",Article,Scopus,2-s2.0-84884836865
"Prozorov, R., Cho, K., Kim, H., Tanatar, M.A.","Dome-like variation of the superconducting gap anisotropy in Fe-based superconductors",2013,"Journal of Physics: Conference Series","449","1", 012020,"","",,4,10.1088/1742-6596/449/1/012020,"https://www.scopus.com/inward/record.uri?eid=2-s2.0-84882955628&doi=10.1088%2f1742-6596%2f449%2f1%2f012020&partnerID=40&md5=b9e3fc4431fc7fdab568e5da030f33ef",Conference Paper,Scopus,2-s2.0-84882955628
"Murphy, J., Tanatar, M.A., Kim, H., Kwok, W., Welp, U., Graf, D., Brooks, J.S., Bud'Ko, S.L., Canfield, P.C., Prozorov, R.","Effect of heavy-ion irradiation on London penetration depth in overdoped Ba(Fe1-xCox)2As2",2013,"Physical Review B - Condensed Matter and Materials Physics","88","5", 054514,"","",,9,10.1103/PhysRevB.88.054514,"https://www.scopus.com/inward/record.uri?eid=2-s2.0-84886862085&doi=10.1103%2fPhysRevB.88.054514&partnerID=40&md5=b65f4958b9156f61a8a51484d0cba57b",Article,Scopus,2-s2.0-84886862085
"Nlebedim, I.C., Levin, E.M., Prozorov, R., Dennis, K.W., McCallum, R.W., Jiles, D.C.","Magnetic and thermoelectric properties of cobalt ferrite",2013,"IEEE Transactions on Magnetics","49","7", 6559299,"4269","4272",,5,10.1109/TMAG.2013.2245112,"https://www.scopus.com/inward/record.uri?eid=2-s2.0-84880810968&doi=10.1109%2fTMAG.2013.2245112&partnerID=40&md5=5c25a607470154d34ac342d1a2ff92c3",Article,Scopus,2-s2.0-84880810968
"Kogan, V.G., Prozorov, R.","Orbital upper critical field of type-II superconductors with pair breaking",2013,"Physical Review B - Condensed Matter and Materials Physics","88","2", 024503,"","",,4,10.1103/PhysRevB.88.024503,"https://www.scopus.com/inward/record.uri?eid=2-s2.0-84880840706&doi=10.1103%2fPhysRevB.88.024503&partnerID=40&md5=8c558a609c88e7b2ff5b4303b578757e",Article,Scopus,2-s2.0-84880840706
"Palasyuk, A., Blomberg, E., Prozorov, R., Yue, L., Kramer, M.J., McCallum, R.W., Anderson, I.E., Constantinides, S.","Advances in characterization of non-rare-earth permanent magnets: Exploring commercial alnico grades 5-7 and 9",2013,"JOM","65","7",,"862","869",,11,10.1007/s11837-013-0618-z,"https://www.scopus.com/inward/record.uri?eid=2-s2.0-84879507635&doi=10.1007%2fs11837-013-0618-z&partnerID=40&md5=8b74c20b2e92f6865b3b1f934a19e349",Article,Scopus,2-s2.0-84879507635
"Kim, H., Kogan, V.G., Cho, K., Tanatar, M.A., Prozorov, R.","Rutgers relation for the analysis of superfluid density in superconductors",2013,"Physical Review B - Condensed Matter and Materials Physics","87","21", 214518,"","",,3,10.1103/PhysRevB.87.214518,"https://www.scopus.com/inward/record.uri?eid=2-s2.0-84879699021&doi=10.1103%2fPhysRevB.87.214518&partnerID=40&md5=fe36146bfb2c02e3744206127eb32764",Article,Scopus,2-s2.0-84879699021
"Anand, V.K., Kim, H., Tanatar, M.A., Prozorov, R., Johnston, D.C.","Superconducting and normal-state properties of APd<inf>2</inf>As <inf>2</inf> (A = Ca, Sr, Ba) single crystals",2013,"Physical Review B - Condensed Matter and Materials Physics","87","22", 224510,"","",,21,10.1103/PhysRevB.87.224510,"https://www.scopus.com/inward/record.uri?eid=2-s2.0-84879769212&doi=10.1103%2fPhysRevB.87.224510&partnerID=40&md5=28f355c3a8349b56ccf7c70483ce989a",Article,Scopus,2-s2.0-84879769212
"Blomberg, E.C., Tanatar, M.A., Fernandes, R.M., Mazin, I.I., Shen, B., Wen, H.-H., Johannes, M.D., Schmalian, J., Prozorov, R.","Sign-reversal of the in-plane resistivity anisotropy in hole-doped iron pnictides",2013,"Nature Communications","4",, 1914,"","",,49,10.1038/ncomms2933,"https://www.scopus.com/inward/record.uri?eid=2-s2.0-84878729225&doi=10.1038%2fncomms2933&partnerID=40&md5=8b623bfd1598a8e68cacee13d74bd6ed",Article,Scopus,2-s2.0-84878729225
"Salovich, N.W., Kim, H., Ghosh, A.K., Giannetta, R.W., Kwok, W., Welp, U., Shen, B., Zhu, S., Wen, H.-H., Tanatar, M.A., Prozorov, R.","Effect of heavy-ion irradiation on superconductivity in Ba 0.6K0.4Fe2As2",2013,"Physical Review B - Condensed Matter and Materials Physics","87","18", 180502,"","",,7,10.1103/PhysRevB.87.180502,"https://www.scopus.com/inward/record.uri?eid=2-s2.0-84877883542&doi=10.1103%2fPhysRevB.87.180502&partnerID=40&md5=c398fce8fe4da2a25c1ef11796ed3c17",Article,Scopus,2-s2.0-84877883542
"Nlebedim, I.C., Hadimani, R.L., Prozorov, R., Jiles, D.C.","Structural, magnetic, and magnetoelastic properties of magnesium substituted cobalt ferrite",2013,"Journal of Applied Physics","113","17", 17A928,"","",,13,10.1063/1.4798822,"https://www.scopus.com/inward/record.uri?eid=2-s2.0-84877784792&doi=10.1063%2f1.4798822&partnerID=40&md5=94b3f59dd5e6a3e4d167befc5911fdc9",Conference Paper,Scopus,2-s2.0-84877784792
"Liu, Y., Tanatar, M.A., Kogan, V.G., Kim, H., Lograsso, T.A., Prozorov, R.","Upper critical field of high-quality single crystals of KFe 2As2",2013,"Physical Review B - Condensed Matter and Materials Physics","87","13", 134513,"","",,14,10.1103/PhysRevB.87.134513,"https://www.scopus.com/inward/record.uri?eid=2-s2.0-84876970717&doi=10.1103%2fPhysRevB.87.134513&partnerID=40&md5=2187b234c449e85a8ad1fe9e490baa62",Article,Scopus,2-s2.0-84876970717
"Murphy, J., Strehlow, C.P., Cho, K., Tanatar, M.A., Salovich, N., Giannetta, R.W., Kobayashi, T., Miyasaka, S., Tajima, S., Prozorov, R.","Nodal superconductivity in isovalently substituted SrFe2(As 1-xPx)2 pnictide superconductor at the optimal doping x=0.35",2013,"Physical Review B - Condensed Matter and Materials Physics","87","14", 140505,"","",,9,10.1103/PhysRevB.87.140505,"https://www.scopus.com/inward/record.uri?eid=2-s2.0-84877026221&doi=10.1103%2fPhysRevB.87.140505&partnerID=40&md5=f2b1976037f29272e368b729f2af953c",Article,Scopus,2-s2.0-84877026221
"Gordon, R.T., Zhigadlo, N.D., Weyeneth, S., Katrych, S., Prozorov, R.","Conventional superconductivity and hysteretic Campbell penetration depth in single crystals MgCNi<inf>3</inf>",2013,"Physical Review B - Condensed Matter and Materials Physics","87","9", 094520,"","",,8,10.1103/PhysRevB.87.094520,"https://www.scopus.com/inward/record.uri?eid=2-s2.0-84875730232&doi=10.1103%2fPhysRevB.87.094520&partnerID=40&md5=cb64027f8fe3be34908f46cf52274402",Article,Scopus,2-s2.0-84875730232
"Kim, H., Sung, N.H., Cho, B.K., Tanatar, M.A., Prozorov, R.","Magnetic penetration depth in single crystals of SrPd2Ge 2 superconductor",2013,"Physical Review B - Condensed Matter and Materials Physics","87","9", 094515,"","",,8,10.1103/PhysRevB.87.094515,"https://www.scopus.com/inward/record.uri?eid=2-s2.0-84875339241&doi=10.1103%2fPhysRevB.87.094515&partnerID=40&md5=492c186501a93a69b81f4bb05ce4e0a9",Article,Scopus,2-s2.0-84875339241
"Tanatar, M.A., Hashimoto, K., Kasahara, S., Shibauchi, T., Matsuda, Y., Prozorov, R.","Interplane resistivity of isovalent doped BaFe2(As 1-xPx)2",2013,"Physical Review B - Condensed Matter and Materials Physics","87","10", 104506,"","",,5,10.1103/PhysRevB.87.104506,"https://www.scopus.com/inward/record.uri?eid=2-s2.0-84874919740&doi=10.1103%2fPhysRevB.87.104506&partnerID=40&md5=b8babdd912d7b53d561af9befcbe34b3",Article,Scopus,2-s2.0-84874919740
"Murphy, J., Tanatar, M.A., Graf, D., Brooks, J.S., Bud'Ko, S.L., Canfield, P.C., Kogan, V.G., Prozorov, R.","Angular-dependent upper critical field of overdoped Ba(Fe <inf>1-x</inf>Ni<inf>x</inf>)<inf>2</inf>As<inf>2</inf>",2013,"Physical Review B - Condensed Matter and Materials Physics","87","9", 094505,"","",,8,10.1103/PhysRevB.87.094505,"https://www.scopus.com/inward/record.uri?eid=2-s2.0-84874826135&doi=10.1103%2fPhysRevB.87.094505&partnerID=40&md5=8d0de2659657ecd42810ea234a220e97",Article,Scopus,2-s2.0-84874826135
"Yeninas, S., Tanatar, M.A., Murphy, J., Strehlow, C.P., Ayala-Valenzuela, O.E., McDonald, R.D., Welp, U., Kwok, W.K., Kobayashi, T., Miyasaka, S., Tajima, S., Prozorov, R.","Upper critical field of isoelectron substituted SrFe<inf>2</inf>(As <inf>1-x</inf>P<inf>x</inf>)<inf>2</inf>",2013,"Physical Review B - Condensed Matter and Materials Physics","87","9", 094503,"","",,6,10.1103/PhysRevB.87.094503,"https://www.scopus.com/inward/record.uri?eid=2-s2.0-84874838537&doi=10.1103%2fPhysRevB.87.094503&partnerID=40&md5=4fa5f011d7006b12cda2df03239b5521",Article,Scopus,2-s2.0-84874838537
"Novikov, V.V., Avdashchenko, D.V., Bud'Ko, S.L., Mitroshenkov, N.V., Matovnikov, A.V., Kim, H., Tanatar, M.A., Prozorov, R.","Spin glass and glass-like lattice behaviour in HoB <inf>66</inf> at low temperatures",2013,"Philosophical Magazine","93","9",,"1110","1123",,9,10.1080/14786435.2012.739291,"https://www.scopus.com/inward/record.uri?eid=2-s2.0-84875800893&doi=10.1080%2f14786435.2012.739291&partnerID=40&md5=3451e2886e02c659c4e32600f7f7f123",Article,Scopus,2-s2.0-84875800893
"Moon, S.J., Schafgans, A.A., Tanatar, M.A., Prozorov, R., Thaler, A., Canfield, P.C., Sefat, A.S., Mandrus, D., Basov, D.N.","Interlayer coherence and superconducting condensate in the c-axis response of optimally doped Ba(Fe<inf>1-x</inf>Co<inf>x</inf>)<inf>2</inf>As<inf>2</inf> high-T<inf>c</inf> superconductor using infrared spectroscopy",2013,"Physical Review Letters","110","9", 097003,"","",,11,10.1103/PhysRevLett.110.097003,"https://www.scopus.com/inward/record.uri?eid=2-s2.0-84874500949&doi=10.1103%2fPhysRevLett.110.097003&partnerID=40&md5=d8cb739acb8abf5cdf4baf7cd3a1feee",Article,Scopus,2-s2.0-84874500949
"Ni, N., Straszheim, W.E., Williams, D.J., Tanatar, M.A., Prozorov, R., Bauer, E.D., Ronning, F., Thompson, J.D., Cava, R.J.","Transport and thermodynamic properties of (Ca1-xLa x)10(Pt3As8)(Fe2As 2)5 superconductors",2013,"Physical Review B - Condensed Matter and Materials Physics","87","6", 060507,"","",,11,10.1103/PhysRevB.87.060507,"https://www.scopus.com/inward/record.uri?eid=2-s2.0-84874533262&doi=10.1103%2fPhysRevB.87.060507&partnerID=40&md5=fad244c32de68218eec437ded059e637",Article,Scopus,2-s2.0-84874533262
"Mun, E.D., Bud'Ko, S.L., Martin, C., Kim, H., Tanatar, M.A., Park, J.-H., Murphy, T., Schmiedeshoff, G.M., Dilley, N., Prozorov, R., Canfield, P.C.","Magnetic-field-tuned quantum criticality of the heavy-fermion system YbPtBi",2013,"Physical Review B - Condensed Matter and Materials Physics","87","7", 075120,"","",,18,10.1103/PhysRevB.87.075120,"https://www.scopus.com/inward/record.uri?eid=2-s2.0-84874513246&doi=10.1103%2fPhysRevB.87.075120&partnerID=40&md5=aa1bf6540a7013e2f301e21432cf20d4",Article,Scopus,2-s2.0-84874513246
"Kogan, V.G., Prozorov, R., Mishra, V.","London penetration depth and pair breaking",2013,"Physical Review B - Condensed Matter and Materials Physics","88","22", 224508,"","",,7,10.1103/PhysRevB.88.224508,"https://www.scopus.com/inward/record.uri?eid=2-s2.0-84892396643&doi=10.1103%2fPhysRevB.88.224508&partnerID=40&md5=d871b957fa65712001da604fda7883ad",Article,Scopus,2-s2.0-84892396643
"Barannik, A., Cherpak, N.T., Tanatar, M.A., Vitusevich, S., Skresanov, V., Canfield, P.C., Prozorov, R.","Millimeter-wave surface impedance of optimally-doped Ba(Fe <inf>1-x</inf>Co<inf>x</inf>)<inf>2</inf>As<inf>2</inf> single crystals",2013,"Physical Review B - Condensed Matter and Materials Physics","87","1", 014506,"","",,14,10.1103/PhysRevB.87.014506,"https://www.scopus.com/inward/record.uri?eid=2-s2.0-84872897668&doi=10.1103%2fPhysRevB.87.014506&partnerID=40&md5=cff4664d6390cdfb67aeb336326e395c",Article,Scopus,2-s2.0-84872897668
"Prozorov, T., Bazylinski, D.A., Mallapragada, S.K., Prozorov, R.","Novel magnetic nanomaterials inspired by magnetotactic bacteria: Topical review",2013,"Materials Science and Engineering R: Reports","74","5",,"133","172",,56,10.1016/j.mser.2013.04.002,"https://www.scopus.com/inward/record.uri?eid=2-s2.0-84879798991&doi=10.1016%2fj.mser.2013.04.002&partnerID=40&md5=53748c120a76f05bccc0416feb5e837c",Review,Scopus,2-s2.0-84879798991
"Cherpak, N.T., Barannik, A.A., Prozorov, R., Tanatar, M., Velichko, A.V.","On the determination of the quasiparticle scattering rate in unconventional superconductors by microwave surface impedance",2013,"Fizika Nizkikh Temperatur","39","12",,"1423","1425",,,,"https://www.scopus.com/inward/record.uri?eid=2-s2.0-84899799700&partnerID=40&md5=8d42579413aa22ac1bb1a4db4336c7ae",Article,Scopus,2-s2.0-84899799700
"Lippman, T.M., Kalisky, B., Kim, H., Tanatar, M.A., Bud'Ko, S.L., Canfield, P.C., Prozorov, R., Moler, K.A.","Agreement between local and global measurements of the London penetration depth",2012,"Physica C: Superconductivity and its Applications","483",,,"91","93",,4,10.1016/j.physc.2012.08.001,"https://www.scopus.com/inward/record.uri?eid=2-s2.0-84869454353&doi=10.1016%2fj.physc.2012.08.001&partnerID=40&md5=666dd9b7a0072202d6881cc3c7b65b1b",Article,Scopus,2-s2.0-84869454353
"Kogan, V.G., Prozorov, R.","Orbital upper critical field and its anisotropy of clean one- and two-band superconductors",2012,"Reports on Progress in Physics","75","11", 114502,"","",,36,10.1088/0034-4885/75/11/114502,"https://www.scopus.com/inward/record.uri?eid=2-s2.0-84868007827&doi=10.1088%2f0034-4885%2f75%2f11%2f114502&partnerID=40&md5=437c90f71e7dd32416f876d5c5ad2adf",Article,Scopus,2-s2.0-84868007827
"Hu, R., Mun, E.D., Ryan, D.H., Cho, K., Kim, H., Hodovanets, H., Straszheim, W.E., Tanatar, M.A., Prozorov, R., Rowan-Weetaluktuk, W.N., Cadogan, J.M., Altarawneh, M.M., Mielke, C.H., Zapf, V.S., Bud'ko, S.L., Canfield, P.C.","Synthesis and physical properties of the new potassium iron selenide superconductor K<inf>0.80</inf>Fe<inf>1.76</inf>Se<inf>2</inf>",2012,"Iron-based Superconductors: Materials, Properties and Mechanisms",,,,"53","87",,,10.4032/9789814303231,"https://www.scopus.com/inward/record.uri?eid=2-s2.0-84881814418&doi=10.4032%2f9789814303231&partnerID=40&md5=fcb1ba5e851567bd9f8a74ca5c01e06f",Book Chapter,Scopus,2-s2.0-84881814418
"Spyrison, N., Tanatar, M.A., Cho, K., Song, Y., Dai, P., Zhang, C., Prozorov, R.","Environmental stability and anisotropic resistivity of Co-doped Na 1-δFe 1-xCo xAs",2012,"Physical Review B - Condensed Matter and Materials Physics","86","14", 144528,"","",,19,10.1103/PhysRevB.86.144528,"https://www.scopus.com/inward/record.uri?eid=2-s2.0-84868152537&doi=10.1103%2fPhysRevB.86.144528&partnerID=40&md5=d1325e7561fd2d6c1c97348997c109cc",Article,Scopus,2-s2.0-84868152537
"Hassinger, E., Gredat, G., Valade, F., De Cotret, S.R., Juneau-Fecteau, A., Reid, J.-P., Kim, H., Tanatar, M.A., Prozorov, R., Shen, B., Wen, H.-H., Doiron-Leyraud, N., Taillefer, L.","Pressure-induced Fermi-surface reconstruction in the iron-arsenide superconductor Ba <inf>1-x</inf>K <inf>x</inf>Fe <inf>2</inf>As <inf>2</inf>: Evidence of a phase transition inside the antiferromagnetic phase",2012,"Physical Review B - Condensed Matter and Materials Physics","86","14", 140502,"","",,26,10.1103/PhysRevB.86.140502,"https://www.scopus.com/inward/record.uri?eid=2-s2.0-84867770893&doi=10.1103%2fPhysRevB.86.140502&partnerID=40&md5=786c8ce39efe239ef0b6bfed04e195d6",Article,Scopus,2-s2.0-84867770893
"Rustan, G.E., Spyrison, N.S., Kreyssig, A., Prozorov, R., Goldman, A.I.","Noncontact technique for measuring the electrical resistivity and magnetic susceptibility of electrostatically levitated materials",2012,"Review of Scientific Instruments","83","10", 103907,"","",,4,10.1063/1.4759021,"https://www.scopus.com/inward/record.uri?eid=2-s2.0-84868371302&doi=10.1063%2f1.4759021&partnerID=40&md5=6f4fa2208f19efa1f96113b59cef8eac",Conference Paper,Scopus,2-s2.0-84868371302
"Kim, H., Bud'ko, S.L., Tanatar, M.A., Avdashchenko, D.V., Matovnikov, A.V., Mitroshenkov, N.V., Novikov, V.V., Prozorov, R.","Magnetic properties of RB<inf>66</inf> (R = Gd, Tb, Ho, Er, and Lu)",2012,"Journal of Superconductivity and Novel Magnetism","25","7",,"2371","2375",,5,10.1007/s10948-012-1610-5,"https://www.scopus.com/inward/record.uri?eid=2-s2.0-84870246801&doi=10.1007%2fs10948-012-1610-5&partnerID=40&md5=7593ca5d639cb00f4939c9fbc903dddd",Article,Scopus,2-s2.0-84870246801
"Cho, K., Kim, H., Tanatar, M.A., Prozorov, R.","Reply to ""comment on 'Precision global measurements of London penetration depth in FeTe 0.58Se 0.42'""",2012,"Physical Review B - Condensed Matter and Materials Physics","86","6", 066502,"","",,3,10.1103/PhysRevB.86.066502,"https://www.scopus.com/inward/record.uri?eid=2-s2.0-84865255707&doi=10.1103%2fPhysRevB.86.066502&partnerID=40&md5=1ac3b37fcce5456c439bb2c22f2c7144",Review,Scopus,2-s2.0-84865255707
"Reid, J.-P., Tanatar, M.A., Juneau-Fecteau, A., Gordon, R.T., De Cotret, S.R., Doiron-Leyraud, N., Saito, T., Fukazawa, H., Kohori, Y., Kihou, K., Lee, C.H., Iyo, A., Eisaki, H., Prozorov, R., Taillefer, L.","Universal heat conduction in the iron arsenide superconductor KFe <inf>2</inf>As <inf>2</inf>: Evidence of a d-wave state",2012,"Physical Review Letters","109","8", 087001,"","",,103,10.1103/PhysRevLett.109.087001,"https://www.scopus.com/inward/record.uri?eid=2-s2.0-84865229986&doi=10.1103%2fPhysRevLett.109.087001&partnerID=40&md5=b3e788e175f56da800dc9136f71b7f71",Article,Scopus,2-s2.0-84865229986
"Prozorov, R., Chubukov, A., Meingast, C., Putti, M.","Focus on superconductivity in Fe-based systems",2012,"Superconductor Science and Technology","25","8", 080301,"","",,,10.1088/0953-2048/25/8/080301,"https://www.scopus.com/inward/record.uri?eid=2-s2.0-84863951662&doi=10.1088%2f0953-2048%2f25%2f8%2f080301&partnerID=40&md5=907c7afd688934c6e3401128085f4a21",Editorial,Scopus,2-s2.0-84863951662
"Van Der Beek, C.J., Konczykowski, M., Prozorov, R.","Anisotropy of strong pinning in multi-band superconductors",2012,"Superconductor Science and Technology","25","8", 084010,"","",,17,10.1088/0953-2048/25/8/084010,"https://www.scopus.com/inward/record.uri?eid=2-s2.0-84863951775&doi=10.1088%2f0953-2048%2f25%2f8%2f084010&partnerID=40&md5=011b5f83fbaa5d1b2a84f14340ada6ad",Article,Scopus,2-s2.0-84863951775
"Reid, J.-P., Juneau-Fecteau, A., Gordon, R.T., René De Cotret, S., Doiron-Leyraud, N., Luo, X.G., Shakeripour, H., Chang, J., Tanatar, M.A., Kim, H., Prozorov, R., Saito, T., Fukazawa, H., Kohori, Y., Kihou, K., Lee, C.H., Iyo, A., Eisaki, H., Shen, B., Wen, H.-H., Taillefer, L.","From d-wave to s-wave pairing in the iron-pnictide superconductor (Ba,K)Fe <inf>2</inf>As <inf>2</inf>",2012,"Superconductor Science and Technology","25","8", 084013,"","",,39,10.1088/0953-2048/25/8/084013,"https://www.scopus.com/inward/record.uri?eid=2-s2.0-84863891953&doi=10.1088%2f0953-2048%2f25%2f8%2f084013&partnerID=40&md5=11cb24dd566d2f7dd3d0984e93148bb0",Review,Scopus,2-s2.0-84863891953
"Cho, K., Tanatar, M.A., Spyrison, N., Kim, H., Song, Y., Dai, P., Zhang, C.L., Prozorov, R.","Doping-dependent anisotropic superconducting gap in Na 1-δ(Fe 1-xCo x)As from London penetration depth",2012,"Physical Review B - Condensed Matter and Materials Physics","86","2", 020508,"","",,13,10.1103/PhysRevB.86.020508,"https://www.scopus.com/inward/record.uri?eid=2-s2.0-84864451294&doi=10.1103%2fPhysRevB.86.020508&partnerID=40&md5=a2f0e001b99b0bd2ebe8e9ab02b19c73",Article,Scopus,2-s2.0-84864451294
"Konczykowski, M., Van Der Beek, C.J., Tanatar, M.A., Luo, H., Wang, Z., Shen, B., Wen, H.H., Prozorov, R.","Vortex creep and critical current densities in superconducting (Ba,K)Fe <inf>2</inf>As <inf>2</inf> single crystals",2012,"Physical Review B - Condensed Matter and Materials Physics","86","2", 024515,"","",,8,10.1103/PhysRevB.86.024515,"https://www.scopus.com/inward/record.uri?eid=2-s2.0-84863853464&doi=10.1103%2fPhysRevB.86.024515&partnerID=40&md5=091de8dda3a262b31dc0acc5afd5796d",Article,Scopus,2-s2.0-84863853464
"Moon, S.J., Schafgans, A.A., Kasahara, S., Shibauchi, T., Terashima, T., Matsuda, Y., Tanatar, M.A., Prozorov, R., Thaler, A., Canfield, P.C., Sefat, A.S., Mandrus, D., Basov, D.N.","Infrared measurement of the pseudogap of P-doped and Co-doped high-temperature BaFe <inf>2</inf>As <inf>2</inf> superconductors",2012,"Physical Review Letters","109","2", 027006,"","",,40,10.1103/PhysRevLett.109.027006,"https://www.scopus.com/inward/record.uri?eid=2-s2.0-84863824218&doi=10.1103%2fPhysRevLett.109.027006&partnerID=40&md5=badab3d4dc039d4e72f10ef35a626372",Article,Scopus,2-s2.0-84863824218
"Zhao, L.L., Lausberg, S., Kim, H., Tanatar, M.A., Brando, M., Prozorov, R., Morosan, E.","Type-I superconductivity in YbSb <inf>2</inf> single crystals",2012,"Physical Review B - Condensed Matter and Materials Physics","85","21", 214526,"","",,5,10.1103/PhysRevB.85.214526,"https://www.scopus.com/inward/record.uri?eid=2-s2.0-84863330116&doi=10.1103%2fPhysRevB.85.214526&partnerID=40&md5=6c72ff27b822f72082f784be3231c046",Article,Scopus,2-s2.0-84863330116
"Hashimoto, K., Cho, K., Shibauchi, T., Kasahara, S., Mizukami, Y., Katsumata, R., Tsuruhara, Y., Terashima, T., Ikeda, H., Tanatar, M.A., Kitano, H., Salovich, N., Giannetta, R.W., Walmsley, P., Carrington, A., Prozorov, R., Matsuda, Y.","A sharp peak of the zero-temperature penetration depth at optimal composition in BaFe2(As1-xPx)2",2012,"Science","336","6088",,"1554","1557",,124,10.1126/science.1219821,"https://www.scopus.com/inward/record.uri?eid=2-s2.0-84862611757&doi=10.1126%2fscience.1219821&partnerID=40&md5=9bf094b243066c0bf5169b8d73947860",Article,Scopus,2-s2.0-84862611757
"Treimer, W., Ebrahimi, O., Karakas, N., Prozorov, R.","Polarized neutron imaging and three-dimensional calculation of magnetic flux trapping in bulk of superconductors",2012,"Physical Review B - Condensed Matter and Materials Physics","85","18", 184522,"","",,10,10.1103/PhysRevB.85.184522,"https://www.scopus.com/inward/record.uri?eid=2-s2.0-84861668239&doi=10.1103%2fPhysRevB.85.184522&partnerID=40&md5=c685bbd349fcb14a701acf4eeb499792",Article,Scopus,2-s2.0-84861668239
"Blomberg, E.C., Kreyssig, A., Tanatar, M.A., Fernandes, R.M., Kim, M.G., Thaler, A., Schmalian, J., Bud'Ko, S.L., Canfield, P.C., Goldman, A.I., Prozorov, R.","Effect of tensile stress on the in-plane resistivity anisotropy in BaFe 2As 2",2012,"Physical Review B - Condensed Matter and Materials Physics","85","14", 144509,"","",,30,10.1103/PhysRevB.85.144509,"https://www.scopus.com/inward/record.uri?eid=2-s2.0-84860243243&doi=10.1103%2fPhysRevB.85.144509&partnerID=40&md5=c7318b64774e6701ad8f8112922be8b7",Article,Scopus,2-s2.0-84860243243
"Ofer, O., Baglo, J.C., Hossain, M.D., Kiefl, R.F., Hardy, W.N., Thaler, A., Kim, H., Tanatar, M.A., Canfield, P.C., Prozorov, R., Luke, G.M., Morenzoni, E., Saadaoui, H., Suter, A., Prokscha, T., Wojek, B.M., Salman, Z.","Absolute value and temperature dependence of the magnetic penetration depth in Ba(Co <inf>0.074</inf>Fe <inf>0.926</inf>) <inf>2</inf>As <inf>2</inf>",2012,"Physical Review B - Condensed Matter and Materials Physics","85","6", 060506,"","",,13,10.1103/PhysRevB.85.060506,"https://www.scopus.com/inward/record.uri?eid=2-s2.0-84863260853&doi=10.1103%2fPhysRevB.85.060506&partnerID=40&md5=15fb262dea59f7cab29fa1f179a06053",Article,Scopus,2-s2.0-84863260853
"Cho, K., Tanatar, M.A., Kim, H., Straszheim, W.E., Ni, N., Cava, R.J., Prozorov, R.","Doping-dependent superconducting gap anisotropy in the two-dimensional pnictide Ca 10(Pt 3As 8)[(Fe 1-xPt x) 2As 2] 5",2012,"Physical Review B - Condensed Matter and Materials Physics","85","2", 020504,"","",,26,10.1103/PhysRevB.85.020504,"https://www.scopus.com/inward/record.uri?eid=2-s2.0-84863012083&doi=10.1103%2fPhysRevB.85.020504&partnerID=40&md5=1b027984b7b3a9ea25f76642e8ee81ec",Article,Scopus,2-s2.0-84863012083
"Tanatar, M.A., Spyrison, N., Cho, K., Blomberg, E.C., Tan, G., Dai, P., Zhang, C., Prozorov, R.","Evolution of normal and superconducting properties of single crystals of Na 1-δFeAs upon interaction with environment",2012,"Physical Review B - Condensed Matter and Materials Physics","85","1", 014510,"","",,23,10.1103/PhysRevB.85.014510,"https://www.scopus.com/inward/record.uri?eid=2-s2.0-84863012298&doi=10.1103%2fPhysRevB.85.014510&partnerID=40&md5=181263a2031ffcc898e309890dde971b",Article,Scopus,2-s2.0-84863012298
"Wang, L., Prozorov, T., Palo, P.E., Liu, X., Vaknin, D., Prozorov, R., Mallapragada, S., Nilsen-Hamilton, M.","Self-assembly and biphasic iron-binding characteristics of Mms6, a bacterial protein that promotes the formation of superparamagnetic magnetite nanoparticles of uniform size and shape",2012,"Biomacromolecules","13","1",,"98","105",,47,10.1021/bm201278u,"https://www.scopus.com/inward/record.uri?eid=2-s2.0-84862907809&doi=10.1021%2fbm201278u&partnerID=40&md5=8c84dc6a95617cebedad679626155d62",Article,Scopus,2-s2.0-84862907809
"Prozorov, R., Canfield, P.C.","Suprafroth: Ageless Two-Dimensional Electronic Froth",2012,"Foam Engineering: Fundamentals and Applications",,,,"207","225",,,10.1002/9781119954620.ch10,"https://www.scopus.com/inward/record.uri?eid=2-s2.0-84886141897&doi=10.1002%2f9781119954620.ch10&partnerID=40&md5=2eabac804ec522e4e80beaad27d447e0",Book Chapter,Scopus,2-s2.0-84886141897
"Prozorov, R., Kogan, V.G.","London penetration depth in iron-based superconductors",2011,"Reports on Progress in Physics","74","12", 124505,"","",,60,10.1088/0034-4885/74/12/124505,"https://www.scopus.com/inward/record.uri?eid=2-s2.0-82455186304&doi=10.1088%2f0034-4885%2f74%2f12%2f124505&partnerID=40&md5=90131813212df76ff1c6cc4813699407",Review,Scopus,2-s2.0-82455186304
"Kończykowski, M., Van Der Beek, C.J., Tanatar, M.A., Mosser, V., Song, Y.J., Kwon, Y.S., Prozorov, R.","Anisotropy of the coherence length from critical currents in the stoichiometric superconductor LiFeAs",2011,"Physical Review B - Condensed Matter and Materials Physics","84","18", 180514,"","",,12,10.1103/PhysRevB.84.180514,"https://www.scopus.com/inward/record.uri?eid=2-s2.0-82455220904&doi=10.1103%2fPhysRevB.84.180514&partnerID=40&md5=014abec05ca5f0f2d8391e02183e4a78",Article,Scopus,2-s2.0-82455220904
"Barannik, A.A., Cherpak, N.T., Ni, N., Tanatar, M.A., Vitusevich, S.A., Skresanov, V.N., Canfield, P.C., Prozorov, R., Glamazdin, V.V., Torokhtii, K.I.","Millimeter-wave study of London penetration depth temperature dependence in Ba(Fe<inf>0.926</inf>Co<inf>0.074</inf>)<inf>2</inf>As<inf>2</inf> single crystal",2011,"Low Temperature Physics","37","8",,"725","728",,7,10.1063/1.3660321,"https://www.scopus.com/inward/record.uri?eid=2-s2.0-82855167988&doi=10.1063%2f1.3660321&partnerID=40&md5=c6ff1fb341257dd9098fd1527b05c7b2",Letter,Scopus,2-s2.0-82855167988
"Cho, K., Kim, H., Tanatar, M.A., Hu, J., Qian, B., Mao, Z.Q., Prozorov, R.","Precision global measurements of London penetration depth in FeTe 0.58Se0.42",2011,"Physical Review B - Condensed Matter and Materials Physics","84","17", 174502,"","",,13,10.1103/PhysRevB.84.174502,"https://www.scopus.com/inward/record.uri?eid=2-s2.0-82455181374&doi=10.1103%2fPhysRevB.84.174502&partnerID=40&md5=cdf168a26679f67483858e4f47373edf",Article,Scopus,2-s2.0-82455181374
"Bonalde, I., Kim, H., Prozorov, R., Rojas, C., Rogl, P., Bauer, E.","Evidence for conventional superconducting behavior in noncentrosymmetric Mo<inf>3</inf>Al<inf>2</inf>C",2011,"Physical Review B - Condensed Matter and Materials Physics","84","13", 134506,"","",,14,10.1103/PhysRevB.84.134506,"https://www.scopus.com/inward/record.uri?eid=2-s2.0-80155183846&doi=10.1103%2fPhysRevB.84.134506&partnerID=40&md5=241ea2f81a36cffe79bea6ca134317c0",Article,Scopus,2-s2.0-80155183846
"Prommapan, P., Tanatar, M.A., Lee, B., Khim, S., Kim, K.H., Prozorov, R.","Magnetic-field-dependent pinning potential in LiFeAs superconductor from its Campbell penetration depth",2011,"Physical Review B - Condensed Matter and Materials Physics","84","6", 060509,"","",,6,10.1103/PhysRevB.84.060509,"https://www.scopus.com/inward/record.uri?eid=2-s2.0-80052381538&doi=10.1103%2fPhysRevB.84.060509&partnerID=40&md5=3e4f8b156e16e1e66b3b9dd391498a80",Article,Scopus,2-s2.0-80052381538
"Tanatar, M.A., Reid, J.-P., René De Cotret, S., Doiron-Leyraud, N., Laliberté, F., Hassinger, E., Chang, J., Kim, H., Cho, K., Song, Y.J., Kwon, Y.S., Prozorov, R., Taillefer, L.","Isotropic three-dimensional gap in the iron arsenide superconductor LiFeAs from directional heat transport measurements",2011,"Physical Review B - Condensed Matter and Materials Physics","84","5", 054507,"","",,30,10.1103/PhysRevB.84.054507,"https://www.scopus.com/inward/record.uri?eid=2-s2.0-80052376717&doi=10.1103%2fPhysRevB.84.054507&partnerID=40&md5=5fe19e0dad8e4c9a9c20e173df7d2493",Article,Scopus,2-s2.0-80052376717
"Barannik, A.A., Cherpak, N.T., Ni, N., Tanatar, M.A., Vitusevich, S.A., Skresanov, V.N., Canfield, P.C., Prozorov, R., Glamazdin, V.V., Torokhtii, K.I.","Millimeter-wave study of London penetration depth temperature dependence in Ba(Fe<inf>0.926</inf>Co<inf>0.074</inf>)<inf>2</inf>As<inf>2</inf> single crystal",2011,"Fizika Nizkikh Temperatur (Kharkov)","37","8",,"912","915",,6,,"https://www.scopus.com/inward/record.uri?eid=2-s2.0-79959997339&partnerID=40&md5=ffca8ec1536f12741d88805dd5f90a97",Article,Scopus,2-s2.0-79959997339
"Tanatar, M.A., Ni, N., Thaler, A., Bud'Ko, S.L., Canfield, P.C., Prozorov, R.","Systematics of the temperature-dependent interplane resistivity in Ba(Fe1-xMx)2As2 (M=Co, Rh, Ni, and Pd)",2011,"Physical Review B - Condensed Matter and Materials Physics","84","1", 014519,"","",,14,10.1103/PhysRevB.84.014519,"https://www.scopus.com/inward/record.uri?eid=2-s2.0-79961240613&doi=10.1103%2fPhysRevB.84.014519&partnerID=40&md5=b16d13c613a03a90ba6b1854397b8587",Article,Scopus,2-s2.0-79961240613
"McRobbie, A., Sarwar, A.R., Yeninas, S., Nowell, H., Baker, M.L., Allan, D., Luban, M., Muryn, C.A., Pritchard, R.G., Prozorov, R., Timco, G.A., Tuna, F., Whitehead, G.F.S., Winpenny, R.E.P.","Chromium chains as polydentate fluoride ligands for lanthanides",2011,"Chemical Communications","47","22",,"6251","6253",,36,10.1039/c1cc11516b,"https://www.scopus.com/inward/record.uri?eid=2-s2.0-79957470715&doi=10.1039%2fc1cc11516b&partnerID=40&md5=eddc6a8762e118fa2fff30c65fd4bf09",Article,Scopus,2-s2.0-79957470715
"Hu, R., Cho, K., Kim, H., Hodovanets, H., Straszheim, W.E., Tanatar, M.A., Prozorov, R., Bud'Ko, S.L., Canfield, P.C.","Anisotropic magnetism, resistivity, London penetration depth and magneto-optical imaging of superconducting K<inf>0.80</inf>Fe <inf>1.76</inf>Se<inf>2</inf> single crystals",2011,"Superconductor Science and Technology","24","6", 065006,"","",,13,10.1088/0953-2048/24/6/065006,"https://www.scopus.com/inward/record.uri?eid=2-s2.0-79956196944&doi=10.1088%2f0953-2048%2f24%2f6%2f065006&partnerID=40&md5=2750351fc0875d91b4b24de772c0c05a",Article,Scopus,2-s2.0-79956196944
"Blomberg, E.C., Tanatar, M.A., Kreyssig, A., Ni, N., Thaler, A., Hu, R., Bud'Ko, S.L., Canfield, P.C., Goldman, A.I., Prozorov, R.","In-plane anisotropy of electrical resistivity in strain-detwinned SrFe 2As2",2011,"Physical Review B - Condensed Matter and Materials Physics","83","13", 134505,"","",,35,10.1103/PhysRevB.83.134505,"https://www.scopus.com/inward/record.uri?eid=2-s2.0-79961064798&doi=10.1103%2fPhysRevB.83.134505&partnerID=40&md5=7a59d2bea299cb013eb7b9e64360db40",Article,Scopus,2-s2.0-79961064798
"Kim, H., Tanatar, M.A., Song, Y.J., Kwon, Y.S., Prozorov, R.","Erratum: Nodeless two-gap superconducting state in single crystals of the stoichiometric iron pnictide LiFeAs(Physical Review B (2011) 83 (100502R)",2011,"Physical Review B - Condensed Matter and Materials Physics","83","10", 109903,"","",,1,10.1103/PhysRevB.83.109903,"https://www.scopus.com/inward/record.uri?eid=2-s2.0-79961079872&doi=10.1103%2fPhysRevB.83.109903&partnerID=40&md5=26ef07c879f32e8fb6cd4f95d981984a",Article,Scopus,2-s2.0-79961079872
"Kim, H., Tanatar, M.A., Song, Y.J., Kwon, Y.S., Prozorov, R.","Nodeless two-gap superconducting state in single crystals of the stoichiometric iron pnictide LiFeAs",2011,"Physical Review B - Condensed Matter and Materials Physics","83","10", 100502,"","",,65,10.1103/PhysRevB.83.100502,"https://www.scopus.com/inward/record.uri?eid=2-s2.0-79961041349&doi=10.1103%2fPhysRevB.83.100502&partnerID=40&md5=9e5b4a0e79c77c0199a95f811d54961a",Article,Scopus,2-s2.0-79961041349
"Cho, K., Kim, H., Tanatar, M.A., Song, Y.J., Kwon, Y.S., Coniglio, W.A., Agosta, C.C., Gurevich, A., Prozorov, R.","Anisotropic upper critical field and possible Fulde-Ferrel-Larkin- Ovchinnikov state in the stoichiometric pnictide superconductor LiFeAs",2011,"Physical Review B - Condensed Matter and Materials Physics","83","6", 060502,"","",,68,10.1103/PhysRevB.83.060502,"https://www.scopus.com/inward/record.uri?eid=2-s2.0-79961101477&doi=10.1103%2fPhysRevB.83.060502&partnerID=40&md5=d6e9f7acd2afda570e5ecd96cc1d4d04",Article,Scopus,2-s2.0-79961101477
"Brgoch, J., Yeninas, S., Prozorov, R., Miller, G.J.","Structure, bonding, and magnetic response in two complex borides: Zr <inf>2</inf>Fe<inf>1-δ</inf>Ru<inf>5δ</inf>B<inf>2</inf> and Zr <inf>2</inf>Fe<inf>1-δ</inf>(Ru<inf>1-x</inf>Rh<inf>x</inf>) <inf>5δ</inf>B<inf>2</inf>",2010,"Journal of Solid State Chemistry","183","12",,"2917","2924",,15,10.1016/j.jssc.2010.09.025,"https://www.scopus.com/inward/record.uri?eid=2-s2.0-78649827942&doi=10.1016%2fj.jssc.2010.09.025&partnerID=40&md5=2cc585ca764dce5340162b2797f37fa8",Article,Scopus,2-s2.0-78649827942
"Kim, H., Martin, C., Tillman, M.E., Kim, S.K., Bud'Ko, S.L., Canfield, P.C., Tanatar, M.A., Prozorov, R.","London penetration depth in single crystals of F- and Co-doped RFeAsO (R = La, Nd) superconductors",2010,"Physica C: Superconductivity and its Applications","470","SUPPL.1",,"S363","S364",,2,10.1016/j.physc.2009.10.082,"https://www.scopus.com/inward/record.uri?eid=2-s2.0-78649705732&doi=10.1016%2fj.physc.2009.10.082&partnerID=40&md5=5e86584ba3d28ee23d3595a5f5909c17",Conference Paper,Scopus,2-s2.0-78649705732
"Prozorov, R., Tanatar, M.A., Shen, B., Cheng, P., Wen, H.-H., Bud'Ko, S.L., Canfield, P.C.","Anomalous Meissner effect in pnictide superconductors",2010,"Physical Review B - Condensed Matter and Materials Physics","82","18", 180513,"","",,12,10.1103/PhysRevB.82.180513,"https://www.scopus.com/inward/record.uri?eid=2-s2.0-78649709543&doi=10.1103%2fPhysRevB.82.180513&partnerID=40&md5=60a560103c14586c3b9ed50db8978609",Article,Scopus,2-s2.0-78649709543
"Singh, Y., Martin, C., Bud'Ko, S.L., Ellern, A., Prozorov, R., Johnston, D.C.","Multigap superconductivity and Shubnikov-de Haas oscillations in single crystals of the layered boride OsB<inf>2</inf>",2010,"Physical Review B - Condensed Matter and Materials Physics","82","14", 144532,"","",,10,10.1103/PhysRevB.82.144532,"https://www.scopus.com/inward/record.uri?eid=2-s2.0-78049477324&doi=10.1103%2fPhysRevB.82.144532&partnerID=40&md5=00ffd7e1f437297680d25b72dbf0ccf7",Article,Scopus,2-s2.0-78049477324
"Tanatar, M.A., Ni, N., Thaler, A., Bud'Ko, S.L., Canfield, P.C., Prozorov, R.","Pseudogap and its critical point in the heavily doped Ba(Fe 1-xCox)2As2 from c -axis resistivity measurements",2010,"Physical Review B - Condensed Matter and Materials Physics","82","13", 134528,"","",,42,10.1103/PhysRevB.82.134528,"https://www.scopus.com/inward/record.uri?eid=2-s2.0-78049431722&doi=10.1103%2fPhysRevB.82.134528&partnerID=40&md5=f26c57047a515f543d5b451ee6d9dcd5",Article,Scopus,2-s2.0-78049431722
"Barannik, A., Cherpak, N., Ni, N., Tanatar, M.A., Vitusevich, S., Torokhtii, K., Skresanov, V., Canfield, P.C., Prozorov, R.","Microwave impedance properties of single crystal Ba(Fe<inf>1-X</inf>Co <inf>X</inf>)<inf>2</inf>As<inf>2</inf>",2010,"2010 International Kharkov Symposium on Physics and Engineering of Microwaves, Millimeter and Submillimeter Waves, MSMW'2010",,, 5546179,"","",,1,10.1109/MSMW.2010.5546179,"https://www.scopus.com/inward/record.uri?eid=2-s2.0-77957341745&doi=10.1109%2fMSMW.2010.5546179&partnerID=40&md5=4149391228b1eab3a1a85d5b6dcd5101",Conference Paper,Scopus,2-s2.0-77957341745
"Kim, H., Gordon, R.T., Tanatar, M.A., Hua, J., Welp, U., Kwok, W.K., Ni, N., Bud'Ko, S.L., Canfield, P.C., Vorontsov, A.B., Prozorov, R.","London penetration depth in Ba(Fe<inf>1-x</inf>T<inf>x</inf> ) <inf>2</inf>As<inf>2</inf>(T=Co, Ni ) superconductors irradiated with heavy ions",2010,"Physical Review B - Condensed Matter and Materials Physics","82","6", 060518,"","",,46,10.1103/PhysRevB.82.060518,"https://www.scopus.com/inward/record.uri?eid=2-s2.0-77957603511&doi=10.1103%2fPhysRevB.82.060518&partnerID=40&md5=63da187de0f46be14d733c979f312b62",Article,Scopus,2-s2.0-77957603511
"Karki, A.B., Xiong, Y.M., Vekhter, I., Browne, D., Adams, P.W., Young, D.P., Thomas, K.R., Chan, J.Y., Kim, H., Prozorov, R.","Structure and physical properties of the noncentrosymmetric superconductor Mo3 Al2 C",2010,"Physical Review B - Condensed Matter and Materials Physics","82","6", 064512,"","",,44,10.1103/PhysRevB.82.064512,"https://www.scopus.com/inward/record.uri?eid=2-s2.0-77957584444&doi=10.1103%2fPhysRevB.82.064512&partnerID=40&md5=0c34c2c5c8eeb3d242209e1e3bfc1afa",Article,Scopus,2-s2.0-77957584444
"Gordon, R.T., Kim, H., Salovich, N., Giannetta, R.W., Fernandes, R.M., Kogan, V.G., Prozorov, T., Bud'Ko, S.L., Canfield, P.C., Tanatar, M.A., Prozorov, R.","Doping evolution of the absolute value of the London penetration depth and superfluid density in single crystals of Ba ( Fe<inf>1-x</inf> Co <inf>x</inf>)<inf>2</inf> As<inf>2</inf>",2010,"Physical Review B - Condensed Matter and Materials Physics","82","5", 054507,"","",,55,10.1103/PhysRevB.82.054507,"https://www.scopus.com/inward/record.uri?eid=2-s2.0-77957344859&doi=10.1103%2fPhysRevB.82.054507&partnerID=40&md5=397149934810a4aef225eef35bb71a45",Article,Scopus,2-s2.0-77957344859
"Reid, J.-Ph., Tanatar, M.A., Luo, X.G., Shakeripour, H., Doiron-Leyraud, N., Ni, N., Bud'Ko, S.L., Canfield, P.C., Prozorov, R., Taillefer, L.","Nodes in the gap structure of the iron arsenide superconductor Ba ( Fe 1-x Cox)2 As2 from c -axis heat transport measurements",2010,"Physical Review B - Condensed Matter and Materials Physics","82","6", 064501,"","",,107,10.1103/PhysRevB.82.064501,"https://www.scopus.com/inward/record.uri?eid=2-s2.0-77956340330&doi=10.1103%2fPhysRevB.82.064501&partnerID=40&md5=d8e0b3c9beb7f2910f9779d32a9e7b40",Article,Scopus,2-s2.0-77956340330
"Martin, C., Kim, H., Gordon, R.T., Ni, N., Thaler, A., Kogan, V.G., Bud'Ko, S.L., Canfield, P.C., Tanatar, M.A., Prozorov, R.","The London penetration depth in BaFe<inf>2</inf>As<inf>2</inf> superconductors at high electron doping level",2010,"Superconductor Science and Technology","23","6", 065022,"","",,5,10.1088/0953-2048/23/6/065022,"https://www.scopus.com/inward/record.uri?eid=2-s2.0-77952600217&doi=10.1088%2f0953-2048%2f23%2f6%2f065022&partnerID=40&md5=993d2666e9254356524567b945ef1f62",Article,Scopus,2-s2.0-77952600217
"Schröder, C., Fang, X., Furukawa, Y., Luban, M., Prozorov, R., Borsa, F., Kumagai, K.","Spin freezing and slow magnetization dynamics in geometrically frustrated magnetic molecules with exchange disorder",2010,"Journal of Physics Condensed Matter","22","21", 216007,"","",,5,10.1088/0953-8984/22/21/216007,"https://www.scopus.com/inward/record.uri?eid=2-s2.0-77952077560&doi=10.1088%2f0953-8984%2f22%2f21%2f216007&partnerID=40&md5=d8ebb2ee2dbaa22aff447008ddb9e4e6",Article,Scopus,2-s2.0-77952077560
"Tanatar, M.A., Blomberg, E.C., Kreyssig, A., Kim, M.G., Ni, N., Thaler, A., Bud'Ko, S.L., Canfield, P.C., Goldman, A.I., Mazin, I.I., Prozorov, R.","Uniaxial-strain mechanical detwinning of CaFe2As2 and BaFe2As2 crystals: Optical and transport study",2010,"Physical Review B - Condensed Matter and Materials Physics","81","18", 184508,"","",,153,10.1103/PhysRevB.81.184508,"https://www.scopus.com/inward/record.uri?eid=2-s2.0-77955488195&doi=10.1103%2fPhysRevB.81.184508&partnerID=40&md5=f0862c96f829f9f50be8767b7991c4fd",Article,Scopus,2-s2.0-77955488195
"Kim, H., Martin, C., Gordon, R.T., Tanatar, M.A., Hu, J., Qian, B., Mao, Z.Q., Hu, R., Petrovic, C., Salovich, N., Giannetta, R., Prozorov, R.","London penetration depth and superfluid density of single-crystalline Fe<inf>1+y</inf> ( Te<inf>1-x</inf> Se<inf>x</inf> ) and Fe<inf>1+y</inf> ( Te<inf>1-x</inf> S<inf>x</inf> )",2010,"Physical Review B - Condensed Matter and Materials Physics","81","18", 180503,"","",,46,10.1103/PhysRevB.81.180503,"https://www.scopus.com/inward/record.uri?eid=2-s2.0-77955450866&doi=10.1103%2fPhysRevB.81.180503&partnerID=40&md5=ee529f2d1a748252f17f38c50a1c99e8",Article,Scopus,2-s2.0-77955450866
"Tanatar, M.A., Ni, N., Bud'Ko, S.L., Canfield, P.C., Prozorov, R.","Field-dependent transport critical current in single crystals of Ba(Fe <inf>1 - X</inf>TM<inf>x</inf>)<inf>2</inf>As<inf>2</inf> (TM = Co, Ni) superconductors",2010,"Superconductor Science and Technology","23","5", 054002,"","",,14,10.1088/0953-2048/23/5/054002,"https://www.scopus.com/inward/record.uri?eid=2-s2.0-77951688149&doi=10.1088%2f0953-2048%2f23%2f5%2f054002&partnerID=40&md5=8d92ea32f2b9cbdde6d0984e4aa1e47b",Article,Scopus,2-s2.0-77951688149
"Kim, S.K., Tillman, M.E., Kim, H., Kracher, A., Bud'Ko, S.L., Prozorov, R., Canfield, P.C.","Growth and characterization of Nd(Fe<inf>1-x</inf>Co<inf>x</inf>)AsO single crystals",2010,"Superconductor Science and Technology","23","5", 054008,"","",,4,10.1088/0953-2048/23/5/054008,"https://www.scopus.com/inward/record.uri?eid=2-s2.0-77951674722&doi=10.1088%2f0953-2048%2f23%2f5%2f054008&partnerID=40&md5=456bd93035ccd7791eddc08f59ecc050",Article,Scopus,2-s2.0-77951674722
"Gordon, R.T., Kim, H., Tanatar, M.A., Prozorov, R., Kogan, V.G.","London penetration depth and strong pair breaking in iron-based superconductors",2010,"Physical Review B - Condensed Matter and Materials Physics","81","18", 180501,"","",,47,10.1103/PhysRevB.81.180501,"https://www.scopus.com/inward/record.uri?eid=2-s2.0-77955446660&doi=10.1103%2fPhysRevB.81.180501&partnerID=40&md5=05b6a144f24cdf5f1d9ce523bd3b215c",Article,Scopus,2-s2.0-77955446660
"Sung, N.H., Kreyssig, A., Kim, H., Tanatar, M.A., Rhyee, J.S., Kang, B.Y., Kim, M.G., Kim, J.Y., Canfield, P.C., Prozorov, R., Goldman, A.I., Cho, B.K.","Zero field magnetic phase transitions and anomalous low temperature upturn in resistivity of single crystalline [formula omitted]",2010,"Journal of Applied Physics","107","9",,"1325","",,1,10.1063/1.3367975,"https://www.scopus.com/inward/record.uri?eid=2-s2.0-79955431282&doi=10.1063%2f1.3367975&partnerID=40&md5=940537ee62a1eaab537025e6901a81da",Article,Scopus,2-s2.0-79955431282
"Prozorov, R., Tanatar, M.A., Roy, B., Ni, N., Bud'Ko, S.L., Canfield, P.C., Hua, J., Welp, U., Kwok, W.K.","Magneto-optical study of Ba ( Fe<inf>1-x</inf> M<inf>x</inf> )<inf>2</inf> As<inf>2</inf> ( M=Co and Ni) single crystals irradiated with heavy ions",2010,"Physical Review B - Condensed Matter and Materials Physics","81","9", 094509,"","",,28,10.1103/PhysRevB.81.094509,"https://www.scopus.com/inward/record.uri?eid=2-s2.0-77954915329&doi=10.1103%2fPhysRevB.81.094509&partnerID=40&md5=42a64027dfb419c9149ed6e1db4dcd95",Article,Scopus,2-s2.0-77954915329
"Martin, C., Kim, H., Gordon, R.T., Ni, N., Kogan, V.G., Bud'Ko, S.L., Canfield, P.C., Tanatar, M.A., Prozorov, R.","Evidence from anisotropic penetration depth for a three-dimensional nodal superconducting gap in single-crystalline Ba (Fe1-x Nix) 2 As2",2010,"Physical Review B - Condensed Matter and Materials Physics","81","6", 060505,"","",,45,10.1103/PhysRevB.81.060505,"https://www.scopus.com/inward/record.uri?eid=2-s2.0-77954824239&doi=10.1103%2fPhysRevB.81.060505&partnerID=40&md5=c860fab197a8c4b0d26004967ca37c58",Article,Scopus,2-s2.0-77954824239
"Tanatar, M.A., Reid, J.-P., Shakeripour, H., Luo, X.G., Doiron-Leyraud, N., Ni, N., Bud'Ko, S.L., Canfield, P.C., Prozorov, R., Taillefer, L.","Doping dependence of heat transport in the iron-arsenide superconductor Ba(Fe1-xCox)2As2: From isotropic to a strongly K-dependent gap structure",2010,"Physical Review Letters","104","6", 067002,"","",,109,10.1103/PhysRevLett.104.067002,"https://www.scopus.com/inward/record.uri?eid=2-s2.0-76649136953&doi=10.1103%2fPhysRevLett.104.067002&partnerID=40&md5=204ca17863750f41e641f160c8906459",Article,Scopus,2-s2.0-76649136953
"Todea, A.M., Merca, A., Bögge, H., Glaser, T., Pigga, J.M., Langston, M.L.K., Liu, T., Prozorov, R., Luban, M., Schröder, C., Casey, W.H., Müller, A.","Porous capsules {(M)M5}12Fe30 III (M = MoVI, WVI): Sphere surface supramolecular chemistry with 20 ammonium ions, related solution properties, and tuning of magnetic exchange interactions",2010,"Angewandte Chemie - International Edition","49","3",,"514","519",,46,10.1002/anie.200905460,"https://www.scopus.com/inward/record.uri?eid=2-s2.0-74549196140&doi=10.1002%2fanie.200905460&partnerID=40&md5=de6425208079499affd6619c99dff705",Article,Scopus,2-s2.0-74549196140
"Prozorov, R., Hoberg, J.R.","Dynamic formation of metastable intermediate state patterns in type-I superconductors",2009,"Journal of Physics: Conference Series","150","5", 052217,"","",,4,10.1088/1742-6596/150/5/052217,"https://www.scopus.com/inward/record.uri?eid=2-s2.0-77952498311&doi=10.1088%2f1742-6596%2f150%2f5%2f052217&partnerID=40&md5=821904f149877f7ce851d90cc1a5fa45",Conference Paper,Scopus,2-s2.0-77952498311
"Prozorov, T., McCarty, B., Prozorov, R.","Effect of high-intensity ultrasound on superconducting properties of polycrystalline YBa2Cu3O7-x",2009,"Journal of Physics: Conference Series","150","5", 052216,"","",,1,10.1088/1742-6596/150/5/052216,"https://www.scopus.com/inward/record.uri?eid=2-s2.0-77952500510&doi=10.1088%2f1742-6596%2f150%2f5%2f052216&partnerID=40&md5=597ead11290dcb9c41777d02416c60fe",Conference Paper,Scopus,2-s2.0-77952500510
"Prozorov, R., Vannette, M.D., Law, S.A., Bud'Ko, S.L., Canfield, P.C.","Interplay of local-moment ferromagnetism and superconductivity in ErRh <inf>4</inf>B<inf>4</inf> single crystals",2009,"Journal of Physics: Conference Series","150","5", 052218,"","",,,10.1088/1742-6596/150/5/052218,"https://www.scopus.com/inward/record.uri?eid=2-s2.0-77952528697&doi=10.1088%2f1742-6596%2f150%2f5%2f052218&partnerID=40&md5=77ec3c1c55d968b666f04989f025cb51",Conference Paper,Scopus,2-s2.0-77952528697
"Prozorov, R., Tanatar, M.A., Ni, N., Kreyssig, A., Nandi, S., Bud'Ko, S.L., Goldman, A.I., Canfield, P.C.","Intrinsic pinning on structural domains in underdoped single crystals of Ba (Fe1-x Cox) 2 As2",2009,"Physical Review B - Condensed Matter and Materials Physics","80","17", 174517,"","",,64,10.1103/PhysRevB.80.174517,"https://www.scopus.com/inward/record.uri?eid=2-s2.0-73049097947&doi=10.1103%2fPhysRevB.80.174517&partnerID=40&md5=dac3061b1607bb9b714e203a69e519e9",Article,Scopus,2-s2.0-73049097947
"Luo, X.G., Tanatar, M.A., Reid, J.-P., Shakeripour, H., Doiron-Leyraud, N., Ni, N., Bud'Ko, S.L., Canfield, P.C., Luo, H., Wang, Z., Wen, H.-H., Prozorov, R., Taillefer, L.","Quasiparticle heat transport in single-crystalline Ba1-x K x Fe2 As2: Evidence for a k -dependent superconducting gap without nodes",2009,"Physical Review B - Condensed Matter and Materials Physics","80","14", 140503,"","",,88,10.1103/PhysRevB.80.140503,"https://www.scopus.com/inward/record.uri?eid=2-s2.0-71249085174&doi=10.1103%2fPhysRevB.80.140503&partnerID=40&md5=9a9b7fd03952db4160c62972f999aef8",Article,Scopus,2-s2.0-71249085174
"Martin, C., Engelhardt, L., Baker, M.L., Timco, G.A., Tuna, F., Winpenny, R.E.P., Tregenna-Piggott, P.L.W., Luban, M., Prozorov, R.","Radio-frequency spectroscopy of the low-energy spectrum of the magnetic molecule Cr12 Cu2",2009,"Physical Review B - Condensed Matter and Materials Physics","80","10", 100407,"","",,7,10.1103/PhysRevB.80.100407,"https://www.scopus.com/inward/record.uri?eid=2-s2.0-70349931819&doi=10.1103%2fPhysRevB.80.100407&partnerID=40&md5=90c86eabcb9fef0999976f4c3bdab7cc",Article,Scopus,2-s2.0-70349931819
"Todea, A.M., Merca, A., Bögge, H., Glaser, T., Engelhardt, L., Prozorov, R., Luban, M., Müller, A.","Polyoxotungstates now also with pentagonal units: Supramolecular chemistry and tuning of magnetic exchange in {(M)M5}12V30 Keplerates (M = Mo, W)",2009,"Chemical Communications",,"23",,"3351","3353",,29,10.1039/b907188a,"https://www.scopus.com/inward/record.uri?eid=2-s2.0-68049131103&doi=10.1039%2fb907188a&partnerID=40&md5=9df6b2d1b18126b742e9d3298ce4e1ca",Article,Scopus,2-s2.0-68049131103
"Kogan, V.G., Martin, C., Prozorov, R.","Superfluid density and specific heat within a self-consistent scheme for a two-band superconductor",2009,"Physical Review B - Condensed Matter and Materials Physics","80","1", 014507,"","",,80,10.1103/PhysRevB.80.014507,"https://www.scopus.com/inward/record.uri?eid=2-s2.0-68949088761&doi=10.1103%2fPhysRevB.80.014507&partnerID=40&md5=148e91dd20a030512fa5b8728354b2f1",Article,Scopus,2-s2.0-68949088761
"Vannette, M.D., Yeninas, S., Morosan, E., Cava, R.J., Prozorov, R.","Local-moment ferromagnetism and unusual magnetic domains in Fe1/4 TaS2 crystals",2009,"Physical Review B - Condensed Matter and Materials Physics","80","2", 024421,"","",,5,10.1103/PhysRevB.80.024421,"https://www.scopus.com/inward/record.uri?eid=2-s2.0-69549135564&doi=10.1103%2fPhysRevB.80.024421&partnerID=40&md5=bdf98fbe50fa3a284a8c220799abf6d5",Article,Scopus,2-s2.0-69549135564
"Martin, C., Gordon, R.T., Tanatar, M.A., Kim, H., Ni, N., Bud'Ko, S.L., Canfield, P.C., Luo, H., Wen, H.H., Wang, Z., Vorontsov, A.B., Kogan, V.G., Prozorov, R.","Nonexponential London penetration depth of external magnetic fields in superconducting Ba1-x Kx Fe2 As2 single crystals",2009,"Physical Review B - Condensed Matter and Materials Physics","80","2", 020501,"","",,65,10.1103/PhysRevB.80.020501,"https://www.scopus.com/inward/record.uri?eid=2-s2.0-68949090739&doi=10.1103%2fPhysRevB.80.020501&partnerID=40&md5=9861068ca46ebe1474e327cc2008cd5b",Article,Scopus,2-s2.0-68949090739
"Martin, C., Tillman, M.E., Kim, H., Tanatar, M.A., Kim, S.K., Kreyssig, A., Gordon, R.T., Vannette, M.D., Nandi, S., Kogan, V.G., Bud'Ko, S.L., Canfield, P.C., Goldman, A.I., Prozorov, R.","Nonexponential London penetration depth of FeAs-based superconducting RFeAsO0.9F0.1 (R=La, Nd) single crystals",2009,"Physical Review Letters","102","24", 247002,"","",,75,10.1103/PhysRevLett.102.247002,"https://www.scopus.com/inward/record.uri?eid=2-s2.0-67549113789&doi=10.1103%2fPhysRevLett.102.247002&partnerID=40&md5=023e48810b2c30795bb838b7caeb0c9f",Article,Scopus,2-s2.0-67549113789
"Prozorov, R., Tanatar, M.A., Gordon, R.T., Martin, C., Kim, H., Kogan, V.G., Ni, N., Tillman, M.E., Bud'ko, S.L., Canfield, P.C.","Anisotropic London penetration depth and superfluid density in single crystals of iron-based pnictide superconductors",2009,"Physica C: Superconductivity and its Applications","469","9-12",,"582","589",,37,10.1016/j.physc.2009.03.012,"https://www.scopus.com/inward/record.uri?eid=2-s2.0-65649123859&doi=10.1016%2fj.physc.2009.03.012&partnerID=40&md5=d4d85a69c196c751d188d7c3d289f101",Article,Scopus,2-s2.0-65649123859
"Prozorov, R., Tanatar, M.A., Blomberg, E.C., Prommapan, P., Gordon, R.T., Ni, N., Bud'ko, S.L., Canfield, P.C.","Doping - Dependent irreversible magnetic properties of Ba(Fe<inf>1-x</inf>Co<inf>x</inf>)<inf>2</inf>As<inf>2</inf> single crystals",2009,"Physica C: Superconductivity and its Applications","469","9-12",,"667","673",,28,10.1016/j.physc.2009.03.028,"https://www.scopus.com/inward/record.uri?eid=2-s2.0-65549105421&doi=10.1016%2fj.physc.2009.03.028&partnerID=40&md5=522d05eb7b1772dd59205a360ceb3d97",Article,Scopus,2-s2.0-65549105421
"Liu, C., Kondo, T., Palczewski, A.D., Samolyuk, G.D., Lee, Y., Tillman, M.E., Ni, N., Mun, E.D., Gordon, R., Santander-Syro, A.F., Bud'ko, S.L., McChesney, J.L., Rotenberg, E., Fedorov, A.V., Valla, T., Copie, O., Tanatar, M.A., Martin, C., Harmon, B.N., Canfield, P.C., Prozorov, R., Schmalian, J., Kaminski, A.","Electronic properties of iron arsenic high temperature superconductors revealed by angle resolved photoemission spectroscopy (ARPES)",2009,"Physica C: Superconductivity and its Applications","469","9-12",,"491","497",,20,10.1016/j.physc.2009.03.050,"https://www.scopus.com/inward/record.uri?eid=2-s2.0-65549099553&doi=10.1016%2fj.physc.2009.03.050&partnerID=40&md5=8c1a13dcaa95a3f07f5e44759f70edd1",Article,Scopus,2-s2.0-65549099553
"Kogan, V.G., Prozorov, R., Petrovic, C.","Superfluid density in gapless superconductor CeCoIn<inf>5</inf>",2009,"Journal of Physics Condensed Matter","21","10", 103201,"","",,9,10.1088/0953-8984/21/10/103201,"https://www.scopus.com/inward/record.uri?eid=2-s2.0-65449155130&doi=10.1088%2f0953-8984%2f21%2f10%2f103201&partnerID=40&md5=8a80edfd6c3bec3da35557646cb6e2db",Review,Scopus,2-s2.0-65449155130
"Prozorov, R., Vannette, M.D., Gordon, R.T., Martin, C., Bud'Ko, S.L., Canfield, P.C.","Coexistence of long-range magnetic order and superconductivity from Campbell penetration depth measurements",2009,"Superconductor Science and Technology","22","3", 034008,"","",,,10.1088/0953-2048/22/3/034008,"https://www.scopus.com/inward/record.uri?eid=2-s2.0-65349124332&doi=10.1088%2f0953-2048%2f22%2f3%2f034008&partnerID=40&md5=87c24846d8d76dfc9ea1f7325ffdd6c3",Article,Scopus,2-s2.0-65349124332
"Tanatar, M.A., Kreyssig, A., Nandi, S., Ni, N., Bud'Ko, S.L., Canfield, P.C., Goldman, A.I., Prozorov, R.","Direct imaging of the structural domains in the iron pnictides A Fe2 As2 (A=Ca,Sr,Ba)",2009,"Physical Review B - Condensed Matter and Materials Physics","79","18", 180508,"","",,96,10.1103/PhysRevB.79.180508,"https://www.scopus.com/inward/record.uri?eid=2-s2.0-66849091758&doi=10.1103%2fPhysRevB.79.180508&partnerID=40&md5=cfd8be567828e2e118eab9b87f047e43",Article,Scopus,2-s2.0-66849091758
"Tanatar, M.A., Ni, N., Samolyuk, G.D., Bud'Ko, S.L., Canfield, P.C., Prozorov, R.","Resistivity anisotropy of A Fe2 As2 (A=Ca, Sr, Ba): Direct versus Montgomery technique measurements",2009,"Physical Review B - Condensed Matter and Materials Physics","79","13", 134528,"","",,62,10.1103/PhysRevB.79.134528,"https://www.scopus.com/inward/record.uri?eid=2-s2.0-66349091601&doi=10.1103%2fPhysRevB.79.134528&partnerID=40&md5=97e6cf9e228d8b445b560be49090b7b7",Article,Scopus,2-s2.0-66349091601
"Prozorov, R., Tillman, M.E., Mun, E.D., Canfield, P.C.","Intrinsic magnetic properties of the superconductor NdFeAsO0.9F0.1 from local and global measurements",2009,"New Journal of Physics","11",, 035004,"","",,49,10.1088/1367-2630/11/3/035004,"https://www.scopus.com/inward/record.uri?eid=2-s2.0-65149098077&doi=10.1088%2f1367-2630%2f11%2f3%2f035004&partnerID=40&md5=f831ebcb332eacfeda72d03f9eb40b33",Article,Scopus,2-s2.0-65149098077
"Gordon, R.T., Ni, N., Martin, C., Tanatar, M.A., Vannette, M.D., Kim, H., Samolyuk, G.D., Schmalian, J., Nandi, S., Kreyssig, A., Goldman, A.I., Yan, J.Q., Bud'Ko, S.L., Canfield, P.C., Prozorov, R.","Unconventional london penetration depth in single-crystal Ba(Fe0.93Co0.07)2As2 superconductors",2009,"Physical Review Letters","102","12", 127004,"","",,125,10.1103/PhysRevLett.102.127004,"https://www.scopus.com/inward/record.uri?eid=2-s2.0-64049095043&doi=10.1103%2fPhysRevLett.102.127004&partnerID=40&md5=c0a9e5af71c4bac21006f3483d9ddc86",Article,Scopus,2-s2.0-64049095043
"Gordon, R.T., Martin, C., Kim, H., Ni, N., Tanatar, M.A., Schmalian, J., Mazin, I.I., Buda'Ko, S.L., Canfield, P.C., Prozorov, R.","London penetration depth in single crystals of Ba (Fe1-x Cox) 2 As2 spanning underdoped to overdoped compositions",2009,"Physical Review B - Condensed Matter and Materials Physics","79","10", 100506,"","",,84,10.1103/PhysRevB.79.100506,"https://www.scopus.com/inward/record.uri?eid=2-s2.0-65249123139&doi=10.1103%2fPhysRevB.79.100506&partnerID=40&md5=544d25e2c876205474cde7add94cb288",Article,Scopus,2-s2.0-65249123139
"Tanatar, M.A., Ni, N., Martin, C., Gordon, R.T., Kim, H., Kogan, V.G., Samolyuk, G.D., Bud'ko, S.L., Canfield, P.C., Prozorov, R.","Anisotropy of the iron pnictide superconductor Ba(Fe<inf>1-x</inf>Co <inf>x</inf>)<inf>2</inf>As<inf>2</inf> (x=0.074, T<inf>c</inf> = 23 K)",2009,"Physical Review B - Condensed Matter and Materials Physics","79","9", 094507,"","",,123,10.1103/PhysRevB.79.094507,"https://www.scopus.com/inward/record.uri?eid=2-s2.0-63149114745&doi=10.1103%2fPhysRevB.79.094507&partnerID=40&md5=49299ccca170e4e899488c4a567752fa",Article,Scopus,2-s2.0-63149114745
"Kreyssig, A., Prozorov, R., Dewhurst, C.D., Canfield, P.C., McCallum, R.W., Goldman, A.I.","Probing fractal magnetic domains on multiple length scales in Nd2Fe14B",2009,"Physical Review Letters","102","4", 047204,"","",,17,10.1103/PhysRevLett.102.047204,"https://www.scopus.com/inward/record.uri?eid=2-s2.0-60449110903&doi=10.1103%2fPhysRevLett.102.047204&partnerID=40&md5=c4751c72c1c1c2b20b7cf71b8d88ff56",Article,Scopus,2-s2.0-60449110903
"Engelhardt, L., Martin, C., Prozorov, R., Luban, M., Timco, G.A., Winpenny, R.E.P.","High-field magnetic properties of the magnetic molecule {Cr <inf>10</inf>Cu<inf>2</inf>}",2009,"Physical Review B - Condensed Matter and Materials Physics","79","1", 014404,"","",,9,10.1103/PhysRevB.79.014404,"https://www.scopus.com/inward/record.uri?eid=2-s2.0-58949090845&doi=10.1103%2fPhysRevB.79.014404&partnerID=40&md5=602b370e1c2ae8ce76f0abfaa4aaffc8",Article,Scopus,2-s2.0-58949090845
"Prozorov, R., Ni, N., Tanatar, M.A., Kogan, V.G., Gordon, R.T., Martin, C., Blomberg, E.C., Prommapan, P., Yan, J.Q., Bud'ko, S.L., Canfield, P.C.","Vortex phase diagram of Ba(Fe<inf>0.93</inf>Co<inf>0.07</inf>) <inf>2</inf>As<inf>2</inf> single crystals",2008,"Physical Review B - Condensed Matter and Materials Physics","78","22", 224506,"","",,154,10.1103/PhysRevB.78.224506,"https://www.scopus.com/inward/record.uri?eid=2-s2.0-57749105292&doi=10.1103%2fPhysRevB.78.224506&partnerID=40&md5=48336fa2a61a0319d782909d1c529cd1",Article,Scopus,2-s2.0-57749105292
"Vannette, M.D., Prozorov, R.","Field-dependent AC susceptibility of itinerant ferromagnets",2008,"Journal of Physics Condensed Matter","20","47", 475208,"","",,2,10.1088/0953-8984/20/47/475208,"https://www.scopus.com/inward/record.uri?eid=2-s2.0-58149279139&doi=10.1088%2f0953-8984%2f20%2f47%2f475208&partnerID=40&md5=ac3c3bd842388bf9b1b2643891f25cd4",Article,Scopus,2-s2.0-58149279139
"Martin, C., Vannette, M.D., Gordon, R.T., Prozorov, R., Karpinski, J., Zhigadlo, N.D.","Effect of C and Li doping on the rf magnetic susceptibility in MgB <inf>2</inf> single crystals",2008,"Physical Review B - Condensed Matter and Materials Physics","78","14", 144512,"","",,2,10.1103/PhysRevB.78.144512,"https://www.scopus.com/inward/record.uri?eid=2-s2.0-55149116801&doi=10.1103%2fPhysRevB.78.144512&partnerID=40&md5=3b6acc861b277f2acc79a1e8552016a0",Article,Scopus,2-s2.0-55149116801
"Hoberg, J.R., Prozorov, R.","Current-driven transformations of the intermediate-state patterns in type-I superconductors",2008,"Physical Review B - Condensed Matter and Materials Physics","78","10", 104511,"","",,13,10.1103/PhysRevB.78.104511,"https://www.scopus.com/inward/record.uri?eid=2-s2.0-52249086096&doi=10.1103%2fPhysRevB.78.104511&partnerID=40&md5=f40cf421e46eaa562bdc763245ac8b89",Article,Scopus,2-s2.0-52249086096
"Nandi, S., Kreyssig, A., Yan, J.Q., Vannette, M.D., Lang, J.C., Tan, L., Kim, J.W., Prozorov, R., Lograsso, T.A., McQueeney, R.J., Goldman, A.I.","Magnetic structure of Dy3+ in hexagonal multiferroic DyMnO3",2008,"Physical Review B - Condensed Matter and Materials Physics","78","7", 075118,"","",,23,10.1103/PhysRevB.78.075118,"https://www.scopus.com/inward/record.uri?eid=2-s2.0-50449093146&doi=10.1103%2fPhysRevB.78.075118&partnerID=40&md5=0ec53c1dd3c8d8130055486c66af81b9",Article,Scopus,2-s2.0-50449093146
"Prozorov, R.","Superfluid density in a superconductor with an extended d-wave gap",2008,"Superconductor Science and Technology","21","8", 082003,"","",,8,10.1088/0953-2048/21/8/082003,"https://www.scopus.com/inward/record.uri?eid=2-s2.0-47749099702&doi=10.1088%2f0953-2048%2f21%2f8%2f082003&partnerID=40&md5=4ce078240506a552361f468b0f4dd7d6",Article,Scopus,2-s2.0-47749099702
"Gordon, R.T., Vannette, M.D., Martin, C., Nakajima, Y., Tamegai, T., Prozorov, R.","Two-gap superconductivity seen in penetration-depth measurements of Lu2 Fe3 Si5 single crystals",2008,"Physical Review B - Condensed Matter and Materials Physics","78","2", 024514,"","",,28,10.1103/PhysRevB.78.024514,"https://www.scopus.com/inward/record.uri?eid=2-s2.0-48449083104&doi=10.1103%2fPhysRevB.78.024514&partnerID=40&md5=379fad9cddb6b1dd41d9d32232f8c3b0",Article,Scopus,2-s2.0-48449083104
"Janssen, Y., Dennis, K.W., Prozorov, R., Canfield, P.C., McCallum, R.W.","Exotic (anti)ferromagnetism in single crystals of Pr6 Ni2 Si3",2008,"Physical Review B - Condensed Matter and Materials Physics","77","21", 214407,"","",,4,10.1103/PhysRevB.77.214407,"https://www.scopus.com/inward/record.uri?eid=2-s2.0-44949102198&doi=10.1103%2fPhysRevB.77.214407&partnerID=40&md5=e710659f133044f9dd18a9c0f83d1faa",Article,Scopus,2-s2.0-44949102198
"Schröder, C., Prozorov, R., Kögerler, P., Vannette, M.D., Fang, X., Luban, M., Matsuo, A., Kindo, K., Müller, A., Todea, A.M.","Multiple nearest-neighbor exchange model for the frustrated magnetic molecules { Mo72 Fe30 } and { Mo72 Cr30 }",2008,"Physical Review B - Condensed Matter and Materials Physics","77","22", 224409,"","",,25,10.1103/PhysRevB.77.224409,"https://www.scopus.com/inward/record.uri?eid=2-s2.0-44949157749&doi=10.1103%2fPhysRevB.77.224409&partnerID=40&md5=3a95f1b2fbac499db2ce775e1fe873ff",Article,Scopus,2-s2.0-44949157749
"Vannette, M.D., Bud'ko, S.L., Canfield, P.C., Prozorov, R.","Distinguishing local moment versus itinerant ferromagnets: Dynamic magnetic susceptibility",2008,"Journal of Applied Physics","103","7", 07D302,"","",,6,10.1063/1.2832349,"https://www.scopus.com/inward/record.uri?eid=2-s2.0-42149133189&doi=10.1063%2f1.2832349&partnerID=40&md5=9338aba9fcdc486fe709536f7d2a90b8",Conference Paper,Scopus,2-s2.0-42149133189
"Zong, X., Das, S., Borsa, F., Vannette, M.D., Prozorov, R., Schmalian, J., Johnston, D.C.","Li7 NMR study of heavy-fermion Li V2 O4 containing magnetic defects",2008,"Physical Review B - Condensed Matter and Materials Physics","77","14", 144419,"","",,6,10.1103/PhysRevB.77.144419,"https://www.scopus.com/inward/record.uri?eid=2-s2.0-42549141982&doi=10.1103%2fPhysRevB.77.144419&partnerID=40&md5=5db0c6c49717175c042e631cfb174a4a",Article,Scopus,2-s2.0-42549141982
"Prozorov, R., Fidler, A.F., Hoberg, J.R., Canfield, P.C.","Suprafroth in type-I superconductors",2008,"Nature Physics","4","4",,"327","332",,52,10.1038/nphys888,"https://www.scopus.com/inward/record.uri?eid=2-s2.0-41549157739&doi=10.1038%2fnphys888&partnerID=40&md5=75f224426f516be98ee8cf7065b8ecfe",Article,Scopus,2-s2.0-41549157739
"Prozorov, R., Vannette, M.D., Law, S.A., Bud'ko, S.L., Canfield, P.C.","Coexistence of ferromagnetism and superconductivity in ErRh4 B4 single crystals probed by dynamic magnetic susceptibility",2008,"Physical Review B - Condensed Matter and Materials Physics","77","10", 100503,"","",,6,10.1103/PhysRevB.77.100503,"https://www.scopus.com/inward/record.uri?eid=2-s2.0-41449105597&doi=10.1103%2fPhysRevB.77.100503&partnerID=40&md5=6aa2ac2e356d9a15c64748ffe842a759",Article,Scopus,2-s2.0-41449105597
"Vannette, M.D., Sefat, A.S., Jia, S., Law, S.A., Lapertot, G., Bud'ko, S.L., Canfield, P.C., Schmalian, J., Prozorov, R.","Precise measurements of radio-frequency magnetic susceptibility in ferromagnetic and antiferromagnetic materials",2008,"Journal of Magnetism and Magnetic Materials","320","3-4",,"354","363",,20,10.1016/j.jmmm.2007.06.018,"https://www.scopus.com/inward/record.uri?eid=2-s2.0-35448988596&doi=10.1016%2fj.jmmm.2007.06.018&partnerID=40&md5=b80685e3cf50dea73ddda445de949135",Article,Scopus,2-s2.0-35448988596
"Singh, Y., Niazi, A., Vannette, M.D., Prozorov, R., Johnston, D.C.","Superconducting and normal-state properties of the layered boride Os B2",2007,"Physical Review B - Condensed Matter and Materials Physics","76","21", 214510,"","",,20,10.1103/PhysRevB.76.214510,"https://www.scopus.com/inward/record.uri?eid=2-s2.0-37749025842&doi=10.1103%2fPhysRevB.76.214510&partnerID=40&md5=866b1738f32059df56d14a6e2b847c40",Article,Scopus,2-s2.0-37749025842
"Engelhardt, L., Gass, I.A., Milios, C.J., Brechin, E.K., Murrie, M., Prozorov, R., Vannette, M., Luban, M.","Heisenberg model of an {Fe8}-cubane cluster",2007,"Physical Review B - Condensed Matter and Materials Physics","76","17", 172406,"","",,7,10.1103/PhysRevB.76.172406,"https://www.scopus.com/inward/record.uri?eid=2-s2.0-36048965794&doi=10.1103%2fPhysRevB.76.172406&partnerID=40&md5=081603556cb49d03a1bd6e34d34cd3d0",Article,Scopus,2-s2.0-36048965794
"Zuev, Y.L., Kuznetsova, V.A., Prozorov, R., Vannette, M.D., Lobanov, M.V., Christen, D.K., Thompson, J.R.","Evidence for s -wave superconductivity in noncentrosymmetric Re3 W from magnetic penetration depth measurements",2007,"Physical Review B - Condensed Matter and Materials Physics","76","13", 132508,"","",,24,10.1103/PhysRevB.76.132508,"https://www.scopus.com/inward/record.uri?eid=2-s2.0-35448950311&doi=10.1103%2fPhysRevB.76.132508&partnerID=40&md5=43c296fbd5892aa724353e0fbac9ef32",Article,Scopus,2-s2.0-35448950311
"Prozorov, T., Palo, P., Wang, L., Nilsen-Hamilton, M., Jones, D.A., Orr, D., Mallapragada, S.K., Narasimhan, B., Canfield, P.C., Prozorov, R.","Cobalt ferrite nanocrystals: Out-performing magnetotactic bacteria",2007,"ACS Nano","1","3",,"228","233",,54,10.1021/nn700194h,"https://www.scopus.com/inward/record.uri?eid=2-s2.0-47649110240&doi=10.1021%2fnn700194h&partnerID=40&md5=85ba41e48e0f00d717682bdeaf80e16f",Article,Scopus,2-s2.0-47649110240
"Prozorov, R., Kogan, V.G., Vannette, M.D., Bud'ko, S.L., Canfield, P.C.","Radio-frequency magnetic response of vortex lattices undergoing structural transformations in superconducting borocarbide crystals",2007,"Physical Review B - Condensed Matter and Materials Physics","76","9", 094520,"","",,1,10.1103/PhysRevB.76.094520,"https://www.scopus.com/inward/record.uri?eid=2-s2.0-34848814775&doi=10.1103%2fPhysRevB.76.094520&partnerID=40&md5=3fb79a06804dc4d785f4ea7a2bffa2cd",Article,Scopus,2-s2.0-34848814775
"Dobrynin, A.N., Prozorov, R.","Characteristic temperatures of exchange biased systems",2007,"Journal of Applied Physics","102","4", 043902,"","",,4,10.1063/1.2769807,"https://www.scopus.com/inward/record.uri?eid=2-s2.0-34548419673&doi=10.1063%2f1.2769807&partnerID=40&md5=25e162f79fc52e41694ce300bfc77013",Article,Scopus,2-s2.0-34548419673
"Diener, P., Rodière, P., Fletcher, J.D., Carrington, A., Brison, J.P., Prozorov, R., Olheiser, T., Giannetta, R.W.","Anisotropic superconductivity in NbSe2 probed by magnetic penetration depth",2007,"Physica C: Superconductivity and its Applications","460-462 I","SPEC. ISS.",,"700","701",,1,10.1016/j.physc.2007.03.145,"https://www.scopus.com/inward/record.uri?eid=2-s2.0-34548155009&doi=10.1016%2fj.physc.2007.03.145&partnerID=40&md5=9b0dfa906d7789e6399c6778198c1651",Article,Scopus,2-s2.0-34548155009
"Prozorov, R., Prozorov, T., Mallapragada, S.K., Narasimhan, B., Williams, T.J., Bazylinski, D.A.","Magnetic irreversibility and the Verwey transition in nanocrystalline bacterial magnetite",2007,"Physical Review B - Condensed Matter and Materials Physics","76","5", 054406,"","",,65,10.1103/PhysRevB.76.054406,"https://www.scopus.com/inward/record.uri?eid=2-s2.0-34547659759&doi=10.1103%2fPhysRevB.76.054406&partnerID=40&md5=a171666917d0bffe292fb42597abfcac",Article,Scopus,2-s2.0-34547659759
"Prozorov, R.","Equilibrium topology of the intermediate state in type-I superconductors of different shapes",2007,"Physical Review Letters","98","25", 257001,"","",,41,10.1103/PhysRevLett.98.257001,"https://www.scopus.com/inward/record.uri?eid=2-s2.0-34547266571&doi=10.1103%2fPhysRevLett.98.257001&partnerID=40&md5=e6f8633251a6142adb8ba883a91a065d",Article,Scopus,2-s2.0-34547266571
"Ricci, M.C., Xu, H., Prozorov, R., Zhuravel, A.P., Ustinov, A.V., Anlage, S.M.","Tunability of superconducting metamaterials",2007,"IEEE Transactions on Applied Superconductivity","17","2",,"918","921",,51,10.1109/TASC.2007.898535,"https://www.scopus.com/inward/record.uri?eid=2-s2.0-34547531116&doi=10.1109%2fTASC.2007.898535&partnerID=40&md5=198e96b98a71c38092c83303b02c42e8",Conference Paper,Scopus,2-s2.0-34547531116
"Prozorov, T., Mallapragada, S.K., Narasimhan, B., Wang, L., Palo, P., Nilsen-Hamilton, M., Williams, T.J., Bazylinski, D.A., Prozorov, R., Canfield, P.C.","Protein-mediated synthesis of uniform superparamagnetic magnetite nanocrystals",2007,"Advanced Functional Materials","17","6",,"951","957",,105,10.1002/adfm.200600448,"https://www.scopus.com/inward/record.uri?eid=2-s2.0-34248574759&doi=10.1002%2fadfm.200600448&partnerID=40&md5=bb336a38c8dd66ac1a3e0a55c39cc7a5",Article,Scopus,2-s2.0-34248574759
"Prozorov, R., Vannette, M.D., Samolyuk, G.D., Law, S.A., Bud'ko, S.L., Canfield, P.C.","Contactless measurements of Shubnikov-de Haas oscillations in the magnetically ordered state of CeAg Sb2 and SmAg Sb2 single crystals",2007,"Physical Review B - Condensed Matter and Materials Physics","75","1", 014413,"","",,7,10.1103/PhysRevB.75.014413,"https://www.scopus.com/inward/record.uri?eid=2-s2.0-33846412254&doi=10.1103%2fPhysRevB.75.014413&partnerID=40&md5=8a10fa0db3dd7ceb817856bcd129bde5",Article,Scopus,2-s2.0-33846412254
"Fletcher, J.D., Carrington, A., Diener, P., Rodière, P., Brison, J.P., Prozorov, R., Olheiser, T., Giannetta, R.W.","Penetration depth study of superconducting gap structure of 2H-NbSe2",2007,"Physical Review Letters","98","5", 057003,"","",,63,10.1103/PhysRevLett.98.057003,"https://www.scopus.com/inward/record.uri?eid=2-s2.0-33846795814&doi=10.1103%2fPhysRevLett.98.057003&partnerID=40&md5=db920d315125ceec3f700562ac6c47bc",Article,Scopus,2-s2.0-33846795814
"Poole, C.P., Farach, H.A., Creswick, R.J., Prozorov, R.","Superconductivity",2007,"Superconductivity",,,,"","",646,69,10.1016/B978-0-12-088761-3.X5021-2,"https://www.scopus.com/inward/record.uri?eid=2-s2.0-85013958979&doi=10.1016%2fB978-0-12-088761-3.X5021-2&partnerID=40&md5=1cf5473f5c42119322dad837ee056a84",Book,Scopus,2-s2.0-85013958979
"Ricci, M., Zhuravel, A., Ustinov, A., Prozorov, R., Anlage, S.M.","Novel properties of superconducting metamaterials investigated with magneto-optic and scanning laser microscopies",2007,"Optics InfoBase Conference Papers",,,,"","",,,,"https://www.scopus.com/inward/record.uri?eid=2-s2.0-84898786146&partnerID=40&md5=effba229a0c86063362f5365cd1a6d88",Conference Paper,Scopus,2-s2.0-84898786146
"Prozorov, R., Shantsev, D.V., Mints, R.G.","Collapse of the critical state in superconducting niobium",2006,"Physical Review B - Condensed Matter and Materials Physics","74","22", 220511,"","",,17,10.1103/PhysRevB.74.220511,"https://www.scopus.com/inward/record.uri?eid=2-s2.0-33845729985&doi=10.1103%2fPhysRevB.74.220511&partnerID=40&md5=3e5d1a7d33dc091aed4517bf60869afb",Article,Scopus,2-s2.0-33845729985
"Kogan, V.G., Prozorov, R., Bud'ko, S.L., Canfield, P.C., Thompson, J.R., Karpinski, J., Zhigadlo, N.D., Miranović, P.","Effect of field-dependent core size on reversible magnetization of high- κ superconductors",2006,"Physical Review B - Condensed Matter and Materials Physics","74","18", 184521,"","",,14,10.1103/PhysRevB.74.184521,"https://www.scopus.com/inward/record.uri?eid=2-s2.0-33751096194&doi=10.1103%2fPhysRevB.74.184521&partnerID=40&md5=51838f38cd49ff58d2a8851655d8e002",Article,Scopus,2-s2.0-33751096194
"Prozorov, R., Giannetta, R.W.","Magnetic penetration depth in unconventional superconductors",2006,"Superconductor Science and Technology","19","8", R01,"R41","R67",,157,10.1088/0953-2048/19/8/R01,"https://www.scopus.com/inward/record.uri?eid=2-s2.0-33749059561&doi=10.1088%2f0953-2048%2f19%2f8%2fR01&partnerID=40&md5=5cc25a27b43975999f70789416c615ee",Review,Scopus,2-s2.0-33749059561
"Prozorov, R., Olheiser, T.A., Giannetta, R.W., Uozato, K., Tamegai, T.","Anisotropic s -wave superconductivity in CaAlSi single crystals from penetration depth measurements",2006,"Physical Review B - Condensed Matter and Materials Physics","73","18", 184523,"","",,15,10.1103/PhysRevB.73.184523,"https://www.scopus.com/inward/record.uri?eid=2-s2.0-33646860157&doi=10.1103%2fPhysRevB.73.184523&partnerID=40&md5=babbccbc7aa5e380b955ca9f5b2caaac",Article,Scopus,2-s2.0-33646860157
"Prozorov, R., Giannetta, R.W., Polyanskii, A.A., Perkins, G.K.","Topological hysteresis in the intermediate state of type-I superconductors",2005,"Physical Review B - Condensed Matter and Materials Physics","72","21", 212508,"","",,35,10.1103/PhysRevB.72.212508,"https://www.scopus.com/inward/record.uri?eid=2-s2.0-29744454090&doi=10.1103%2fPhysRevB.72.212508&partnerID=40&md5=817bd1bf32cdcd774a7e73f70020031d",Article,Scopus,2-s2.0-29744454090
"Prozorov, R., Prozorov, T., Snezhko, A.","Superconducting nanocomposites: Enhancement of bulk pinning and improvement of intergrain coupling",2005,"IEEE Transactions on Applied Superconductivity","15","2 PART III",,"3277","3280",,4,10.1109/TASC.2005.848851,"https://www.scopus.com/inward/record.uri?eid=2-s2.0-22044442859&doi=10.1109%2fTASC.2005.848851&partnerID=40&md5=e93ac54c7fe97b08e145c32c7e2010fa",Conference Paper,Scopus,2-s2.0-22044442859
"Prozorov, T., McCarty, B., Liu, B., Prozorov, R.","High-Tc superconductors-based nanocomposites with improved intergrain coupling and enhanced bulk pinning",2005,"IEEE Transactions on Applied Superconductivity","15","2 PART III",,"3114","3117",,,10.1109/TASC.2005.848971,"https://www.scopus.com/inward/record.uri?eid=2-s2.0-22044440200&doi=10.1109%2fTASC.2005.848971&partnerID=40&md5=db43a6289e08506d42f7b99234df0101",Conference Paper,Scopus,2-s2.0-22044440200
"Young, D.P., Moldovan, M., Adams, P.W., Prozorov, R.","Magneto-optical studies of flux penetration in super-hard Nb wire",2005,"Superconductor Science and Technology","18","5",,"776","779",,2,10.1088/0953-2048/18/5/034,"https://www.scopus.com/inward/record.uri?eid=2-s2.0-24644521484&doi=10.1088%2f0953-2048%2f18%2f5%2f034&partnerID=40&md5=af13e3e22df70033bc417d3cdfe5cac5",Article,Scopus,2-s2.0-24644521484
"Gemmill, W.B., Smith, M.D., Prozorov, R., Zur Loye, H.-C.","Crystal growth and magnetic properties of lanthanide-containing osmium double perovskites, Ln<inf>2</inf>NaOsO<inf>6</inf> (Ln = La, Pr, Nd)",2005,"Inorganic Chemistry","44","8",,"2639","2646",,53,10.1021/ic048637x,"https://www.scopus.com/inward/record.uri?eid=2-s2.0-17444366953&doi=10.1021%2fic048637x&partnerID=40&md5=856f20f10db9e9ae1263a10cca641104",Article,Scopus,2-s2.0-17444366953
"Snezhko, A., Prozorov, T., Prozorov, R.","Magnetic nanoparticles as efficient bulk pinning centers in type-II superconductors",2005,"Physical Review B - Condensed Matter and Materials Physics","71","2", 024527,"","",,66,10.1103/PhysRevB.71.024527,"https://www.scopus.com/inward/record.uri?eid=2-s2.0-16844386323&doi=10.1103%2fPhysRevB.71.024527&partnerID=40&md5=d1b61a6d6f9bfc85a8b1202104258c3b",Article,Scopus,2-s2.0-16844386323
"Caiafa, A., Snezhko, A., Hudgins, J.L., Santi, E., Prozorov, R., Palmer, P.R.","Physics-based modeling of NPT and PT IGBTS at deep cryogenic temperatures",2004,"Conference Record - IAS Annual Meeting (IEEE Industry Applications Society)","4",,,"2536","2541",,1,,"https://www.scopus.com/inward/record.uri?eid=2-s2.0-10944268298&partnerID=40&md5=3fd2624dc6ca51741b6a3fbd5d2fe1f7",Conference Paper,Scopus,2-s2.0-10944268298
"Giannetta, R.W., Lawrie, D.D., Carrington, A., Prozorov, R., Schlueter, U.A., Kini, A.M., Geiser, U., Mohtasham, J., Winter, R.W., Gard, G.L.","London penetration depth in (BEDT-TTF)2 superconductors",2004,"Journal De Physique. IV : JP","114",,,"211","215",,,10.1051/jp4:2004114046,"https://www.scopus.com/inward/record.uri?eid=2-s2.0-33645167685&doi=10.1051%2fjp4%3a2004114046&partnerID=40&md5=97fface0a5f4876cebf5051648617406",Conference Paper,Scopus,2-s2.0-33645167685
"Caiafa, A., Snezhko, A., Hudgins, J.L., Santi, E., Prozorov, R.","The failure of punch-through IGBTs to reach forward conduction mode at low temperatures",2004,"PESC Record - IEEE Annual Power Electronics Specialists Conference","4",,,"2967","2970",,1,10.1109/PESC.2004.1355306,"https://www.scopus.com/inward/record.uri?eid=2-s2.0-8744263894&doi=10.1109%2fPESC.2004.1355306&partnerID=40&md5=a84af1d4ec51fa4b3ba1c487107e9c38",Conference Paper,Scopus,2-s2.0-8744263894
"Caiafa, A., Snezhko, A., Hudgins, J.L., Santi, E., Prozorov, R.","IGBT operation at cryogenic temperatures: Non-punch-through and punch-through comparison",2004,"PESC Record - IEEE Annual Power Electronics Specialists Conference","4",,,"2960","2966",,8,10.1109/PESC.2004.1355305,"https://www.scopus.com/inward/record.uri?eid=2-s2.0-8744284440&doi=10.1109%2fPESC.2004.1355305&partnerID=40&md5=8aaf76aa9002e5be7c32e820313a02d5",Conference Paper,Scopus,2-s2.0-8744284440
"Prozorov, T., Prozorov, R., Suslick, K.S.","High velocity interparticle collisions driven by ultrasound",2004,"Journal of the American Chemical Society","126","43",,"13890","13891",,108,10.1021/ja049493o,"https://www.scopus.com/inward/record.uri?eid=2-s2.0-7444269650&doi=10.1021%2fja049493o&partnerID=40&md5=5f920a180aee1634ef02f00c57f89109",Article,Scopus,2-s2.0-7444269650
"Prozorov, T., McCarty, B., Cai, Z., Prozorov, R., Suslick, K.S.","Effects of high-intensity ultrasound on Bi 2Sr 2CaCu 2O 8+x superconductor",2004,"Applied Physics Letters","85","16",,"3513","3515",,9,10.1063/1.1808500,"https://www.scopus.com/inward/record.uri?eid=2-s2.0-9744258762&doi=10.1063%2f1.1808500&partnerID=40&md5=f4cc3f03931cbb408084e9884750b399",Article,Scopus,2-s2.0-9744258762
"Prozorov, R., Prozorov, T.","Effective collective barrier for magnetic relaxation in frozen ferrofluids",2004,"Journal of Magnetism and Magnetic Materials","281","2-3",,"312","317",,9,10.1016/j.jmmm.2004.04.120,"https://www.scopus.com/inward/record.uri?eid=2-s2.0-4544251406&doi=10.1016%2fj.jmmm.2004.04.120&partnerID=40&md5=19e9750baaf896d4d3d6fd82a16f0bfa",Article,Scopus,2-s2.0-4544251406
"Prozorov, R., Lawrie, D.D., Hetel, Fournier, P., Giannetta, R.W.","Field-dependent diamagnetic transition in magnetic superconductor Sm <inf>1.85</inf>Ce<inf>0.85</inf>CuO<inf>4-y</inf>",2004,"Physical Review Letters","93","14",,"147001","1-147001-4",,9,10.1103/PhysRevLett.93.147001,"https://www.scopus.com/inward/record.uri?eid=2-s2.0-19644401242&doi=10.1103%2fPhysRevLett.93.147001&partnerID=40&md5=d9f4f8dbf601aeabde2641fd5d95915e",Article,Scopus,2-s2.0-19644401242
"Prozorov, R., Snezhko, A., Fournier, P.","Magneto-optical study of a single crystal of magnetic superconductor Sm<inf>1.85</inf>Ce<inf>0.15</inf>CuO<inf>4-x</inf>",2004,"Physica C: Superconductivity and its Applications","405","3-4",,"265","270",,1,10.1016/j.physc.2004.02.011,"https://www.scopus.com/inward/record.uri?eid=2-s2.0-2642520593&doi=10.1016%2fj.physc.2004.02.011&partnerID=40&md5=60b655451f00dc5f08c1267b558e22e1",Article,Scopus,2-s2.0-2642520593
"Snezhko, A., Prozorov, R., Lawrie, D.D., Loomis, R.W.G., Gauthier, J., Renaud, J., Fournier, P.","Nodal order parameter in electron-doped Pr<inf>2-x</inf>Ce <inf>x</inf>CuO<inf>4-δ</inf> superconducting films",2004,"Physical Review Letters","92","15",,"157005","1",,36,10.1103/PhysRevLett.92.157005,"https://www.scopus.com/inward/record.uri?eid=2-s2.0-2542501002&doi=10.1103%2fPhysRevLett.92.157005&partnerID=40&md5=6b135b371534a2c337be8e6edf00b3e3",Article,Scopus,2-s2.0-2542501002
"Snezhko, A., Prozorov, R.","Temperature dependence of magnetic penetration depth in B <inf>1-x</inf>K<inf>x</inf>BiO<inf>3</inf> superconductor",2004,"Physica C: Superconductivity and its Applications","403","3",,"200","202",,1,10.1016/j.physc.2003.12.007,"https://www.scopus.com/inward/record.uri?eid=2-s2.0-1542346278&doi=10.1016%2fj.physc.2003.12.007&partnerID=40&md5=4710e9c9bd819291ce4659631f07bae8",Article,Scopus,2-s2.0-1542346278
"Prozorov, R., Snezhko, A., He, T., Cava, R.J.","Evidence for unconventional superconductivity in the nonoxide perovskite MgCNi3 from penetration depth measurements",2003,"Physical Review B - Condensed Matter and Materials Physics","68","18", 180502,"1805021","1805024",,46,,"https://www.scopus.com/inward/record.uri?eid=2-s2.0-0347064232&partnerID=40&md5=541020039c8e234765a3121ea71c91f3",Article,Scopus,2-s2.0-0347064232
"Prozorov, T., Prozorov, R., Snezhko, A., Suslick, K.S.","Sonochemical modification of the superconducting properties of MgB 2",2003,"Applied Physics Letters","83","10",,"2019","2021",,21,10.1063/1.1609248,"https://www.scopus.com/inward/record.uri?eid=2-s2.0-0141955074&doi=10.1063%2f1.1609248&partnerID=40&md5=072539f1d79f2fe09b5990a6e068732a",Article,Scopus,2-s2.0-0141955074
"Prozorov, R., Giannetta, R.W., Kameda, N., Tamegai, T., Schlueter, J.A., Fournier, P.","Campbell penetration depth of a superconductor in the critical state",2003,"Physical Review B - Condensed Matter and Materials Physics","67","18", 184501,"1845011","1845014",,18,,"https://www.scopus.com/inward/record.uri?eid=2-s2.0-0037634645&partnerID=40&md5=e2f25b7f71f8f66eb2c62394db7106ea",Article,Scopus,2-s2.0-0037634645
"Prozorov, R., Giannetta, R.W., Bud'ko, S.L., Canfield, P.C.","Energy gap and proximity effect in MgB2 superconducting wires",2001,"Physical Review B - Condensed Matter and Materials Physics","64","18", 180501,"1805011","1805014",,25,,"https://www.scopus.com/inward/record.uri?eid=2-s2.0-0035507662&partnerID=40&md5=80bd602dfda19efa7667cec05758693d",Article,Scopus,2-s2.0-0035507662
"Rosenstein, B., Shapiro, B.Ya., Prozorov, R., Shaulov, A., Yeshurun, Y.","Fluctuations in single-crystal YBa2Cu3O6.5: Evidence for crossover from two-dimensional to three-dimensional behavior",2001,"Physical Review B - Condensed Matter and Materials Physics","63","13", 134501,"1345011","1345015",,31,,"https://www.scopus.com/inward/record.uri?eid=2-s2.0-0034900337&partnerID=40&md5=cd248cde48718fa9d71ce73bc850c360",Article,Scopus,2-s2.0-0034900337
"Prozorov, R., Giannetta, R.W., Schlueter, J., Kini, A.M., Mohtasham, J., Winter, R.W., Gard, G.L.","Unusual temperature dependence of the London penetration depth in all-organic β″- (ET)2SF5CH2CF2SO 3 single crystals",2001,"Physical Review B - Condensed Matter and Materials Physics","63","5", 052506,"525061","525064",,14,,"https://www.scopus.com/inward/record.uri?eid=2-s2.0-0035137079&partnerID=40&md5=50bf118fc8b8cbf1b0763cdcf46d1772",Article,Scopus,2-s2.0-0035137079
"Carrington, A., Manzano, F., Prozorov, R., Giannetta, R.W., Kameda, N., Tamegai, T.","Evidence for surface Andreev bound states in cuprate superconductors from penetration depth measurements",2001,"Physical Review Letters","86","6",,"1074","1077",,30,10.1103/PhysRevLett.86.1074,"https://www.scopus.com/inward/record.uri?eid=2-s2.0-0035251602&doi=10.1103%2fPhysRevLett.86.1074&partnerID=40&md5=b76fe28488304a54065e15f6fedfb985",Article,Scopus,2-s2.0-0035251602
"Prozorov, R., Giannetta, R.W., Carrington, A., Fournier, P., Greene, R.L., Guptasarma, P., Hinks, D.G., Banks, A.R.","Measurements of the absolute value of the penetration depth in high-Tc superconductors using a low-Tc superconductive coating",2000,"Applied Physics Letters","77","25",,"4202","4204",,50,,"https://www.scopus.com/inward/record.uri?eid=2-s2.0-0000147758&partnerID=40&md5=51a1fa8c14d2fc089ca3086221947f27",Article,Scopus,2-s2.0-0000147758
"Prozorov, R., Giannetta, R.W., Fournier, P., Greene, R.L.","Magnetic penetration depth in electron-doped cuprates - Evidence for gap nodes",2000,"Physica C: Superconductivity and its Applications","341-348","PART 2",,"1703","1704",,3,,"https://www.scopus.com/inward/record.uri?eid=2-s2.0-0342961827&partnerID=40&md5=d79aa2bd6f7ea543aba421108e186b8a",Article,Scopus,2-s2.0-0342961827
"Prozorov, R., Giannetta, R.W., Carrington, A., Araujo-Moreira, F.M.","Meissner-London state in superconductors of rectangular cross section in a perpendicular magnetic field",2000,"Physical Review B - Condensed Matter and Materials Physics","62","1",,"115","118",,120,,"https://www.scopus.com/inward/record.uri?eid=2-s2.0-0000799598&partnerID=40&md5=899a3b799596201e226ea38097502a3a",Article,Scopus,2-s2.0-0000799598
"Prozorov, R., Giannetta, R.W., Tamegai, T., Guptasarma, P., Hinks, D.G.","Low temperature vortex phase diagram of Bi2.15Sr1.85CaCu2O8+δ: A magnetic penetration depth study",2000,"Physica C: Superconductivity and its Applications","341-348","PART 3",,"1123","1124",,,,"https://www.scopus.com/inward/record.uri?eid=2-s2.0-0342961289&partnerID=40&md5=368f160f588720214fbf183f966e4c6e",Article,Scopus,2-s2.0-0342961289
"Prozorov, R., Giannetta, R.W., Fournier, P., Greene, R.L.","Evidence for nodal quasiparticles in electron-doped cuprates from penetration depth measurements",2000,"Physical Review Letters","85","17",,"3700","3703",,130,10.1103/PhysRevLett.85.3700,"https://www.scopus.com/inward/record.uri?eid=2-s2.0-0034297443&doi=10.1103%2fPhysRevLett.85.3700&partnerID=40&md5=ab04a40f4338e313b121d998e531c680",Article,Scopus,2-s2.0-0034297443
"Shafi, K.V.P.M., Gedanken, A., Prozorov, R., Revesz, A., Lendvai, J.","Preparation and magnetic properties of nanosized amorphous ternary Fe-Ni-Co alloy powders",2000,"Journal of Materials Research","15","2",,"332","337",,13,,"https://www.scopus.com/inward/record.uri?eid=2-s2.0-0034142445&partnerID=40&md5=f44fcc35d3d6a6e28c0d8dcaed715875",Article,Scopus,2-s2.0-0034142445
"Prozorov, R., Giller, D.","Self-organization of vortices in type-II superconductors during magnetic relaxation",1999,"Physical Review B - Condensed Matter and Materials Physics","59","22",,"14687","14691",,6,,"https://www.scopus.com/inward/record.uri?eid=2-s2.0-0004080715&partnerID=40&md5=49f561d9aac4ec4361ff96b73ba6be41",Article,Scopus,2-s2.0-0004080715
"Prozorov, R., Yeshurun, Y., Prozorov, T., Gedanken, A.","Magnetic irreversibility and relaxation in assembly of ferromagnetic nanoparticles",1999,"Physical Review B - Condensed Matter and Materials Physics","59","10",,"6956","6965",,67,,"https://www.scopus.com/inward/record.uri?eid=2-s2.0-0001500092&partnerID=40&md5=2f955e5f15c7b8a1fadf44d2a6f11a29",Article,Scopus,2-s2.0-0001500092
"Kataby, G., Cojocaru, M., Prozorov, R., Gedanken, A.","Coating carboxylic acids on amorphous iron nanoparticles",1999,"Langmuir","15","5",,"1703","1708",,118,,"https://www.scopus.com/inward/record.uri?eid=2-s2.0-0033514792&partnerID=40&md5=afcf0526c2cb72653e96fd73ec9cf213",Article,Scopus,2-s2.0-0033514792
"Carrington, A., Bonalde, I.J., Prozorov, R., Giannetta, R.W., Kini, A.M., Schlueter, J., Wang, H.H., Geiser, U., Williams, J.M.","Low-Temperature Penetration Depth of κ-(ET)<inf>2</inf>Cu[N(CN)<inf>2</inf>]Br and κ-(ET)<inf>2</inf>Cu(NCS)<inf>2</inf>",1999,"Physical Review Letters","83","20",,"4172","4175",,112,,"https://www.scopus.com/inward/record.uri?eid=2-s2.0-0000027156&partnerID=40&md5=12e267edb6498da0e33b575d98a9bcce",Article,Scopus,2-s2.0-0000027156
"Wizel, S., Margel, S., Gedanken, A., Rojas, T.C., Fernández, A., Prozorov, R.","Preparation of metal-polymer composite materials using ultrasound radiation: Part II. Differences in physical properties of cobalt-polymer and iron-polymer composites",1999,"Journal of Materials Research","14","10",,"3913","3920",,27,,"https://www.scopus.com/inward/record.uri?eid=2-s2.0-0033276954&partnerID=40&md5=2fd4a0bf40efc6c8150d97c1f76475e1",Article,Scopus,2-s2.0-0033276954
"Prozorov, T., Kataby, G., Prozorov, R., Gedanken, A.","Effect of surfactant concentration on the size of coated ferromagnetic nanoparticles",1999,"Thin Solid Films","340","1",,"189","193",,27,10.1016/S0040-6090(98)01400-X,"https://www.scopus.com/inward/record.uri?eid=2-s2.0-0032631835&doi=10.1016%2fS0040-6090%2898%2901400-X&partnerID=40&md5=65fa3edfd9f3e4283e2bdbace73aee50",Article,Scopus,2-s2.0-0032631835
"Kataby, G., Prozorov, R., Gedanken, A.","Characterization of self-assembled alcohols coatings on amorphous iron",1999,"Nanostructured Materials","12","1",,"421","424",,8,10.1016/S0965-9773(99)00149-X,"https://www.scopus.com/inward/record.uri?eid=2-s2.0-0032593377&doi=10.1016%2fS0965-9773%2899%2900149-X&partnerID=40&md5=056b35a9a1b0daa18cbde8e56af49662",Article,Scopus,2-s2.0-0032593377
"Prozorov, T., Prozorov, R., Shafi, K.V.P.M., Gedanken, A.","Self-organization in ferrofluids prepared by sonochemical radiation method",1999,"Nanostructured Materials","12","5",,"669","672",,8,10.1016/S0965-9773(99)00213-5,"https://www.scopus.com/inward/record.uri?eid=2-s2.0-0032594037&doi=10.1016%2fS0965-9773%2899%2900213-5&partnerID=40&md5=7784bcc2cde482533403edc741b813b6",Article,Scopus,2-s2.0-0032594037
"Koltypin, Y., Fernandez, A., Rojas, T.C., Campora, J., Palma, P., Prozorov, R., Gedanken, A.","Encapsulation of nickel nanoparticles in carbon obtained by the sonochemical decomposition of Ni(C&lt;inf&gt;8&lt;/inf&gt;H&lt;inf&gt;12&lt;/inf&gt;)&lt;inf&gt;2&lt;/inf&gt;",1999,"Chemistry of Materials","11","5",,"1331","1335",,72,,"https://www.scopus.com/inward/record.uri?eid=2-s2.0-84930188971&partnerID=40&md5=f70f6603e949c0c1ec1bb2e410898204",Article,Scopus,2-s2.0-84930188971
"Prozorov, T., Prozorov, R., Koltypin, Yu., Felner, I., Gedanken, A.","Sonochemistry under an applied magnetic field: Determining the shape of a magnetic particle",1998,"Journal of Physical Chemistry B","102","50",,"10165","10168",,35,,"https://www.scopus.com/inward/record.uri?eid=2-s2.0-0000055296&partnerID=40&md5=a29aaa1173a48f37d03ce33008809611",Article,Scopus,2-s2.0-0000055296
"Ramesh, S., Cohen, Y., Prozorov, R., Shafi, K.V.P.M., Aurbach, D., Gedanken, A.","Organized silica microspheres carrying ferromagnetic cobalt nanoparticles as a basis for tip arrays in magnetic force microscopy",1998,"Journal of Physical Chemistry B","102","50",,"10234","10242",,24,,"https://www.scopus.com/inward/record.uri?eid=2-s2.0-0000799106&partnerID=40&md5=6b06d74190131b8e03f0745146763de7",Article,Scopus,2-s2.0-0000799106
"Prozorov, T., Prozorov, R., Gedanken, A.","Does the self-assembled coating of magnetic nanoparticles cover individual particles or agglomerates?",1998,"Advanced Materials","10","18",,"1529","1532",,22,,"https://www.scopus.com/inward/record.uri?eid=2-s2.0-0032319343&partnerID=40&md5=df89243672631704ba7b1580884ece9f",Article,Scopus,2-s2.0-0032319343
"Shafi, K.V.P.M., Gedanken, A., Prozorov, R.","Surfactant-assisted self-organization of cobalt nanoparticles in a magnetic fluid",1998,"Advanced Materials","10","8",,"590","593",,33,,"https://www.scopus.com/inward/record.uri?eid=2-s2.0-0032474373&partnerID=40&md5=fa7a24a39fa9300b3822fd9de0c26f06",Article,Scopus,2-s2.0-0032474373
"Shafi, K.V.P.M., Gedanken, A., Prozorov, R.","Sonochemical preparation and characterization of nanosized amorphous Co-Ni alloy powders",1998,"Journal of Materials Chemistry","8","3",,"769","773",,60,,"https://www.scopus.com/inward/record.uri?eid=2-s2.0-27844441929&partnerID=40&md5=165c95c8857bcf742e69d65524cdf47e",Article,Scopus,2-s2.0-27844441929
"Burlachkov, L., Giller, D., Prozorov, R.","Collective flux creep: Beyond the logarithmic solution",1998,"Physical Review B - Condensed Matter and Materials Physics","58","22",,"15067","15077",,21,,"https://www.scopus.com/inward/record.uri?eid=2-s2.0-0001420521&partnerID=40&md5=b0393b9688e2e617eeca648d5161871c",Article,Scopus,2-s2.0-0001420521
"Satyalakshmi, K.M., Fisher, B., Patlagan, L., Koren, G., Sheriff, E., Prozorov, R., Yeshurun, Y.","Tunneling and enhanced magnetoresistance in Nd<inf>2/3</inf>Sr<inf>1/3</inf>MnO<inf>3</inf> thin films with microcracks",1998,"Applied Physics Letters","73","3",,"402","404",,22,10.1063/1.121848,"https://www.scopus.com/inward/record.uri?eid=2-s2.0-0001178447&doi=10.1063%2f1.121848&partnerID=40&md5=82656626774a15ffbee190772a100b80",Article,Scopus,2-s2.0-0001178447
"Shafi, K.V.P.M., Gedanken, A., Prozorov, R., Balogh, J.","Sonochemical Preparation and Size-Dependent Properties of Nanostructured CoFe<inf>2</inf>O<inf>4</inf> Particles",1998,"Chemistry of Materials","10","11",,"3445","3450",,257,,"https://www.scopus.com/inward/record.uri?eid=2-s2.0-0000681515&partnerID=40&md5=af908a09e859cea406ae3d89b55edb4e",Article,Scopus,2-s2.0-0000681515
"Prozorov, R., Sonin, E.B., Sheriff, E., Shaulov, A., Yeshurun, Y.","Current-density inhomogeneity throughout the thickness of superconducting films and its effect on their irreversible magnetic properties",1998,"Physical Review B - Condensed Matter and Materials Physics","57","21",,"13845","13853",,18,,"https://www.scopus.com/inward/record.uri?eid=2-s2.0-0000639128&partnerID=40&md5=ce775b1927a00144a1eb17a38e2c8e0a",Article,Scopus,2-s2.0-0000639128
"Giller, D., Abulafia, Y., Prozorov, R., Wolfus, Y., Shaulov, A., Yeshurun, Y.","Local voltage-current characteristics in high-Tc superconductors",1998,"Physical Review B - Condensed Matter and Materials Physics","57","22",,"R14080","R14083",,12,,"https://www.scopus.com/inward/record.uri?eid=2-s2.0-0038889944&partnerID=40&md5=524f628414af4540656dd7809e6d3751",Article,Scopus,2-s2.0-0038889944
"Kataby, G., Ulman, A., Prozorov, R., Gedanken, A.","Coating of amorphous iron nanoparticles by long-chain alcohols",1998,"Langmuir","14","7",,"1512","1515",,49,,"https://www.scopus.com/inward/record.uri?eid=2-s2.0-0032025167&partnerID=40&md5=16e9ea2651090ecc050c7aeca8e9feb9",Article,Scopus,2-s2.0-0032025167
"Wizel, S., Prozorov, R., Cohen, Y., Aurbach, D., Margel, S., Gedanken, A.","The preparation of metal-polymer composite materials using ultrasound radiation",1998,"Journal of Materials Research","13","1",,"211","216",,27,,"https://www.scopus.com/inward/record.uri?eid=2-s2.0-0031650189&partnerID=40&md5=44d3686b00c4b78a88cba18bb9906b58",Article,Scopus,2-s2.0-0031650189
"Ramesh, S., Prozorov, R., Gedanken, A.","Ultrasound Driven Deposition and Reactivity of Nanophasic Amorphous Iron Clusters with Surface Silanols of Submicrospherical Silica",1997,"Chemistry of Materials","9","12",,"2996","3004",,53,,"https://www.scopus.com/inward/record.uri?eid=2-s2.0-0001722803&partnerID=40&md5=bb4adbd940836d5a4841a7ccac5bac8d",Article,Scopus,2-s2.0-0001722803
"Cao, X., Koltypin, Yu., Prozorov, R., Kataby, G., Gedanken, A.","Preparation of amorphous Fe<inf>2</inf>O<inf>3</inf> powder with different particle sizes",1997,"Journal of Materials Chemistry","7","12",,"2447","2451",,69,,"https://www.scopus.com/inward/record.uri?eid=2-s2.0-0000030051&partnerID=40&md5=344867a24aaa8c82d6c3729b6eafe521",Article,Scopus,2-s2.0-0000030051
"Koltypin, Yu., Cao, X., Prozorov, R., Balogh, J., Kaptas, D., Gedanken, A.","Sonochemical synthesis of iron nitride nanoparticles",1997,"Journal of Materials Chemistry","7","12",,"2453","2456",,29,,"https://www.scopus.com/inward/record.uri?eid=2-s2.0-0000395489&partnerID=40&md5=42d96a7d5f04d893a69234b9983eaeaa",Article,Scopus,2-s2.0-0000395489
"Giller, D., Shaulov, A., Prozorov, R., Abulafia, Y., Wolfus, Y., Burlachkov, L., Yeshurun, Y., Zeldov, E., Vinokur, V.M., Peng, J.L., Greene, R.L.","Disorder-induced transition to entangled vortex solid in Nd-Ce-Cu-O crystal",1997,"Physical Review Letters","79","13",,"2542","2545",,134,,"https://www.scopus.com/inward/record.uri?eid=2-s2.0-0000044828&partnerID=40&md5=127458234fb1d3173f710af008d25c3c",Article,Scopus,2-s2.0-0000044828
"Sheriff, E., Prozorov, R., Yeshurun, Y., Shaulov, A., Koren, G., Chabaud-Villard, C.","Magnetization and flux creep in thin YBa2Cu3O7-δ films of various thickness",1997,"Journal of Applied Physics","82","9",,"4417","4423",,16,,"https://www.scopus.com/inward/record.uri?eid=2-s2.0-0000845495&partnerID=40&md5=79048e47bdf3f21f6d6bc1047254a93e",Article,Scopus,2-s2.0-0000845495
"Shafi, K.V.P.M., Koltypin, Y., Gedanken, A., Prozorov, R., Balogh, J., Lendvai, J., Felner, I.","Sonochemical preparation of nanosized amorphous NiFe<inf>2</inf>O<inf>4</inf> particles",1997,"Journal of Physical Chemistry B","101","33",,"6409","6414",,229,,"https://www.scopus.com/inward/record.uri?eid=2-s2.0-0031209463&partnerID=40&md5=c2485a7539fc0a9eb26c520c6d013639",Article,Scopus,2-s2.0-0031209463
"Prozorov, R., Sheriff, E., Yeshurun, Y., Shaulov, A.","Thickness dependence of the magnetic properties in YBa2Cu3O7-δ thin films",1997,"Physica C: Superconductivity and its Applications","282","PART 4",,"2215","2216",,,,"https://www.scopus.com/inward/record.uri?eid=2-s2.0-0031213061&partnerID=40&md5=fdc74dff74f5d78aed2f0e4ea31f0006",Article,Scopus,2-s2.0-0031213061
"Poddar, A., Prozorov, R., Wolfus, Y., Ghinovker, M., Shapiro, B.Ya., Shaulov, A., Yeshurun, Y.","Vortex fluctuations in YBa2Cu3O6.5 single crystal: Evidence for 2D→3D crossover",1997,"Physica C: Superconductivity and its Applications","282-287","PART 3",,"1299","1300",,5,,"https://www.scopus.com/inward/record.uri?eid=2-s2.0-4243853802&partnerID=40&md5=64eea7c831ab82f2d4f01f8707cef32a",Article,Scopus,2-s2.0-4243853802
"Abulafia, Y., Wolfus, Y., Shaulov, A., Prozorov, R., Giller, D., Yeshurun, Y.","Extraction of current density distribution from local magnetic measurements",1997,"Physica C: Superconductivity and its Applications","282","PART 4",,"2225","2226",,2,,"https://www.scopus.com/inward/record.uri?eid=2-s2.0-0031211130&partnerID=40&md5=f65dda33f044cd18fef350d6759aaf2a",Article,Scopus,2-s2.0-0031211130
"Giller, D., Abulafia, Y., Prozorov, R., Wolfus, Y., Shaulov, A., Yeshurun, Y., Majer, D., Zeldov, E., Peng, J.L., Greene, R.L.","Local magnetic relaxation in Nd1.85Ce0.15Cuo4-δ crystals",1997,"Physica C: Superconductivity and its Applications","282","PART 4",,"2209","2210",,1,,"https://www.scopus.com/inward/record.uri?eid=2-s2.0-0031208735&partnerID=40&md5=e6106ef4462ec02f2290592b0b820a94",Article,Scopus,2-s2.0-0031208735
"Ramesh, S., Koltypin, Y., Prozorov, R., Gedanken, A.","Sonochemical Deposition and Characterization of Nanophasic Amorphous Nickel on Silica Microspheres",1997,"Chemistry of Materials","9","2",,"546","551",,92,,"https://www.scopus.com/inward/record.uri?eid=2-s2.0-0000342498&partnerID=40&md5=229b8e48cd701223b5c0ecbd23867e9d",Article,Scopus,2-s2.0-0000342498
"Cao, X., Prozorov, R., Koltypin, Yu., Kataby, G., Feiner, I., Gedanken, A.","Synthesis of pure amorphous Fe<inf>2</inf>O<inf>3</inf>",1997,"Journal of Materials Research","12","2",,"402","406",,113,,"https://www.scopus.com/inward/record.uri?eid=2-s2.0-0031077769&partnerID=40&md5=90ee30a33b04be61b7563b0842c3076e",Article,Scopus,2-s2.0-0031077769
"Prozorov, R., Konczykowski, M., Schmidt, B., Yeshurun, Y., Shaulov, A.","Angular anisotropy of the irreversibility line in thin YBa<inf>2</inf>Cu<inf>3</inf>O<inf>7-δ</inf> films: Pinning in vortex liquid",1996,"Czechoslovak Journal of Physics","46","SUPPL. 3",,"1535","1536",,,10.1007/BF02562882,"https://www.scopus.com/inward/record.uri?eid=2-s2.0-77958102030&doi=10.1007%2fBF02562882&partnerID=40&md5=ded14dde4bca1a25b0aab3f41d6b3531",Article,Scopus,2-s2.0-77958102030
"Prozorov, R., Konczykowski, M., Schmidt, B., Yeshurun, Y., Shaulov, A., Villard, C., Koren, G.","Origin of the irreversibility line in thin YBa<inf>2</inf>Cu<inf>3</inf>O<inf>7-δ</inf> films with and without columnar defects",1996,"Physical Review B - Condensed Matter and Materials Physics","54","21",,"15530","15536",,20,,"https://www.scopus.com/inward/record.uri?eid=2-s2.0-0001278702&partnerID=40&md5=fcd09eeb79ff9b38bbb7ef269974d20b",Article,Scopus,2-s2.0-0001278702
"Abulafia, Y., Shaulov, A., Wolfus, Y., Prozorov, R., Burlachkov, L., Yeshurun, Y., Majer, D., Zeldov, E., Wühl, H., Geshkenbein, V.B., Vinokur, V.M.","Plastic vortex creep in YBa<inf>2</inf>Cu<inf>3</inf>O<inf>7-x</inf> crystals",1996,"Physical Review Letters","77","8",,"1596","1599",,231,,"https://www.scopus.com/inward/record.uri?eid=2-s2.0-0000802635&partnerID=40&md5=5d20d32a77a0a03fbbe2483670a64e59",Article,Scopus,2-s2.0-0000802635
"Prozorov, R., Poddar, A., Sheriff, E., Shaulov, A., Yeshurun, Y.","Irreversible magnetization in thin YBCO films rotated in external magnetic field",1996,"Physica C: Superconductivity and its Applications","264","1-2",,"27","33",,4,,"https://www.scopus.com/inward/record.uri?eid=2-s2.0-0030169252&partnerID=40&md5=e04bb7c6e0e7f3af875eedcbe3bdcdca",Article,Scopus,2-s2.0-0030169252
"Koltypin, Yu., Katabi, G., Cao, X., Prozorov, R., Gedanken, A.","Sonochemical preparation of amorphous nickel",1996,"Journal of Non-Crystalline Solids","201","1-2",,"159","162",,135,,"https://www.scopus.com/inward/record.uri?eid=2-s2.0-0030172137&partnerID=40&md5=893dd189e1486110999ea445c7974a25",Article,Scopus,2-s2.0-0030172137
"Prozorov, R., Shaulov, A., Wolfus, Y., Yeshurun, Y.","Frequency dependence of the local ac magnetic response in type-II superconductors",1995,"Physical Review B","52","17",,"12541","12544",,41,10.1103/PhysRevB.52.12541,"https://www.scopus.com/inward/record.uri?eid=2-s2.0-0000888525&doi=10.1103%2fPhysRevB.52.12541&partnerID=40&md5=b12981382eea1f8c18e1040560721004",Article,Scopus,2-s2.0-0000888525
"Cao, X., Koltypin, Y., Kataby, G., Prozorov, R., Gedanken, A.","Controlling the particle size of amorphous iron nanoparticles",1995,"Journal of Materials Research","10","11",,"2952","2957",,60,10.1557/JMR.1995.2952,"https://www.scopus.com/inward/record.uri?eid=2-s2.0-0029403465&doi=10.1557%2fJMR.1995.2952&partnerID=40&md5=2cbde1148c474324b6f564f628fcbc02",Article,Scopus,2-s2.0-0029403465
"Abulafia, Y., Shaulov, A., Wolfus, Y., Prozorov, R., Burlachkov, L., Yeshurun, Y., Majer, D., Zeldov, E., Vinokur, V.M.","Local magnetic relaxation in high-temperature superconductors",1995,"Physical Review Letters","75","12",,"2404","2407",,93,10.1103/PhysRevLett.75.2404,"https://www.scopus.com/inward/record.uri?eid=2-s2.0-0001628806&doi=10.1103%2fPhysRevLett.75.2404&partnerID=40&md5=812899c38403b26a65061babe2eeabd4",Article,Scopus,2-s2.0-0001628806
"Prozorov, R., Tsameret, A., Yeshurun, Y., Koren, G., Konczykowski, M., Bouffard, S.","Angular dependence of the magnetic properties of thin YBa<inf>2</inf>Cu<inf>3</inf>O<inf>7 - δ</inf> films irradiated with Pb and Xe ions",1994,"Physica C: Superconductivity and its applications","234","3-4",,"311","317",,19,10.1016/0921-4534(94)90579-7,"https://www.scopus.com/inward/record.uri?eid=2-s2.0-0028730783&doi=10.1016%2f0921-4534%2894%2990579-7&partnerID=40&md5=3ed709be0d77307f446965f60d7c5961",Article,Scopus,2-s2.0-0028730783
"Prozorov, R., Shaulov, A., Wolfus, Y., Yeshurun, Y.","Local ac magnetic response in type-II superconductors",1994,"Journal of Applied Physics","76","11",,"7621","7623",,6,10.1063/1.357930,"https://www.scopus.com/inward/record.uri?eid=2-s2.0-36449006981&doi=10.1063%2f1.357930&partnerID=40&md5=8fcf8727d9e3fed763c18113910a5a6b",Article,Scopus,2-s2.0-36449006981
"Prozorov, R., Yacoby, E.R., Felner, I., Yeshurun, Y.","Magnetic properties of YNi2B2C superconductor",1994,"Physica C: Superconductivity and its applications","233","3-4",,"367","372",,22,10.1016/0921-4534(94)90764-1,"https://www.scopus.com/inward/record.uri?eid=2-s2.0-0028550435&doi=10.1016%2f0921-4534%2894%2990764-1&partnerID=40&md5=f77e220184047e01622a8254a061e8db",Article,Scopus,2-s2.0-0028550435
"Wolfus, Y., Prozorov, R., Yeshurun, Y., Shaulov, A., Abulafia, Y., Tsameret, A., Runge, K., Konczykowski, M., Feigl'man, M.","Frequency dependence of the irreversibility temperature in Y-Ba-Cu-O",1994,"Physica C: Superconductivity and its applications","235-240","PART 4",,"2719","2720",,1,10.1016/0921-4534(94)92580-1,"https://www.scopus.com/inward/record.uri?eid=2-s2.0-25344466262&doi=10.1016%2f0921-4534%2894%2992580-1&partnerID=40&md5=ab7bad8430ae1d8218be7cf90e5ab590",Article,Scopus,2-s2.0-25344466262
"Indenbom, M.V., Schuster, Th., Koblischka, M.R., Forkl, A., Kronmüller, H., Dorosinskii, L.A., Vlasko-Vlasov, V.K., Polyanskii, A.A., Prozorov, R.L., Nikitenko, V.I.","Study of flux distributions in high-T<inf>c</inf> single crystals and thin films using magneto-optic techniques",1993,"Physica C: Superconductivity and its applications","209","1-3",,"259","262",,44,10.1016/0921-4534(93)90919-H,"https://www.scopus.com/inward/record.uri?eid=2-s2.0-0001514405&doi=10.1016%2f0921-4534%2893%2990919-H&partnerID=40&md5=9a45bd2a5d20b79f31d4eb72f36050e9",Article,Scopus,2-s2.0-0001514405
"Dorosinskii, L.A., Indenbom, M.V., Nikitenko, V.I., Polyanskii, A.A., Prozorov, R.L., Vlasko-Vlasov, V.K.","Magnetooptic observation of the Meissner effect in YBa<inf>2</inf>Cu<inf>2</inf>O<inf>7-x</inf> single crystals",1993,"Physica C: Superconductivity and its applications","206","3-4",,"360","366",,19,10.1016/0921-4534(93)90535-X,"https://www.scopus.com/inward/record.uri?eid=2-s2.0-0027544966&doi=10.1016%2f0921-4534%2893%2990535-X&partnerID=40&md5=c7a05000ae18ee64627a70f7dd92e974",Article,Scopus,2-s2.0-0027544966
