Authors,Title,Year,Source title,Volume,Issue,Art. No.,Page start,Page end,Page count,Cited by,DOI,Link,Document Type,Source,EID
"Davis, R.L., Maclean, K.E., Martinez, M.O., Okamura, A.M., Schneider, O., Blikstein, P.","The haptic bridge: Towards a theory for haptic-supported learning",2017,"IDC 2017 - Proceedings of the 2017 ACM Conference on Interaction Design and Children",,,,"51","60",,,10.1145/3078072.3079755,"https://www.scopus.com/inward/record.uri?eid=2-s2.0-85026304001&doi=10.1145%2f3078072.3079755&partnerID=40&md5=5334f09e95291ceb2944c8a9cb90f487",Conference Paper,Scopus,2-s2.0-85026304001
"Gurari, N., Okamura, A.M., Kuchenbecker, K.J.","Perception of force and stiffness in the presence of low-frequency haptic noise",2017,"PLoS ONE","12","6", e0178605,"","",,,10.1371/journal.pone.0178605,"https://www.scopus.com/inward/record.uri?eid=2-s2.0-85020281568&doi=10.1371%2fjournal.pone.0178605&partnerID=40&md5=b74c6bab61ecbc46d6653df33450e8b5",Article,Scopus,2-s2.0-85020281568
"Stanley, A.A., Okamura, A.M.","Deformable Model-Based Methods for Shape Control of a Haptic Jamming Surface",2017,"IEEE Transactions on Visualization and Computer Graphics","23","2", 7399409,"1029","1041",,,10.1109/TVCG.2016.2525788,"https://www.scopus.com/inward/record.uri?eid=2-s2.0-85009063893&doi=10.1109%2fTVCG.2016.2525788&partnerID=40&md5=9ce45de7195c33833ff01a7fc0935b59",Article,Scopus,2-s2.0-85009063893
"Morimoto, T.K., Okamura, A.M.","Design of 3-D printed concentric tube robots",2016,"IEEE Transactions on Robotics","32","6", 7575665,"1419","1430",,,10.1109/TRO.2016.2602368,"https://www.scopus.com/inward/record.uri?eid=2-s2.0-85006070954&doi=10.1109%2fTRO.2016.2602368&partnerID=40&md5=681b3c95123f6bf26f184fc4a8a07554",Article,Scopus,2-s2.0-85006070954
"Colonnese, N., Okamura, A.","Stability and quantization-error analysis of haptic rendering of virtual stiffness and damping",2016,"International Journal of Robotics Research","35","9",,"1103","1120",,3,10.1177/0278364915596234,"https://www.scopus.com/inward/record.uri?eid=2-s2.0-84978958269&doi=10.1177%2f0278364915596234&partnerID=40&md5=cf46f815f1b04a15dd3872a060f2c977",Article,Scopus,2-s2.0-84978958269
"Che, Y., Haro, G.M., Okamura, A.M.","Two is not always better than one: Effects of teleoperation and haptic coupling",2016,"Proceedings of the IEEE RAS and EMBS International Conference on Biomedical Robotics and Biomechatronics","2016-July",, 7523809,"1290","1295",,,10.1109/BIOROB.2016.7523809,"https://www.scopus.com/inward/record.uri?eid=2-s2.0-84983380623&doi=10.1109%2fBIOROB.2016.7523809&partnerID=40&md5=b799572a64cb23718587c17fdc2e9012",Conference Paper,Scopus,2-s2.0-84983380623
"Morimoto, T.K., Greer, J.D., Hsieh, M.H., Okamura, A.M.","Surgeon design interface for patient-specific concentric tube robots",2016,"Proceedings of the IEEE RAS and EMBS International Conference on Biomedical Robotics and Biomechatronics","2016-July",, 7523596,"41","48",,,10.1109/BIOROB.2016.7523596,"https://www.scopus.com/inward/record.uri?eid=2-s2.0-84983405630&doi=10.1109%2fBIOROB.2016.7523596&partnerID=40&md5=b1c0cb09529aa8279907f5f321e68fd6",Conference Paper,Scopus,2-s2.0-84983405630
"Otaduy, M.A., Okamura, A., Subramanian, S.","Haptic technologies for direct touch in virtual reality",2016,"ACM SIGGRAPH 2016 Courses, SIGGRAPH 2016",,, a13,"","",,1,10.1145/2897826.2927307,"https://www.scopus.com/inward/record.uri?eid=2-s2.0-84985991810&doi=10.1145%2f2897826.2927307&partnerID=40&md5=1d472191f9a1be3ea09724cef9a10fb8",Conference Paper,Scopus,2-s2.0-84985991810
"Hawkes, E.W., Christensen, D.L., Okamura, A.M.","Design and implementation of a 300% strain soft artificial muscle",2016,"Proceedings - IEEE International Conference on Robotics and Automation","2016-June",, 7487592,"4022","4029",,2,10.1109/ICRA.2016.7487592,"https://www.scopus.com/inward/record.uri?eid=2-s2.0-84977597975&doi=10.1109%2fICRA.2016.7487592&partnerID=40&md5=7af22887ea2639ead35ae1eade9e6da4",Conference Paper,Scopus,2-s2.0-84977597975
"Kaplan, K.E., Nichols, K.A., Okamura, A.M.","Toward human-robot collaboration in surgery: Performance assessment of human and robotic agents in an inclusion segmentation task",2016,"Proceedings - IEEE International Conference on Robotics and Automation","2016-June",, 7487199,"723","729",,1,10.1109/ICRA.2016.7487199,"https://www.scopus.com/inward/record.uri?eid=2-s2.0-84977565861&doi=10.1109%2fICRA.2016.7487199&partnerID=40&md5=d2bc7518a0e7b081106773aff39a99e6",Conference Paper,Scopus,2-s2.0-84977565861
"Stanley, A.A., Hata, K., Okamura, A.M.","Closed-loop shape control of a Haptic Jamming deformable surface",2016,"Proceedings - IEEE International Conference on Robotics and Automation","2016-June",, 7487433,"2718","2724",,1,10.1109/ICRA.2016.7487433,"https://www.scopus.com/inward/record.uri?eid=2-s2.0-84977583683&doi=10.1109%2fICRA.2016.7487433&partnerID=40&md5=17a1d6c346ae1933f205da87400ee7f5",Conference Paper,Scopus,2-s2.0-84977583683
"Suchoski, J.M., Barron, A., Wu, C., Quek, Z.F., Keller, S., Okamura, A.M.","Comparison of kinesthetic and skin deformation feedback for mass rendering",2016,"Proceedings - IEEE International Conference on Robotics and Automation","2016-June",, 7487593,"4030","4035",,,10.1109/ICRA.2016.7487593,"https://www.scopus.com/inward/record.uri?eid=2-s2.0-84977590420&doi=10.1109%2fICRA.2016.7487593&partnerID=40&md5=ab55c5a4f1813eb58e7dd9b6fbb12ae6",Conference Paper,Scopus,2-s2.0-84977590420
"Adebar, T.K., Greer, J.D., Laeseke, P.F., Hwang, G.L., Okamura, A.M.","Methods for Improving the Curvature of Steerable Needles in Biological Tissue",2016,"IEEE Transactions on Biomedical Engineering","63","6", 7286783,"1167","1177",,4,10.1109/TBME.2015.2484262,"https://www.scopus.com/inward/record.uri?eid=2-s2.0-84971671859&doi=10.1109%2fTBME.2015.2484262&partnerID=40&md5=498af150ccb0078b6aec9df96a4bc2cb",Article,Scopus,2-s2.0-84971671859
"Culbertson, H., Walker, J.M., Okamura, A.M.","Modeling and design of asymmetric vibrations to induce ungrounded pulling sensation through asymmetric skin displacement",2016,"IEEE Haptics Symposium, HAPTICS","2016-April",, 7463151,"27","33",,1,10.1109/HAPTICS.2016.7463151,"https://www.scopus.com/inward/record.uri?eid=2-s2.0-84967175526&doi=10.1109%2fHAPTICS.2016.7463151&partnerID=40&md5=44b8a331618050b502be0f12a2f51f6a",Conference Paper,Scopus,2-s2.0-84967175526
"Walker, J.M., Raitor, M., Mallery, A., Culbertson, H., Stolka, P., Okamura, A.M.","A dual-flywheel ungrounded haptic feedback system provides single-axis moment pulses for clear direction signals",2016,"IEEE Haptics Symposium, HAPTICS","2016-April",, 7463148,"7","13",,1,10.1109/HAPTICS.2016.7463148,"https://www.scopus.com/inward/record.uri?eid=2-s2.0-84966839427&doi=10.1109%2fHAPTICS.2016.7463148&partnerID=40&md5=7ca626ab1e2b6e82cfcc50d7b254799b",Conference Paper,Scopus,2-s2.0-84966839427
"Martinez, M.O., Morimoto, T.K., Taylor, A.T., Barron, A.C., Pultorak, J.D.A., Wang, J., Calasanz-Kaiser, A., Davis, R.L., Blikstein, P., Okamura, A.M.","3-D printed haptic devices for educational applications",2016,"IEEE Haptics Symposium, HAPTICS","2016-April",, 7463166,"126","133",,2,10.1109/HAPTICS.2016.7463166,"https://www.scopus.com/inward/record.uri?eid=2-s2.0-84967153593&doi=10.1109%2fHAPTICS.2016.7463166&partnerID=40&md5=4a156a2af024095cf41680cf386f943b",Conference Paper,Scopus,2-s2.0-84967153593
"Wu, C., Chin, E.D., Fanton, M., Okamura, A.M.","Impact of combined stimuli on the perception of transient forces",2016,"Lecture Notes in Computer Science (including subseries Lecture Notes in Artificial Intelligence and Lecture Notes in Bioinformatics)","9775",,,"416","426",,,10.1007/978-3-319-42324-1_41,"https://www.scopus.com/inward/record.uri?eid=2-s2.0-84978271693&doi=10.1007%2f978-3-319-42324-1_41&partnerID=40&md5=f198b650e79a31f293cf6d930561c61d",Conference Paper,Scopus,2-s2.0-84978271693
"Usevitch, N.S., Khanna, R., Carrera, R.M., Okamura, A.M.","End effector for a kinesthetic haptic device capable of displaying variable size and stiffness",2016,"Lecture Notes in Computer Science (including subseries Lecture Notes in Artificial Intelligence and Lecture Notes in Bioinformatics)","9775",,,"363","372",,,10.1007/978-3-319-42324-1_36,"https://www.scopus.com/inward/record.uri?eid=2-s2.0-84978224593&doi=10.1007%2f978-3-319-42324-1_36&partnerID=40&md5=5354c151a146e4882f8660e1f273af6c",Conference Paper,Scopus,2-s2.0-84978224593
"Culbertson, H., Walker, J.M., Raitor, M., Okamura, A.M., Stolka, P.J.","Plane assist: The influence of haptics on ultrasound-based needle guidance",2016,"Lecture Notes in Computer Science (including subseries Lecture Notes in Artificial Intelligence and Lecture Notes in Bioinformatics)","9900 LNCS",,,"370","377",,,10.1007/978-3-319-46720-7_43,"https://www.scopus.com/inward/record.uri?eid=2-s2.0-84996548570&doi=10.1007%2f978-3-319-46720-7_43&partnerID=40&md5=0ee54de6caa85cb6649c68068bb3817b",Conference Paper,Scopus,2-s2.0-84996548570
"Nichols, K.A., Murali, A., Sen, S., Goldberg, K., Okamura, A.M.","Models of human-centered automation in a debridement task",2015,"IEEE International Conference on Intelligent Robots and Systems","2015-December",, 7354198,"5784","5789",,1,10.1109/IROS.2015.7354198,"https://www.scopus.com/inward/record.uri?eid=2-s2.0-84958211429&doi=10.1109%2fIROS.2015.7354198&partnerID=40&md5=914f4566a28e8f0150be17c02821f8ba",Conference Paper,Scopus,2-s2.0-84958211429
"Shamaei, K., Che, Y., Murali, A., Sen, S., Patil, S., Goldberg, K., Okamura, A.M.","A paced shared-control teleoperated architecture for supervised automation of multilateral surgical tasks",2015,"IEEE International Conference on Intelligent Robots and Systems","2015-December",, 7353556,"1434","1439",,2,10.1109/IROS.2015.7353556,"https://www.scopus.com/inward/record.uri?eid=2-s2.0-84958161278&doi=10.1109%2fIROS.2015.7353556&partnerID=40&md5=62af2ad28f568b5d7a46d70cfacf9bb9",Conference Paper,Scopus,2-s2.0-84958161278
"Schorr, S.B., Quek, Z.F., Nisky, I., Provancher, W.R., Okamura, A.M.","Tactor-Induced Skin Stretch as a Sensory Substitution Method in Teleoperated Palpation",2015,"IEEE Transactions on Human-Machine Systems","45","6", 7219449,"714","726",,3,10.1109/THMS.2015.2463090,"https://www.scopus.com/inward/record.uri?eid=2-s2.0-84959571440&doi=10.1109%2fTHMS.2015.2463090&partnerID=40&md5=ea4ed1bb39400bb7c69ee01c2341c72b",Article,Scopus,2-s2.0-84959571440
"Bicchi, A., Goldberg, K., Guglielmelli, E., Okamura, A.M., Park, F.C.","Navigating the New RAS Publications Landscape [From the Editors' Desks]",2015,"IEEE Robotics and Automation Magazine","22","4", 7349128,"","",,,10.1109/MRA.2015.2495788,"https://www.scopus.com/inward/record.uri?eid=2-s2.0-84961837638&doi=10.1109%2fMRA.2015.2495788&partnerID=40&md5=6a7ca82190e6ba3140402084d9d247f5",Editorial,Scopus,2-s2.0-84961837638
"Nichols, K. A., Okamura, A. M.","A Framework for Multilateral Manipulation in Surgical Tasks",2015,"IEEE Transactions on Automation Science and Engineering",,,,"","",,1,10.1109/TASE.2015.2499195,"https://www.scopus.com/inward/record.uri?eid=2-s2.0-84947998318&doi=10.1109%2fTASE.2015.2499195&partnerID=40&md5=c224f8eea37e564be50dcd79967731d9",Article in Press,Scopus,2-s2.0-84947998318
"Shamaei, K., Kim, L.H., Okamura, A.M.","Design and evaluation of a trilateral shared-control architecture for teleoperated training robots",2015,"Proceedings of the Annual International Conference of the IEEE Engineering in Medicine and Biology Society, EMBS","2015-November",, 7319488,"4887","4893",,2,10.1109/EMBC.2015.7319488,"https://www.scopus.com/inward/record.uri?eid=2-s2.0-84953210564&doi=10.1109%2fEMBC.2015.7319488&partnerID=40&md5=337520af40c5ddc2305d32881c3f563c",Conference Paper,Scopus,2-s2.0-84953210564
"McKinley, S., Garg, A., Sen, S., Kapadia, R., Murali, A., Nichols, K., Lim, S., Patil, S., Abbeel, P., Okamura, A.M., Goldberg, K.","A single-use haptic palpation probe for locating subcutaneous blood vessels in robot-assisted minimally invasive surgery",2015,"IEEE International Conference on Automation Science and Engineering","2015-October",, 7294253,"1151","1158",,5,10.1109/CoASE.2015.7294253,"https://www.scopus.com/inward/record.uri?eid=2-s2.0-84952767943&doi=10.1109%2fCoASE.2015.7294253&partnerID=40&md5=05457c57575e08d302d4756b188f485b",Conference Paper,Scopus,2-s2.0-84952767943
"Colonnese, N., Siu, A.F., Abbott, C.M., Okamura, A.M.","Rendered and Characterized Closed-Loop Accuracy of Impedance-Type Haptic Displays",2015,"IEEE Transactions on Haptics","8","4", 7161339,"434","446",,,10.1109/TOH.2015.2457438,"https://www.scopus.com/inward/record.uri?eid=2-s2.0-84961797197&doi=10.1109%2fTOH.2015.2457438&partnerID=40&md5=227fea7933d4030201b0231c1919ad77",Article,Scopus,2-s2.0-84961797197
"Yang, M.L., Schorr, S.B., Yan, I., Okamura, A.M.","The effect of manipulator gripper stiffness on teleoperated task performance",2015,"IEEE World Haptics Conference, WHC 2015",,, 7177760,"494","499",,,10.1109/WHC.2015.7177760,"https://www.scopus.com/inward/record.uri?eid=2-s2.0-84947067459&doi=10.1109%2fWHC.2015.7177760&partnerID=40&md5=0951f1cecedf0e1405d7ad0619c1e81a",Conference Paper,Scopus,2-s2.0-84947067459
"Nichols, K.A., Okamura, A.M.","Methods to Segment Hard Inclusions in Soft Tissue During Autonomous Robotic Palpation",2015,"IEEE Transactions on Robotics","31","2", 7054550,"344","354",,5,10.1109/TRO.2015.2402531,"https://www.scopus.com/inward/record.uri?eid=2-s2.0-84927607759&doi=10.1109%2fTRO.2015.2402531&partnerID=40&md5=4c69d887bf2bba4546a4dbdbe4e51ecc",Article,Scopus,2-s2.0-84927607759
"Fan Quek, Z., Schorr, S.B., Nisky, I., Provancher, W.R., Okamura, A.M.","Sensory substitution and augmentation using 3-degree-of-freedom skin deformation feedback",2015,"IEEE Transactions on Haptics","8","2", 7027232,"209","221",,4,10.1109/TOH.2015.2398448,"https://www.scopus.com/inward/record.uri?eid=2-s2.0-84933038718&doi=10.1109%2fTOH.2015.2398448&partnerID=40&md5=be66ac4ad54c6094cdeccebbaadc944a",Article,Scopus,2-s2.0-84933038718
"Rotella, M.F., Nisky, I., Koehler, M., Rinderknecht, M.D., Bastian, A.J., Okamura, A.M.","Learning and generalization in an isometric visuomotor task",2015,"Journal of Neurophysiology","113","6",,"1873","1884",,4,10.1152/jn.00255.2014,"https://www.scopus.com/inward/record.uri?eid=2-s2.0-84930643494&doi=10.1152%2fjn.00255.2014&partnerID=40&md5=a8d617d7d0264df65252e389ada28651",Article,Scopus,2-s2.0-84930643494
"Nichols, K. A., Okamura, A. M.","Methods to Segment Hard Inclusions in Soft Tissue During Autonomous Robotic Palpation",2015,"IEEE Transactions on Robotics",,,,"","",,2,10.1109/TRO.2015.2402531,"https://www.scopus.com/inward/record.uri?eid=2-s2.0-84924126589&doi=10.1109%2fTRO.2015.2402531&partnerID=40&md5=7e0075444d4949559c5c745e73d12bc3",Article in Press,Scopus,2-s2.0-84924126589
"Schorr, S.B., Quek, Z.F., Provancher, W.R., Okamura, A.M.","Tactile Skin Deformation Feedback for Conveying Environment Forces in Teleoperation",2015,"ACM/IEEE International Conference on Human-Robot Interaction","02-05-March-2015",,,"195","196",,,10.1145/2701973.2702719,"https://www.scopus.com/inward/record.uri?eid=2-s2.0-84969248952&doi=10.1145%2f2701973.2702719&partnerID=40&md5=c57c0ec5d1b31c511c8a5c14a0439aa3",Conference Paper,Scopus,2-s2.0-84969248952
"Colonnese, N., Okamura, A.M.","M-Width: Stability, noise characterization, and accuracy of rendering virtual mass",2015,"International Journal of Robotics Research","34","6",,"781","798",,1,10.1177/0278364914559294,"https://www.scopus.com/inward/record.uri?eid=2-s2.0-84930584105&doi=10.1177%2f0278364914559294&partnerID=40&md5=ee5109c59d68ae5c452c33e0d5aca9b8",Article,Scopus,2-s2.0-84930584105
"Stanley, A.A., Okamura, A.M.","Controllable Surface Haptics via Particle Jamming and Pneumatics",2015,"IEEE Transactions on Haptics","8","1", 7006752,"20","30",,8,10.1109/TOH.2015.2391093,"https://www.scopus.com/inward/record.uri?eid=2-s2.0-84964252058&doi=10.1109%2fTOH.2015.2391093&partnerID=40&md5=f24c1dd93aa98c9590d2a4f428da5aca",Article,Scopus,2-s2.0-84964252058
"Baek, J., Okamura, A.","Motor learning transfer from isometric to dynamic reaching",2015,"IEEE International Conference on Rehabilitation Robotics","2015-September",, 7281337,"1014","1019",,,10.1109/ICORR.2015.7281337,"https://www.scopus.com/inward/record.uri?eid=2-s2.0-84946056991&doi=10.1109%2fICORR.2015.7281337&partnerID=40&md5=1f592b9aef1d4e995b570834fbe905a2",Conference Paper,Scopus,2-s2.0-84946056991
"Kim, L.H., Bargar, C., Che, Y., Okamura, A.M.","Effects of master-slave tool misalignment in a teleoperated surgical robot",2015,"Proceedings - IEEE International Conference on Robotics and Automation","2015-June","June", 7139948,"5364","5370",,2,10.1109/ICRA.2015.7139948,"https://www.scopus.com/inward/record.uri?eid=2-s2.0-84938220421&doi=10.1109%2fICRA.2015.7139948&partnerID=40&md5=7cf2bfcad99ddef7ea3ea1b2c707e510",Conference Paper,Scopus,2-s2.0-84938220421
"Schorr, S.B., Quek, Z.F., Provancher, W.R., Okamura, A.M.","Environment Perception in the Presence of Kinesthetic or Tactile Guidance Virtual Fixtures",2015,"ACM/IEEE International Conference on Human-Robot Interaction","2015-March",,,"287","294",,1,10.1145/2696454.2696488,"https://www.scopus.com/inward/record.uri?eid=2-s2.0-84943533691&doi=10.1145%2f2696454.2696488&partnerID=40&md5=6ccc4dd17ecb48a6770d3e99bcbc4ade",Conference Paper,Scopus,2-s2.0-84943533691
"Sketch, S.M., Deo, D.R., Menon, J.P., Okamura, A.M.","Design and experimental evaluation of a skin-stretch haptic device for improved control of brain-computer interfaces",2015,"Proceedings - IEEE International Conference on Robotics and Automation","2015-June","June", 7139011,"272","277",,,10.1109/ICRA.2015.7139011,"https://www.scopus.com/inward/record.uri?eid=2-s2.0-84938249783&doi=10.1109%2fICRA.2015.7139011&partnerID=40&md5=208a987404285e9c6699607f1eb427d0",Conference Paper,Scopus,2-s2.0-84938249783
"Damian, D.D., Newton, T.H., Pfeifer, R., Okamura, A.M.","Artificial tactile sensing of position and slip speed by exploiting geometrical features",2015,"IEEE/ASME Transactions on Mechatronics","20","1", 6822580,"263","274",,3,10.1109/TMECH.2014.2321680,"https://www.scopus.com/inward/record.uri?eid=2-s2.0-84922936910&doi=10.1109%2fTMECH.2014.2321680&partnerID=40&md5=ea019821b269ca38555ff1e813e483d8",Article,Scopus,2-s2.0-84922936910
"Cabreros, S.S., Jimenez, N.M., Greer, J.D., Adebar, T.K., Okamura, A.M.","Remote electromagnetic vibration of steerable needles for imaging in power Doppler ultrasound",2015,"Proceedings - IEEE International Conference on Robotics and Automation","2015-June","June", 7139496,"2244","2249",,,10.1109/ICRA.2015.7139496,"https://www.scopus.com/inward/record.uri?eid=2-s2.0-84938248857&doi=10.1109%2fICRA.2015.7139496&partnerID=40&md5=dbbeddffe6fc281e7d789ffd7d4cfca0",Conference Paper,Scopus,2-s2.0-84938248857
"Quek, Z.F., Schorr, S.B., Nisky, I., Provancher, W.R., Okamura, A.M.","Sensory substitution of force and torque using 6-DoF tangential and normal skin deformation feedback",2015,"Proceedings - IEEE International Conference on Robotics and Automation","2015-June","June", 7139010,"264","271",,2,10.1109/ICRA.2015.7139010,"https://www.scopus.com/inward/record.uri?eid=2-s2.0-84938266110&doi=10.1109%2fICRA.2015.7139010&partnerID=40&md5=91976675d3bea9d34d48a06dec727c04",Conference Paper,Scopus,2-s2.0-84938266110
"Nisky, I., Che, Y., Quek, Z.F., Weber, M., Hsieh, M.H., Okamura, A.M.","Teleoperated versus open needle driving: Kinematic analysis of experienced surgeons and novice users",2015,"Proceedings - IEEE International Conference on Robotics and Automation","2015-June","June", 7139949,"5371","5377",,2,10.1109/ICRA.2015.7139949,"https://www.scopus.com/inward/record.uri?eid=2-s2.0-84938221010&doi=10.1109%2fICRA.2015.7139949&partnerID=40&md5=e8e6c119f86477d05cd7470b7e059e29",Conference Paper,Scopus,2-s2.0-84938221010
"Nisky, I., Hsieh, M.H., Okamura, A.M.","Uncontrolled manifold analysis of arm joint angle variability during robotic teleoperation and freehand movement of surgeons and novices",2014,"IEEE Transactions on Biomedical Engineering","61","12", 6841626,"2869","2881",,7,10.1109/TBME.2014.2332359,"https://www.scopus.com/inward/record.uri?eid=2-s2.0-84912098439&doi=10.1109%2fTBME.2014.2332359&partnerID=40&md5=90637c3d84638f32554e58474559f602",Article,Scopus,2-s2.0-84912098439
"Adebar, T.K., Fletcher, A.E., Okamura, A.M.","3-D ultrasound-guided robotic needle steering in biological tissue",2014,"IEEE Transactions on Biomedical Engineering","61","12", 6847127,"2899","2910",,20,10.1109/TBME.2014.2334309,"https://www.scopus.com/inward/record.uri?eid=2-s2.0-84912087041&doi=10.1109%2fTBME.2014.2334309&partnerID=40&md5=7a38d220ec71fb149dfdc5bc8bd679d0",Article,Scopus,2-s2.0-84912087041
"Quek, Z.F., Schorr, S.B., Nisky, I., Okamura, A.M., Provancher, W.R.","Augmentation of stiffness perception with a 1-degree-of-freedom skin stretch device",2014,"IEEE Transactions on Human-Machine Systems","44","6", 6894140,"731","742",,6,10.1109/THMS.2014.2348865,"https://www.scopus.com/inward/record.uri?eid=2-s2.0-84911118623&doi=10.1109%2fTHMS.2014.2348865&partnerID=40&md5=b26d729e0d37b848712eb69228eed310",Article,Scopus,2-s2.0-84911118623
"Swensen, J.P., Lin, M., Okamura, A.M., Cowan, N.J.","Torsional dynamics of steerable needles: Modeling and fluoroscopic guidance",2014,"IEEE Transactions on Biomedical Engineering","61","11", 6819455,"2707","2717",,7,10.1109/TBME.2014.2326161,"https://www.scopus.com/inward/record.uri?eid=2-s2.0-84908083489&doi=10.1109%2fTBME.2014.2326161&partnerID=40&md5=f0cae5c9c233a6b2892c1f131b8193cb",Article,Scopus,2-s2.0-84908083489
"Gwilliam, J.C., Yoshioka, T., Okamura, A.M., Hsiao, S.S.","Neural coding of passive lump detection in compliant artificial tissue",2014,"Journal of Neurophysiology","112","5",,"1131","1141",,1,10.1152/jn.00032.2013,"https://www.scopus.com/inward/record.uri?eid=2-s2.0-84906920526&doi=10.1152%2fjn.00032.2013&partnerID=40&md5=75a3d95494b141f3f6af4af44697149b",Article,Scopus,2-s2.0-84906920526
"Damian, D.D., Newton, T.H., Pfeifer, R., Okamura, A.M.","Artificial Tactile Sensing of Position and Slip Speed by Exploiting Geometrical Features",2014,"IEEE/ASME Transactions on Mechatronics",,,,"","",,,10.1109/TMECH.2014.2321680,"https://www.scopus.com/inward/record.uri?eid=2-s2.0-84901383473&doi=10.1109%2fTMECH.2014.2321680&partnerID=40&md5=b2a42fcb3dfa05dba04ded585f0a259e",Article in Press,Scopus,2-s2.0-84901383473
"Mert Ankarali, M., Tutkun Scedil;en, H., De, A., Okamura, A.M., Cowan, N.J.","Haptic feedback enhances rhythmic motor control by reducing variability, not improving convergence rate",2014,"Journal of Neurophysiology","111","6",,"1286","1299",,8,10.1152/jn.00140.2013,"https://www.scopus.com/inward/record.uri?eid=2-s2.0-84900819893&doi=10.1152%2fjn.00140.2013&partnerID=40&md5=0c40777e9d9fe6024e13c1acf4d84b95",Article,Scopus,2-s2.0-84900819893
"Adebar, T.K., Okamura, A.M.","Recursive estimation of needle pose for control of 3D-ultrasound-guided robotic needle steering",2014,"IEEE International Conference on Intelligent Robots and Systems",,, 6943170,"4303","4308",,1,10.1109/IROS.2014.6943170,"https://www.scopus.com/inward/record.uri?eid=2-s2.0-84911477933&doi=10.1109%2fIROS.2014.6943170&partnerID=40&md5=6ff7f3cb136bab47fcd66c6378eba67d",Conference Paper,Scopus,2-s2.0-84911477933
"Colonnese, N., Sketch, S.M., Okamura, A.M.","Closed-loop stiffness and damping accuracy of impedance-type haptic displays",2014,"IEEE Haptics Symposium, HAPTICS",,, 6775439,"97","102",,5,10.1109/HAPTICS.2014.6775439,"https://www.scopus.com/inward/record.uri?eid=2-s2.0-84899544760&doi=10.1109%2fHAPTICS.2014.6775439&partnerID=40&md5=745ec6ec95f6303ecc9837ed55b36043",Conference Paper,Scopus,2-s2.0-84899544760
"Gibo, T.L., Deo, D.R., Quek, Z.F., Okamura, A.M.","Effect of load force feedback on grip force control during teleoperation: A preliminary study",2014,"IEEE Haptics Symposium, HAPTICS",,, 6775485,"379","383",,8,10.1109/HAPTICS.2014.6775485,"https://www.scopus.com/inward/record.uri?eid=2-s2.0-84899555965&doi=10.1109%2fHAPTICS.2014.6775485&partnerID=40&md5=37bc2450dfd0228d91e7d32e38c6dde8",Conference Paper,Scopus,2-s2.0-84899555965
"Grow, D., Bastian, A.J., Okamura, A.M.","Testing models of cerebellar ataxia via dynamic simulation",2014,"Robotica","34","3",,"","",,1,10.1017/S0263574714002306,"https://www.scopus.com/inward/record.uri?eid=2-s2.0-84911434024&doi=10.1017%2fS0263574714002306&partnerID=40&md5=9aeb941d530f9ea3252da33bad325cfc",Article,Scopus,2-s2.0-84911434024
"Greer, J.D., Adebar, T.K., Hwang, G.L., Okamura, A.M.","Real-time 3D curved needle segmentation using combined B-mode and power Doppler ultrasound",2014,"Lecture Notes in Computer Science (including subseries Lecture Notes in Artificial Intelligence and Lecture Notes in Bioinformatics)","8674 LNCS","PART 2",,"381","388",,1,10.1007/978-3-319-10470-6_48,"https://www.scopus.com/inward/record.uri?eid=2-s2.0-84906975113&doi=10.1007%2f978-3-319-10470-6_48&partnerID=40&md5=bc3d82221c6056645245f142b156fa2a",Conference Paper,Scopus,2-s2.0-84906975113
"Nisky, I., Okamura, A.M., Hsieh, M.H.","Effects of robotic manipulators on movements of novices and surgeons",2014,"Surgical Endoscopy and Other Interventional Techniques","28","7",,"2145","2158",,13,10.1007/s00464-014-3446-5,"https://www.scopus.com/inward/record.uri?eid=2-s2.0-84903607748&doi=10.1007%2fs00464-014-3446-5&partnerID=40&md5=cb5759ca5018a60b5e7651e958f7b713",Article,Scopus,2-s2.0-84903607748
"Grow, D., Bastian, A.J., Okamura, A.M.","Testing models of cerebellar ataxia via dynamic simulation",2014,"Robotica","32","8",,"1383","1397",,,10.1017/S0263574714002306,"https://www.scopus.com/inward/record.uri?eid=2-s2.0-84927607685&doi=10.1017%2fS0263574714002306&partnerID=40&md5=fe4da2dc389acc32b952693e55533e8a",Article,Scopus,2-s2.0-84927607685
"Chapman, M.P., Rotella, M.F., Okamura, A.M.","Position and velocity cursor mappings contribute to distinct muscle forces in simulated isometric and movement reaching",2014,"Proceedings of the IEEE RAS and EMBS International Conference on Biomedical Robotics and Biomechatronics",,, 6913843,"597","603",,1,,"https://www.scopus.com/inward/record.uri?eid=2-s2.0-84918554180&partnerID=40&md5=c1382b63d91e952bbcbbad043bbe4d44",Conference Paper,Scopus,2-s2.0-84918554180
"Stanley, A.A., Mayhew, D., Irwin, R., Okamura, A.M.","Integration of a particle jamming tactile display with a cable-driven parallel robot",2014,"Lecture Notes in Computer Science (including subseries Lecture Notes in Artificial Intelligence and Lecture Notes in Bioinformatics)","8619",,,"258","265",,1,10.1007/978-3-662-44196-1_32,"https://www.scopus.com/inward/record.uri?eid=2-s2.0-84910143157&doi=10.1007%2f978-3-662-44196-1_32&partnerID=40&md5=a57e00fde935f54d59c0238b0e6536db",Conference Paper,Scopus,2-s2.0-84910143157
"Bhanpuri, N.H., Okamura, A.M., Bastian, A.J.","Predicting and correcting ataxia using a model of cerebellar function",2014,"Brain","137","7",,"1931","1944",,18,10.1093/brain/awu115,"https://www.scopus.com/inward/record.uri?eid=2-s2.0-84903537360&doi=10.1093%2fbrain%2fawu115&partnerID=40&md5=e0a8e48aae636a033c12e60840f86659",Article,Scopus,2-s2.0-84903537360
"Greer, J.D., Adebar, T.K., Hwang, G.L., Okamura, A.M.","Real-time 3D curved needle segmentation using combined B-mode and power Doppler ultrasound",2014,"Medical image computing and computer-assisted intervention : MICCAI ... International Conference on Medical Image Computing and Computer-Assisted Intervention","17",,,"381","388",,5,,"https://www.scopus.com/inward/record.uri?eid=2-s2.0-84922279561&partnerID=40&md5=32fa0b1bbe4bbfc4eefb7c43dda87281",Article,Scopus,2-s2.0-84922279561
"Gibo, T.L., Bastian, A.J., Okamura, A.M.","Grip force control during virtual objectinteraction: Effect of force feedback, Accuracy Demands, and Training",2014,"IEEE Transactions on Haptics","7","1", 6674293,"37","47",,7,10.1109/TOH.2013.60,"https://www.scopus.com/inward/record.uri?eid=2-s2.0-84899548399&doi=10.1109%2fTOH.2013.60&partnerID=40&md5=6461e7c97b0de9c0d22576dbd6d035ca",Article,Scopus,2-s2.0-84899548399
"Genecov, A.M., Stanley, A.A., Okamura, A.M.","Perception of a Haptic Jamming display: Just noticeable differences in stiffness and geometry",2014,"IEEE Haptics Symposium, HAPTICS",,, 6775477,"333","338",,6,10.1109/HAPTICS.2014.6775477,"https://www.scopus.com/inward/record.uri?eid=2-s2.0-84899553047&doi=10.1109%2fHAPTICS.2014.6775477&partnerID=40&md5=2f91556fb4753e3efb4d13410e832493",Conference Paper,Scopus,2-s2.0-84899553047
"Majewicz, A., Siegel, J.J., Stanley, A.A., Okamura, A.M.","Design and evaluation of duty-cycling steering algorithms for robotically-driven steerable needles",2014,"Proceedings - IEEE International Conference on Robotics and Automation",,, 6907725,"5883","5888",,8,10.1109/ICRA.2014.6907725,"https://www.scopus.com/inward/record.uri?eid=2-s2.0-84911490300&doi=10.1109%2fICRA.2014.6907725&partnerID=40&md5=92ffb3cf3de5649ac3e19ac31f57dbca",Conference Paper,Scopus,2-s2.0-84911490300
"Blank, A.A., Okamura, A.M., Whitcomb, L.L.","Task-dependent impedance and implications for upper-limb prosthesis control",2014,"International Journal of Robotics Research","33","6",,"827","846",,7,10.1177/0278364913517728,"https://www.scopus.com/inward/record.uri?eid=2-s2.0-84902193287&doi=10.1177%2f0278364913517728&partnerID=40&md5=5089a0eb51a0740dd00dccaf6ca7e516",Article,Scopus,2-s2.0-84902193287
"Quek, Z.F., Schorr, S.B., Nisky, I., Provancher, W.R., Okamura, A.M.","Sensory substitution using 3-degree-of-freedom tangential and normal skin deformation feedback",2014,"IEEE Haptics Symposium, HAPTICS",,, 6775429,"27","33",,11,10.1109/HAPTICS.2014.6775429,"https://www.scopus.com/inward/record.uri?eid=2-s2.0-84899549698&doi=10.1109%2fHAPTICS.2014.6775429&partnerID=40&md5=5de72f4d2a2018624de2e94fc576c728",Conference Paper,Scopus,2-s2.0-84899549698
"Menon, S., Stanley, A.A., Zhu, J., Okamura, A.M., Khatib, O.","Mapping stiffness perception in the brain with an fMRI-compatible particle-jamming haptic interface",2014,"2014 36th Annual International Conference of the IEEE Engineering in Medicine and Biology Society, EMBC 2014",,, 6944019,"2051","2056",,4,10.1109/EMBC.2014.6944019,"https://www.scopus.com/inward/record.uri?eid=2-s2.0-84929485010&doi=10.1109%2fEMBC.2014.6944019&partnerID=40&md5=70a10a7032df903aad672a45610273ec",Conference Paper,Scopus,2-s2.0-84929485010
"Menon, S., Stanley, A.A., Zhu, J., Okamura, A.M., Khatib, O.","Mapping stiffness perception in the brain with an fMRI-compatible particle-jamming haptic interface",2014,"Conference proceedings : ... Annual International Conference of the IEEE Engineering in Medicine and Biology Society. IEEE Engineering in Medicine and Biology Society. Annual Conference","2014",,,"2051","2056",,,10.1109/EMBC.2014.6944019,"https://www.scopus.com/inward/record.uri?eid=2-s2.0-84942418688&doi=10.1109%2fEMBC.2014.6944019&partnerID=40&md5=c72fe677e013acab312b15f6f3a3f8ba",Article,Scopus,2-s2.0-84942418688
"Winck, R.C., Sketch, S.M., Hawkes, E.W., Christensen, D.L., Jiang, H., Cutkosky, M.R., Okamura, A.M.","Time-delayed Teleoperation for interaction with moving objects in space",2014,"Proceedings - IEEE International Conference on Robotics and Automation",,, 6907736,"5952","5958",,5,10.1109/ICRA.2014.6907736,"https://www.scopus.com/inward/record.uri?eid=2-s2.0-84929224936&doi=10.1109%2fICRA.2014.6907736&partnerID=40&md5=70ceb87520a2cf34bf8101f594994532",Conference Paper,Scopus,2-s2.0-84929224936
"Gibo, T.L., Bastian, A.J., Okamura, A.M.","Effect of age on stiffness modulation during postural maintenance of the arm",2013,"IEEE International Conference on Rehabilitation Robotics",,, 6650395,"","",,,10.1109/ICORR.2013.6650395,"https://www.scopus.com/inward/record.uri?eid=2-s2.0-84891100808&doi=10.1109%2fICORR.2013.6650395&partnerID=40&md5=173fa32e219c474e594013026e9c2b3c",Conference Paper,Scopus,2-s2.0-84891100808
"Rotella, M.F., Koehler, M., Nisky, I., Bastian, A.J., Okamura, A.M.","Adaptation to visuomotor rotation in isometric reaching is similar to movement adaptation",2013,"IEEE International Conference on Rehabilitation Robotics",,, 6650431,"","",,5,10.1109/ICORR.2013.6650431,"https://www.scopus.com/inward/record.uri?eid=2-s2.0-84891136255&doi=10.1109%2fICORR.2013.6650431&partnerID=40&md5=dd00945f0170282784b5bc10fe8c46ca",Conference Paper,Scopus,2-s2.0-84891136255
"Nichols, K.A., Okamura, A.M.","Autonomous robotic palpation: Machine learning techniques to identify hard inclusions in soft tissues",2013,"Proceedings - IEEE International Conference on Robotics and Automation",,, 6631198,"4384","4389",,7,10.1109/ICRA.2013.6631198,"https://www.scopus.com/inward/record.uri?eid=2-s2.0-84887280583&doi=10.1109%2fICRA.2013.6631198&partnerID=40&md5=9025843799f615dde340cc6d69f51df5",Conference Paper,Scopus,2-s2.0-84887280583
"Wedlick, T.R., Lin, D.J., Okamura, A.M.","Tissue fixation by suction increases the accuracy of robotic needle insertion",2013,"Proceedings - IEEE International Conference on Robotics and Automation",,, 6630798,"1694","1699",,2,10.1109/ICRA.2013.6630798,"https://www.scopus.com/inward/record.uri?eid=2-s2.0-84887301483&doi=10.1109%2fICRA.2013.6630798&partnerID=40&md5=e5af51989785e3a5d7cae3ac92b22c1c",Conference Paper,Scopus,2-s2.0-84887301483
"Nisky, I., Hsieh, M.H., Okamura, A.M.","A framework for analysis of surgeon arm posture variability in robot-assisted surgery",2013,"Proceedings - IEEE International Conference on Robotics and Automation",,, 6630583,"245","251",,8,10.1109/ICRA.2013.6630583,"https://www.scopus.com/inward/record.uri?eid=2-s2.0-84887304339&doi=10.1109%2fICRA.2013.6630583&partnerID=40&md5=90f398532c5dd666dc82aba80285519d",Conference Paper,Scopus,2-s2.0-84887304339
"Schorr, S.B., Quek, Z.F., Romano, R.Y., Nisky, I., Provancher, W.R., Okamura, A.M.","Sensory substitution via cutaneous skin stretch feedback",2013,"Proceedings - IEEE International Conference on Robotics and Automation",,, 6630894,"2341","2346",,16,10.1109/ICRA.2013.6630894,"https://www.scopus.com/inward/record.uri?eid=2-s2.0-84887270436&doi=10.1109%2fICRA.2013.6630894&partnerID=40&md5=331af4cdd68ff61b3041f92c580d1a6c",Conference Paper,Scopus,2-s2.0-84887270436
"Nisky, I., Hsieh, M.H., Okamura, A.M.","The effect of a robot-assisted surgical system on the kinematics of user movements",2013,"Proceedings of the Annual International Conference of the IEEE Engineering in Medicine and Biology Society, EMBS",,, 6610983,"6257","6260",,1,10.1109/EMBC.2013.6610983,"https://www.scopus.com/inward/record.uri?eid=2-s2.0-84886537789&doi=10.1109%2fEMBC.2013.6610983&partnerID=40&md5=47a01024e4573b8c56b844a3d5a7bc4b",Conference Paper,Scopus,2-s2.0-84886537789
"Kuroda, Y., Nisky, I., Uranishi, Y., Imura, M., Okamura, A.M., Oshiro, O.","Novel algorithm for real-time onset detection of surface electromyography in step-tracking wrist movements",2013,"Proceedings of the Annual International Conference of the IEEE Engineering in Medicine and Biology Society, EMBS",,, 6609936,"2056","2059",,1,10.1109/EMBC.2013.6609936,"https://www.scopus.com/inward/record.uri?eid=2-s2.0-84886500069&doi=10.1109%2fEMBC.2013.6609936&partnerID=40&md5=1072aa1f746b6fcc2ec5d67f85b5f424",Conference Paper,Scopus,2-s2.0-84886500069
"Gibo, T.L., Bastian, A.J., Okamura, A.M.","Cerebellar ataxia impairs modulation of arm stiffness during postural maintenance",2013,"Journal of Neurophysiology","110","7",,"1611","1620",,1,10.1152/jn.00294.2013,"https://www.scopus.com/inward/record.uri?eid=2-s2.0-84884924124&doi=10.1152%2fjn.00294.2013&partnerID=40&md5=e21443cb4793f196eef87c5ba880fbd2",Article,Scopus,2-s2.0-84884924124
"Bhanpuri, N.H., Okamura, A.M., Bastian, A.J.","Predictive modeling by the cerebellum improves proprioception",2013,"Journal of Neuroscience","33","36",,"14301","14306",,40,10.1523/JNEUROSCI.0784-13.2013,"https://www.scopus.com/inward/record.uri?eid=2-s2.0-84883319052&doi=10.1523%2fJNEUROSCI.0784-13.2013&partnerID=40&md5=56c56ec6bf90d67491883fe7c7486178",Article,Scopus,2-s2.0-84883319052
"Majewicz, A., Okamura, A.M.","Cartesian and joint space teleoperation for nonholonomic steerable needles",2013,"2013 World Haptics Conference, WHC 2013",,, 6548441,"395","400",,8,10.1109/WHC.2013.6548441,"https://www.scopus.com/inward/record.uri?eid=2-s2.0-84881426826&doi=10.1109%2fWHC.2013.6548441&partnerID=40&md5=124240203946a591b7e63e856e4ecfcf",Conference Paper,Scopus,2-s2.0-84881426826
"Stanley, A.A., Gwilliam, J.C., Okamura, A.M.","Haptic jamming: A deformable geometry, variable stiffness tactile display using pneumatics and particle jamming",2013,"2013 World Haptics Conference, WHC 2013",,, 6548379,"25","30",,23,10.1109/WHC.2013.6548379,"https://www.scopus.com/inward/record.uri?eid=2-s2.0-84881453426&doi=10.1109%2fWHC.2013.6548379&partnerID=40&md5=869c29bd7e1cc229556947d801d747d1",Conference Paper,Scopus,2-s2.0-84881453426
"Quek, Z.F., Schorr, S.B., Nisky, L., Okamura, A.M., Provancher, W.R.","Sensory augmentation of stiffness using fingerpad skin stretch",2013,"2013 World Haptics Conference, WHC 2013",,, 6548453,"467","472",,11,10.1109/WHC.2013.6548453,"https://www.scopus.com/inward/record.uri?eid=2-s2.0-84881394303&doi=10.1109%2fWHC.2013.6548453&partnerID=40&md5=51ce546d006203cc84456b1b17e8bc97",Conference Paper,Scopus,2-s2.0-84881394303
"Gibo, T.L., Criscimagna-Hemminger, S.E., Okamura, A.M., Bastian, A.J.","Cerebellar motor learning: Are environment dynamics more important than error size?",2013,"Journal of Neurophysiology","110","2",,"322","333",,19,10.1152/jn.00745.2012,"https://www.scopus.com/inward/record.uri?eid=2-s2.0-84880153172&doi=10.1152%2fjn.00745.2012&partnerID=40&md5=f6ea23670c435963899b4bd0b2767486",Article,Scopus,2-s2.0-84880153172
"Adebar, T.K., Okamura, A.M.","3D segmentation of curved needles using Doppler ultrasound and vibration",2013,"Lecture Notes in Computer Science (including subseries Lecture Notes in Artificial Intelligence and Lecture Notes in Bioinformatics)","7915 LNCS",,,"61","70",,10,10.1007/978-3-642-38568-1_7,"https://www.scopus.com/inward/record.uri?eid=2-s2.0-84879648646&doi=10.1007%2f978-3-642-38568-1_7&partnerID=40&md5=16e33306ec0c7af2b1cd0b14d9447c10",Conference Paper,Scopus,2-s2.0-84879648646
"Gwilliam, J.C., Bianchi, M., Su, L.K., Okamura, A.M.","Characterization and psychophysical studies of an air-jet lump display",2013,"IEEE Transactions on Haptics","6","2", 6363441,"156","166",,11,10.1109/TOH.2012.71,"https://www.scopus.com/inward/record.uri?eid=2-s2.0-84879069702&doi=10.1109%2fTOH.2012.71&partnerID=40&md5=3cc8104170137b9591801b73f30b8ebe",Article,Scopus,2-s2.0-84879069702
"Charles, S.K., Okamura, A.M., Bastian, A.J.","Does a basic deficit in force control underlie cerebellar ataxia?",2013,"Journal of Neurophysiology","109","4",,"1107","1116",,5,10.1152/jn.00152.2012,"https://www.scopus.com/inward/record.uri?eid=2-s2.0-84874032834&doi=10.1152%2fjn.00152.2012&partnerID=40&md5=4a50b9c1d2009a7255020c31d2d859b9",Article,Scopus,2-s2.0-84874032834
"De Lorenzo, D., Koseki, Y., De Momi, E., Chinzei, K., Okamura, A.M.","Coaxial needle insertion assistant with enhanced force feedback",2013,"IEEE Transactions on Biomedical Engineering","60","2", 6353180,"379","389",,15,10.1109/TBME.2012.2227316,"https://www.scopus.com/inward/record.uri?eid=2-s2.0-84872534357&doi=10.1109%2fTBME.2012.2227316&partnerID=40&md5=eec266152da535d79e6a76c51096b503",Article,Scopus,2-s2.0-84872534357
"Colonnese, N., Okamura, A.","M-Width: Stability and accuracy of haptic rendering of virtual mass",2013,"Robotics: Science and Systems","8",,,"41","48",,4,,"https://www.scopus.com/inward/record.uri?eid=2-s2.0-84910648320&partnerID=40&md5=7cfb5fc585a51083e4b05079d56be9f2",Conference Paper,Scopus,2-s2.0-84910648320
"Winck, R.C., Okamura, A.M.","Model-mediated teleoperation with predictive models and relative tracking",2013,"ASME 2013 Dynamic Systems and Control Conference, DSCC 2013","2",, DSCC2013-3842,"","",,1,10.1115/DSCC2013-3842,"https://www.scopus.com/inward/record.uri?eid=2-s2.0-84902367837&doi=10.1115%2fDSCC2013-3842&partnerID=40&md5=46e20a599e592ee75a331cca2088fddc",Conference Paper,Scopus,2-s2.0-84902367837
"Nisky, I., Patil, S., Hsieh, M.H., Okamura, A.M.","Kinematic analysis of motor performance in robot-assisted surgery: A preliminary study",2013,"Studies in Health Technology and Informatics","184",,,"302","308",,5,10.3233/978-1-61499-209-7-302,"https://www.scopus.com/inward/record.uri?eid=2-s2.0-84879513342&doi=10.3233%2f978-1-61499-209-7-302&partnerID=40&md5=840f50380171d98a4f607226ca48eb49",Conference Paper,Scopus,2-s2.0-84879513342
"Morimoto, T.K., Hsieh, M.H., Okamura, A.M.","Robot-guided sheaths (RoGS) for percutaneous access to the pediatric kidney: Patient-specific design and preliminary results",2013,"ASME 2013 Dynamic Systems and Control Conference, DSCC 2013","1",, V001T08A004,"","",,2,10.1115/DSCC2013-3917,"https://www.scopus.com/inward/record.uri?eid=2-s2.0-84902523888&doi=10.1115%2fDSCC2013-3917&partnerID=40&md5=c391ea85ad59e182af14102f6873a325",Conference Paper,Scopus,2-s2.0-84902523888
"Nisky, I., Hsieh, M.H., Okamura, A.M.","The effect of a robot-assisted surgical system on the kinematics of user movements",2013,"Conference proceedings : ... Annual International Conference of the IEEE Engineering in Medicine and Biology Society. IEEE Engineering in Medicine and Biology Society. Annual Conference","2013",,,"6257","6260",,,10.1109/EMBC.2013.6610983,"https://www.scopus.com/inward/record.uri?eid=2-s2.0-84940747458&doi=10.1109%2fEMBC.2013.6610983&partnerID=40&md5=c44d95a953ffcb8766200aaeb9048af1",Article,Scopus,2-s2.0-84940747458
"Gurari, N., Kuchenbecker, K.J., Okamura, A.M.","Perception of springs with visual and proprioceptive motion cues: Implications for prosthetics",2013,"IEEE Transactions on Human-Machine Systems","43","1", 6392963,"102","114",,8,10.1109/TSMCA.2012.2221038,"https://www.scopus.com/inward/record.uri?eid=2-s2.0-84893155071&doi=10.1109%2fTSMCA.2012.2221038&partnerID=40&md5=21d34b7257453e10ef6498b06b6a7d53",Article,Scopus,2-s2.0-84893155071
"Kessler, J.A., Lovelace, R.C., Okamura, A.M.","A haptic system for educational games: Design and application-specific kinematic optimization",2013,"ASME 2013 Dynamic Systems and Control Conference, DSCC 2013","2",, DSCC2013-4077,"","",,,10.1115/DSCC2013-4077,"https://www.scopus.com/inward/record.uri?eid=2-s2.0-84902380573&doi=10.1115%2fDSCC2013-4077&partnerID=40&md5=003773288165e28ba91516dc5f481e42",Conference Paper,Scopus,2-s2.0-84902380573
"Kuroda, Y., Nisky, I., Uranishi, Y., Imura, M., Okamura, A.M., Oshiro, O.","Novel algorithm for real-time onset detection of surface electromyography in step-tracking wrist movements",2013,"Conference proceedings : ... Annual International Conference of the IEEE Engineering in Medicine and Biology Society. IEEE Engineering in Medicine and Biology Society. Annual Conference","2013",,,"2056","2059",,,10.1109/EMBC.2013.6609936,"https://www.scopus.com/inward/record.uri?eid=2-s2.0-84941792114&doi=10.1109%2fEMBC.2013.6609936&partnerID=40&md5=d80dcc1c5161cb3c2a8222293a6a429d",Article,Scopus,2-s2.0-84941792114
"Gurari, N., Wheeler, J., Shelton, A., Okamura, A.M.","Discrimination of springs with vision, proprioception, and artificial skin stretch cues",2012,"Lecture Notes in Computer Science (including subseries Lecture Notes in Artificial Intelligence and Lecture Notes in Bioinformatics)","7282 LNCS","PART 1",,"160","172",,1,10.1007/978-3-642-31401-8_15,"https://www.scopus.com/inward/record.uri?eid=2-s2.0-84883758269&doi=10.1007%2f978-3-642-31401-8_15&partnerID=40&md5=02a7f1daa09f2c29e1b7b84db243d18b",Conference Paper,Scopus,2-s2.0-84883758269
"Wedlick, T.R., Okamura, A.M.","Characterization of robotic needle insertion and rotation in artificial and ex vivo tissues",2012,"Proceedings of the IEEE RAS and EMBS International Conference on Biomedical Robotics and Biomechatronics",,, 6290924,"62","68",,12,10.1109/BioRob.2012.6290924,"https://www.scopus.com/inward/record.uri?eid=2-s2.0-84867423528&doi=10.1109%2fBioRob.2012.6290924&partnerID=40&md5=72542838d75d8907435a6c8f018344b1",Conference Paper,Scopus,2-s2.0-84867423528
"Blank, A., Okamura, A.M., Whitcomb, L.L.","User comprehension of task performance with varying impedance in a virtual prosthetic arm: A pilot study",2012,"Proceedings of the IEEE RAS and EMBS International Conference on Biomedical Robotics and Biomechatronics",,, 6290805,"500","507",,2,10.1109/BioRob.2012.6290805,"https://www.scopus.com/inward/record.uri?eid=2-s2.0-84867430952&doi=10.1109%2fBioRob.2012.6290805&partnerID=40&md5=f662668e088a7dbf61b7bf88f0e10653",Conference Paper,Scopus,2-s2.0-84867430952
"Majewicz, A., Marra, S.P., Van Vledder, M.G., Lin, M., Choti, M.A., Song, D.Y., Okamura, A.M.","Behavior of tip-steerable needles in ex vivo and in vivo tissue",2012,"IEEE Transactions on Biomedical Engineering","59","10", 6,"2705","2715",,32,10.1109/TBME.2012.2204749,"https://www.scopus.com/inward/record.uri?eid=2-s2.0-84866530155&doi=10.1109%2fTBME.2012.2204749&partnerID=40&md5=d5d972e2f486f4a6dd4447eec74befaf",Article,Scopus,2-s2.0-84866530155
"Damian, D.D., Ludersdorfer, M., Kim, Y., Hernandez Arieta, A., Pfeifer, R., Okamura, A.M.","Wearable haptic device for cutaneous force and slip speed display",2012,"Proceedings - IEEE International Conference on Robotics and Automation",,, 6225000,"1038","1043",,11,10.1109/ICRA.2012.6225000,"https://www.scopus.com/inward/record.uri?eid=2-s2.0-84864465306&doi=10.1109%2fICRA.2012.6225000&partnerID=40&md5=57e82d6cbcd378f3c07acda16c55a6f0",Conference Paper,Scopus,2-s2.0-84864465306
"Jayakumar, R.P., Mishra, S.K., Dannenhoffer, J.F., Okamura, A.M.","Haptic footstep display",2012,"Haptics Symposium 2012, HAPTICS 2012 - Proceedings",,, 6183826,"425","430",,5,10.1109/HAPTIC.2012.6183826,"https://www.scopus.com/inward/record.uri?eid=2-s2.0-84860826422&doi=10.1109%2fHAPTIC.2012.6183826&partnerID=40&md5=20c7869e36e2b376eb26168da8fc844c",Conference Paper,Scopus,2-s2.0-84860826422
"Rotella, M.F., Guerin, K., He, X., Okamura, A.M.","HAPI bands: A haptic augmented posture interface",2012,"Haptics Symposium 2012, HAPTICS 2012 - Proceedings",,, 6183785,"163","170",,13,10.1109/HAPTIC.2012.6183785,"https://www.scopus.com/inward/record.uri?eid=2-s2.0-84860797578&doi=10.1109%2fHAPTIC.2012.6183785&partnerID=40&md5=128d031ea3277633590bc7bbaf758192",Conference Paper,Scopus,2-s2.0-84860797578
"Gwilliam, J.C., Degirmenci, A., Bianchi, M., Okamura, A.M.","Design and control of an air-jet lump display",2012,"Haptics Symposium 2012, HAPTICS 2012 - Proceedings",,, 6183768,"45","49",,8,10.1109/HAPTIC.2012.6183768,"https://www.scopus.com/inward/record.uri?eid=2-s2.0-84860817197&doi=10.1109%2fHAPTIC.2012.6183768&partnerID=40&md5=a5d7c1c91f3868e239734c41f5c377d0",Conference Paper,Scopus,2-s2.0-84860817197
"Cheng, A., Nichols, K.A., Weeks, H.M., Gurari, N., Okamura, A.M.","Conveying the configuration of a virtual human hand using vibrotactile feedback",2012,"Haptics Symposium 2012, HAPTICS 2012 - Proceedings",,, 6183784,"155","162",,4,10.1109/HAPTIC.2012.6183784,"https://www.scopus.com/inward/record.uri?eid=2-s2.0-84860817109&doi=10.1109%2fHAPTIC.2012.6183784&partnerID=40&md5=923931c7eaf69766f696e3c31c27f0d7",Conference Paper,Scopus,2-s2.0-84860817109
"Bhanpuri, N.H., Okamura, A.M., Bastian, A.J.","Active force perception depends on cerebellar function",2012,"Journal of Neurophysiology","107","6",,"1612","1620",,17,10.1152/jn.00983.2011,"https://www.scopus.com/inward/record.uri?eid=2-s2.0-84858259379&doi=10.1152%2fjn.00983.2011&partnerID=40&md5=d34ede08542b459a629f4d33dd594317",Article,Scopus,2-s2.0-84858259379
"Yamamoto, T., Abolhassani, N., Jung, S., Okamura, A.M., Judkins, T.N.","Augmented reality and haptic interfaces for robot-assisted surgery",2012,"International Journal of Medical Robotics and Computer Assisted Surgery","8","1",,"45","56",,27,10.1002/rcs.421,"https://www.scopus.com/inward/record.uri?eid=2-s2.0-84858003738&doi=10.1002%2frcs.421&partnerID=40&md5=dc44a361aa8e807f6336c01f8ae64265",Article,Scopus,2-s2.0-84858003738
"Koseki, Y., De Lorenzo, D., Chinzei, K., Okamura, A.M.","Coaxial needle insertion assistant for epidural puncture",2011,"IEEE International Conference on Intelligent Robots and Systems",,, 6048745,"2584","2589",,5,10.1109/IROS.2011.6048745,"https://www.scopus.com/inward/record.uri?eid=2-s2.0-84455199572&doi=10.1109%2fIROS.2011.6048745&partnerID=40&md5=c33c941ae5d50445bfa82393e58378f7",Conference Paper,Scopus,2-s2.0-84455199572
"Basafa, E., Sefati, S., Okamura, A.M.","Assessing the quality of force feedback in soft tissue simulation",2011,"Proceedings of the Annual International Conference of the IEEE Engineering in Medicine and Biology Society, EMBS",,, 6090933,"3451","3454",,1,10.1109/IEMBS.2011.6090933,"https://www.scopus.com/inward/record.uri?eid=2-s2.0-84055222129&doi=10.1109%2fIEMBS.2011.6090933&partnerID=40&md5=3634732ad3a29439ac9505249d61df15",Conference Paper,Scopus,2-s2.0-84055222129
"Bianchi, M., Gwilliam, J.C., Degirmenci, A., Okamura, A.M.","Characterization of an air jet haptic lump display",2011,"Proceedings of the Annual International Conference of the IEEE Engineering in Medicine and Biology Society, EMBS",,, 6090937,"3467","3470",,2,10.1109/IEMBS.2011.6090937,"https://www.scopus.com/inward/record.uri?eid=2-s2.0-84055176564&doi=10.1109%2fIEMBS.2011.6090937&partnerID=40&md5=6bab0421cd2431b399ce2010f047003b",Conference Paper,Scopus,2-s2.0-84055176564
"Damian, D.D., Arieta, A.H., Okamura, A.M.","Design and evaluation of a multi-modal haptic skin stimulation apparatus",2011,"Proceedings of the Annual International Conference of the IEEE Engineering in Medicine and Biology Society, EMBS",,, 6090934,"3455","3458",,3,10.1109/IEMBS.2011.6090934,"https://www.scopus.com/inward/record.uri?eid=2-s2.0-84055176565&doi=10.1109%2fIEMBS.2011.6090934&partnerID=40&md5=7ec15d95515221ed22f3771eb6a069dc",Conference Paper,Scopus,2-s2.0-84055176565
"Gibo, T.L., Rotella, M.F., Bastian, A.J., Okamura, A.M.","Gradual anisometric-isometric transition for human-machine interfaces",2011,"Proceedings of the Annual International Conference of the IEEE Engineering in Medicine and Biology Society, EMBS",,, 6091117,"4507","4510",,,10.1109/IEMBS.2011.6091117,"https://www.scopus.com/inward/record.uri?eid=2-s2.0-84055217305&doi=10.1109%2fIEMBS.2011.6091117&partnerID=40&md5=fe381041e2567edaddc8c4ffeb6576c6",Conference Paper,Scopus,2-s2.0-84055217305
"De Lorenzo, D., Koseki, Y., De Momi, E., Chinzei, K., Okamura, A.M.","Experimental evaluation of a coaxial needle insertion assistant with enhanced force feedback",2011,"Proceedings of the Annual International Conference of the IEEE Engineering in Medicine and Biology Society, EMBS",,, 6090932,"3447","3450",,4,10.1109/IEMBS.2011.6090932,"https://www.scopus.com/inward/record.uri?eid=2-s2.0-84055217911&doi=10.1109%2fIEMBS.2011.6090932&partnerID=40&md5=db975e6cfe14437a6e4c69ee46d8b4c4",Conference Paper,Scopus,2-s2.0-84055217911
"Basafa, E., Sefati, S., Okamura, A.M.","Assessing the quality of force feedback in soft tissue simulation.",2011,"Conference proceedings : ... Annual International Conference of the IEEE Engineering in Medicine and Biology Society. IEEE Engineering in Medicine and Biology Society. Conference","2011",,,"3451","3454",,1,,"https://www.scopus.com/inward/record.uri?eid=2-s2.0-84862595173&partnerID=40&md5=7d6acbaf7a8fe40c299ac7d4df5da160",Article,Scopus,2-s2.0-84862595173
"Blank, A., Okamura, A.M., Whitcomb, L.L.","Task-dependent impedance improves user performance with a virtual prosthetic arm",2011,"Proceedings - IEEE International Conference on Robotics and Automation",,, 5980461,"2235","2242",,7,10.1109/ICRA.2011.5980461,"https://www.scopus.com/inward/record.uri?eid=2-s2.0-84867421763&doi=10.1109%2fICRA.2011.5980461&partnerID=40&md5=f92c223061c1f32b346be4779f027864",Conference Paper,Scopus,2-s2.0-84867421763
"Gibo, T.L., Rotella, M.F., Bastian, A.J., Okamura, A.M.","Gradual anisometric-isometric transition for human-machine interfaces.",2011,"Conference proceedings : ... Annual International Conference of the IEEE Engineering in Medicine and Biology Society. IEEE Engineering in Medicine and Biology Society. Conference","2011",,,"4507","4510",,1,,"https://www.scopus.com/inward/record.uri?eid=2-s2.0-84863579440&partnerID=40&md5=be6bc2fb4eb1b3bfe4b42646445baa98",Article,Scopus,2-s2.0-84863579440
"Bianchi, M., Gwilliam, J.C., Degirmenci, A., Okamura, A.M.","Characterization of an air jet haptic lump display.",2011,"Conference proceedings : ... Annual International Conference of the IEEE Engineering in Medicine and Biology Society. IEEE Engineering in Medicine and Biology Society. Conference","2011",,,"3467","3470",,5,,"https://www.scopus.com/inward/record.uri?eid=2-s2.0-84862595357&partnerID=40&md5=c494e2453ececc7017bdf9ce11d39aeb",Article,Scopus,2-s2.0-84862595357
"Damian, D.D., Arieta, A.H., Okamura, A.M.","Design and evaluation of a multi-modal haptic skin stimulation apparatus.",2011,"Conference proceedings : ... Annual International Conference of the IEEE Engineering in Medicine and Biology Society. IEEE Engineering in Medicine and Biology Society. Conference","2011",,,"3455","3458",,1,,"https://www.scopus.com/inward/record.uri?eid=2-s2.0-84862629014&partnerID=40&md5=062061f63915979804a8a31774ea03ff",Article,Scopus,2-s2.0-84862629014
"De Lorenzo, D., Koseki, Y., De Momi, E., Chinzei, K., Okamura, A.M.","Experimental evaluation of a coaxial needle insertion assistant with enhanced force feedback.",2011,"Conference proceedings : ... Annual International Conference of the IEEE Engineering in Medicine and Biology Society. IEEE Engineering in Medicine and Biology Society. Conference","2011",,,"3447","3450",,6,,"https://www.scopus.com/inward/record.uri?eid=2-s2.0-84862600973&partnerID=40&md5=ff77aceb0380b01dac66bd791d58a9db",Article,Scopus,2-s2.0-84862600973
"Okamura, A.M., Verner, L.N., Yamamoto, T., Gwilliam, J.C., Griffiths, P.G.","Force feedback and sensory substitution for robot-assisted surgery",2011,"Surgical Robotics: Systems Applications and Visions",,,,"419","448",,13,10.1007/978-1-4419-1126-1_18,"https://www.scopus.com/inward/record.uri?eid=2-s2.0-84875862376&doi=10.1007%2f978-1-4419-1126-1_18&partnerID=40&md5=e527c95289aea0cd3f237e5b826f2f22",Book Chapter,Scopus,2-s2.0-84875862376
"Reed, K.B., Majewicz, A., Kallem, V., Alterovitz, R., Goldberg, K., Cowan, N.J., Okamura, A.M.","Robot-assisted needle steering",2011,"IEEE Robotics and Automation Magazine","18","4", 6096030,"35","46",,64,10.1109/MRA.2011.942997,"https://www.scopus.com/inward/record.uri?eid=2-s2.0-83455195795&doi=10.1109%2fMRA.2011.942997&partnerID=40&md5=1cb25e4ebc584fb6da6d6631be7d7c5c",Article,Scopus,2-s2.0-83455195795
"Cowan, N.J., Goldberg, K., Chirikjian, G.S., Fichtinger, G., Alterovitz, R., Reed, K.B., Kallem, V., Park, W., Misra, S., Okamura, A.M.","Robotic needle steering: Design, modeling, planning, and image guidance",2011,"Surgical Robotics: Systems Applications and Visions",,,,"557","582",,37,10.1007/978-1-4419-1126-1_23,"https://www.scopus.com/inward/record.uri?eid=2-s2.0-84890000735&doi=10.1007%2f978-1-4419-1126-1_23&partnerID=40&md5=7894b1b5c20c1bd194329613317f32f1",Book Chapter,Scopus,2-s2.0-84890000735
"Okamura, A.M., Basdogan, C., Baillie, S., Harwin, W.S.","Haptics in medicine and clinical skill acquisition",2011,"IEEE Transactions on Haptics","4","3", 5977266,"153","154",,9,10.1109/TOH.2011.47,"https://www.scopus.com/inward/record.uri?eid=2-s2.0-80051697039&doi=10.1109%2fTOH.2011.47&partnerID=40&md5=a19eb23771e7e2ccdab0925e8580995f",Editorial,Scopus,2-s2.0-80051697039
"Misra, S., Ramesh, K.T., Okamura, A.M.","Modelling of non-linear elastic tissues for surgical simulation",2010,"Computer Methods in Biomechanics and Biomedical Engineering","13","6",,"811","818",,26,10.1080/10255840903505121,"https://www.scopus.com/inward/record.uri?eid=2-s2.0-78650343759&doi=10.1080%2f10255840903505121&partnerID=40&md5=2d630058f2db737c35a56e07a1766f2e",Article,Scopus,2-s2.0-78650343759
"Griffiths, P.G., Okamura, A.M.","Defining performance tradeoffs for multi-degree-of-freedom bilateral teleoperators with LQG control",2010,"Proceedings of the IEEE Conference on Decision and Control",,, 5718184,"3542","3547",,5,10.1109/CDC.2010.5718184,"https://www.scopus.com/inward/record.uri?eid=2-s2.0-79953143763&doi=10.1109%2fCDC.2010.5718184&partnerID=40&md5=23bc3de06c416678d324875112bf0836",Conference Paper,Scopus,2-s2.0-79953143763
"Okamura, A.M., Verner, L.N., Reiley, C.E., Mahvash, M.","Haptics for robot-assisted minimally invasive surgery",2010,"Springer Tracts in Advanced Robotics","66","STAR",,"361","372",,16,10.1007/978-3-642-14743-2_30,"https://www.scopus.com/inward/record.uri?eid=2-s2.0-78651084010&doi=10.1007%2f978-3-642-14743-2_30&partnerID=40&md5=21e140f47101beaef5b75f452f94814b",Conference Paper,Scopus,2-s2.0-78651084010
"Misra, S., Reed, K.B., Schafer, B.W., Ramesh, K.T., Okamura, A.M.","Mechanics of flexible needles robotically steered through soft tissue",2010,"International Journal of Robotics Research","29","13",,"1640","1660",,126,10.1177/0278364910369714,"https://www.scopus.com/inward/record.uri?eid=2-s2.0-77958501975&doi=10.1177%2f0278364910369714&partnerID=40&md5=0c865d3bd862b922f32863de581f6dfc",Article,Scopus,2-s2.0-77958501975
"Okamura, A.M., Matarić, M.J., Christensen, H.I.","Medical and health-care robotics",2010,"IEEE Robotics and Automation Magazine","17","3", 5569021,"26","37",,33,10.1109/MRA.2010.937861,"https://www.scopus.com/inward/record.uri?eid=2-s2.0-77956586027&doi=10.1109%2fMRA.2010.937861&partnerID=40&md5=0fa3144d7d8a77fb7a17001b248952b3",Article,Scopus,2-s2.0-77956586027
"Majewicz, A., Wedlick, T.R., Reed, K.B., Okamura, A.M.","Evaluation of robotic needle steering in ex vivo tissue",2010,"Proceedings - IEEE International Conference on Robotics and Automation",,, 5509873,"2068","2073",,29,10.1109/ROBOT.2010.5509873,"https://www.scopus.com/inward/record.uri?eid=2-s2.0-77955807320&doi=10.1109%2fROBOT.2010.5509873&partnerID=40&md5=9efe2ca75ef6bd9a2546924a0c6e1b24",Conference Paper,Scopus,2-s2.0-77955807320
"Park, W., Reed, K.B., Okamura, A.M., Chirikjian, G.S.","Estimation of model parameters for steerable needles",2010,"Proceedings - IEEE International Conference on Robotics and Automation",,, 5509380,"3703","3708",,17,10.1109/ROBOT.2010.5509380,"https://www.scopus.com/inward/record.uri?eid=2-s2.0-77955816579&doi=10.1109%2fROBOT.2010.5509380&partnerID=40&md5=e9b851cdad822c86c0f1eace431797b4",Conference Paper,Scopus,2-s2.0-77955816579
"King, H.H., Hannaford, B., Kwok, K.-W., Yang, G.-Z., Griffiths, P., Okamura, A., Farkhatdinov, I., Ryu, J.-H., Sankaranarayanan, G., Arikatla, V., Tadano, K., Kawashima, K., Peer, A., Schauß, T., Buss, M., Miller, L., Glozman, D., Rosen, J., Low, T.","Plugfest 2009: Global interoperability in telerobotics and telemedicine",2010,"Proceedings - IEEE International Conference on Robotics and Automation",,, 5509422,"1733","1738",,23,10.1109/ROBOT.2010.5509422,"https://www.scopus.com/inward/record.uri?eid=2-s2.0-77955836935&doi=10.1109%2fROBOT.2010.5509422&partnerID=40&md5=d2ad4e9bdad8ba30364332d26379e58b",Conference Paper,Scopus,2-s2.0-77955836935
"Blank, A., Okamura, A.M., Kuchenbecker, K.J.","Identifying the role of Proprioception in upper-limb prosthesis control: Studies on targeted motion",2010,"ACM Transactions on Applied Perception","7","3", 15,"","",,28,10.1145/1773965.1773966,"https://www.scopus.com/inward/record.uri?eid=2-s2.0-77953966212&doi=10.1145%2f1773965.1773966&partnerID=40&md5=4650a17997f76f92bb62de3b35ffd90d",Article,Scopus,2-s2.0-77953966212
"MacLean, K., Okamura, A.","Message from the symposium chairs",2010,"2010 IEEE Haptics Symposium, HAPTICS 2010",,, 5444688,"","",1,,10.1109/HAPTIC.2010.5444688,"https://www.scopus.com/inward/record.uri?eid=2-s2.0-77952712579&doi=10.1109%2fHAPTIC.2010.5444688&partnerID=40&md5=2f0fd7ffa92eb55471526b517a2e4585",Conference Paper,Scopus,2-s2.0-77952712579
"Gwilliam, J.C., Pezzementi, Z., Jantho, E., Okamura, A.M., Hsiao, S.","Human vs. robotic tactile sensing: Detecting lumps in soft tissue",2010,"2010 IEEE Haptics Symposium, HAPTICS 2010",,, 5444685,"21","28",,32,10.1109/HAPTIC.2010.5444685,"https://www.scopus.com/inward/record.uri?eid=2-s2.0-77952726022&doi=10.1109%2fHAPTIC.2010.5444685&partnerID=40&md5=4ccf2d4dbbb3d2ca48a15807e8a53f68",Conference Paper,Scopus,2-s2.0-77952726022
"Majewicz, A., Glasser, J., Bauer, R., Belkoff, S.M., Mears, S.C., Okamura, A.M.","Design of a haptic simulator for osteosynthesis screw insertion",2010,"2010 IEEE Haptics Symposium, HAPTICS 2010",,, 5444610,"497","500",,5,10.1109/HAPTIC.2010.5444610,"https://www.scopus.com/inward/record.uri?eid=2-s2.0-77952704506&doi=10.1109%2fHAPTIC.2010.5444610&partnerID=40&md5=a2390912dece562027e11944f6da2ed4",Conference Paper,Scopus,2-s2.0-77952704506
"Hauser, K., Alterovitz, R., Chentanez, N., Okamura, A., Goldberg, K.","Feedback control for steering needles through 3D deformable tissue using helical paths",2010,"Robotics: Science and Systems","5",,,"289","296",,1,,"https://www.scopus.com/inward/record.uri?eid=2-s2.0-84959540011&partnerID=40&md5=a9fb9878a82fd91b10cf69fb38670965",Conference Paper,Scopus,2-s2.0-84959540011
"Wedlick, T.R., Okamura, A.M.","Characterization of pre-curved needles for steering in tissue.",2009,"Conference proceedings : ... Annual International Conference of the IEEE Engineering in Medicine and Biology Society. IEEE Engineering in Medicine and Biology Society. Conference",,,,"1200","1203",,6,,"https://www.scopus.com/inward/record.uri?eid=2-s2.0-84903875390&partnerID=40&md5=655d645dd82d20ff24eb9eb9376c389e",Article,Scopus,2-s2.0-84903875390
"Wedlick, T.R., Okamura, A.M.","Characterization of pre-curved needles for steering in tissue",2009,"Proceedings of the 31st Annual International Conference of the IEEE Engineering in Medicine and Biology Society: Engineering the Future of Biomedicine, EMBC 2009",,, 5333407,"1200","1203",,24,10.1109/IEMBS.2009.5333407,"https://www.scopus.com/inward/record.uri?eid=2-s2.0-77951012123&doi=10.1109%2fIEMBS.2009.5333407&partnerID=40&md5=7dadbe610c35b642159bf534788bb0a5",Conference Paper,Scopus,2-s2.0-77951012123
"Misra, S., Reed, K.B., Ramesh, K.T., Okamura, A.M.","Observations of needle-tissue interactions",2009,"Proceedings of the 31st Annual International Conference of the IEEE Engineering in Medicine and Biology Society: Engineering the Future of Biomedicine, EMBC 2009",,, 5332872,"262","265",,9,10.1109/IEMBS.2009.5332872,"https://www.scopus.com/inward/record.uri?eid=2-s2.0-77951019811&doi=10.1109%2fIEMBS.2009.5332872&partnerID=40&md5=f9a8c6b22a90caed9505847cf8ec93e6",Conference Paper,Scopus,2-s2.0-77951019811
"Misra, S., Reed, K.B., Ramesh, K.T., Okamura, A.M.","Observations of needle-tissue interactions.",2009,"Conference proceedings : ... Annual International Conference of the IEEE Engineering in Medicine and Biology Society. IEEE Engineering in Medicine and Biology Society. Conference",,,,"262","265",,,,"https://www.scopus.com/inward/record.uri?eid=2-s2.0-84903866212&partnerID=40&md5=73ef6b0b02b733da0dbd80dcb3bdd02f",Article,Scopus,2-s2.0-84903866212
"Reed, K.B., Okamura, A.M., Cowan, N.J.","Modeling and control of needles with torsional friction",2009,"IEEE Transactions on Biomedical Engineering","56","12", 5204199,"2905","2916",,46,10.1109/TBME.2009.2029240,"https://www.scopus.com/inward/record.uri?eid=2-s2.0-72649091952&doi=10.1109%2fTBME.2009.2029240&partnerID=40&md5=85eb2a1d504f472b4f3519c68e3e7a19",Article,Scopus,2-s2.0-72649091952
"Gurari, N., Smith, K., Madhav, M., Okamura, A.M.","Environment discrimination with vibration feedback to the foot, arm, and fingertip",2009,"2009 IEEE International Conference on Rehabilitation Robotics, ICORR 2009",,, 5209508,"343","348",,10,10.1109/ICORR.2009.5209508,"https://www.scopus.com/inward/record.uri?eid=2-s2.0-70449382207&doi=10.1109%2fICORR.2009.5209508&partnerID=40&md5=8556f2806e34ec26af77ceec5a993b20",Conference Paper,Scopus,2-s2.0-70449382207
"Reed, K.B., Okamura, A.M., Cowan, N.J.","Controlling a robotically steered needle in the presence of torsional friction",2009,"Proceedings - IEEE International Conference on Robotics and Automation",,, 5152749,"3476","3481",,14,10.1109/ROBOT.2009.5152749,"https://www.scopus.com/inward/record.uri?eid=2-s2.0-70350366381&doi=10.1109%2fROBOT.2009.5152749&partnerID=40&md5=d9ed63ab0a5c1702764c7aee52a4ea35",Conference Paper,Scopus,2-s2.0-70350366381
"Misra, S., Reed, K.B., Schafer, B.W., Ramesh, K.T., Okamura, A.M.","Observations and models for needle-tissue interactions",2009,"Proceedings - IEEE International Conference on Robotics and Automation",,, 5152721,"2687","2692",,27,10.1109/ROBOT.2009.5152721,"https://www.scopus.com/inward/record.uri?eid=2-s2.0-70350399127&doi=10.1109%2fROBOT.2009.5152721&partnerID=40&md5=41d3908aa0b90b5942a8ff567162cbd2",Conference Paper,Scopus,2-s2.0-70350399127
"Lee, J., Okamura, A.M., Landau, B.","Haptics as an aid to copying for people with williams syndrome",2009,"Proceedings - 3rd Joint EuroHaptics Conference and Symposium on Haptic Interfaces for Virtual Environment and Teleoperator Systems, World Haptics 2009",,, 4810817,"356","361",,4,10.1109/WHC.2009.4810817,"https://www.scopus.com/inward/record.uri?eid=2-s2.0-67649742196&doi=10.1109%2fWHC.2009.4810817&partnerID=40&md5=b065d66bbb9347c1cd8857f0686b1a55",Conference Paper,Scopus,2-s2.0-67649742196
"Verner, L.N., Okamura, A.M.","Force and torque feedback vs force only feedback",2009,"Proceedings - 3rd Joint EuroHaptics Conference and Symposium on Haptic Interfaces for Virtual Environment and Teleoperator Systems, World Haptics 2009",,, 4810880,"406","410",,15,10.1109/WHC.2009.4810880,"https://www.scopus.com/inward/record.uri?eid=2-s2.0-67649654441&doi=10.1109%2fWHC.2009.4810880&partnerID=40&md5=72573ce211b56954114bef5999192cf8",Conference Paper,Scopus,2-s2.0-67649654441
"Gurari, N., Kuchenbecker, K.J., Okamura, A.M.","Stiffness discrimination with visual and proprioceptive cues",2009,"Proceedings - 3rd Joint EuroHaptics Conference and Symposium on Haptic Interfaces for Virtual Environment and Teleoperator Systems, World Haptics 2009",,, 4810845,"121","126",,20,10.1109/WHC.2009.4810845,"https://www.scopus.com/inward/record.uri?eid=2-s2.0-67649658387&doi=10.1109%2fWHC.2009.4810845&partnerID=40&md5=e2d1fab0a9a287ceb736a4a141c04b01",Conference Paper,Scopus,2-s2.0-67649658387
"Misra, S., Fuernstahl, P., Ramesh, K.T., Okamura, A.M., Harders, M.","Quantifying perception of nonlinear elastic tissue models using multidimensional scaling",2009,"Proceedings - 3rd Joint EuroHaptics Conference and Symposium on Haptic Interfaces for Virtual Environment and Teleoperator Systems, World Haptics 2009",,, 4810874,"570","575",,4,10.1109/WHC.2009.4810874,"https://www.scopus.com/inward/record.uri?eid=2-s2.0-67649648201&doi=10.1109%2fWHC.2009.4810874&partnerID=40&md5=215dadaa6420c87be4b77f224336efe1",Conference Paper,Scopus,2-s2.0-67649648201
"Misra, S., Macura, K.J., Ramesh, K.T., Okamura, A.M.","The importance of organ geometry and boundary constraints for planning of medical interventions",2009,"Medical Engineering and Physics","31","2",,"195","206",,40,10.1016/j.medengphy.2008.08.002,"https://www.scopus.com/inward/record.uri?eid=2-s2.0-59049086557&doi=10.1016%2fj.medengphy.2008.08.002&partnerID=40&md5=dd9d26a34475ec31ee58647338910984",Article,Scopus,2-s2.0-59049086557
"Okamura, A.M.","Haptic feedback in robot-assisted minimally invasive surgery",2009,"Current Opinion in Urology","19","1",,"102","107",,179,10.1097/MOU.0b013e32831a478c,"https://www.scopus.com/inward/record.uri?eid=2-s2.0-58149215973&doi=10.1097%2fMOU.0b013e32831a478c&partnerID=40&md5=6acfa72c946509fbf0f77dfe0ad0eaf9",Review,Scopus,2-s2.0-58149215973
"Hager, G.D., Okamura, A.M., Kazanzides, P., Whitcomb, L.L., Fichtinger, G., Taylor, R.H.","Surgical and interventional robotics: Part III",2008,"IEEE Robotics and Automation Magazine","15","4",,"84","93",,25,10.1109/MRA.2008.930401,"https://www.scopus.com/inward/record.uri?eid=2-s2.0-57949089594&doi=10.1109%2fMRA.2008.930401&partnerID=40&md5=3e1842f290883564a132bb242459a6d9",Article,Scopus,2-s2.0-57949089594
"Misra, S., Ramesh, K.T., Okamura, A.M.","Physically valid surgical simulators: Linear versus nonlinear tissue models",2008,"Studies in Health Technology and Informatics","132",,,"293","295",,4,,"https://www.scopus.com/inward/record.uri?eid=2-s2.0-44249105224&partnerID=40&md5=4dc8e1db25c85ac1f3bc6811e38816b3",Conference Paper,Scopus,2-s2.0-44249105224
"Marayong, P., Hager, G.D., Okamura, A.M.","Control methods for guidance virtual fixtures in compliant human-machine interfaces",2008,"2008 IEEE/RSJ International Conference on Intelligent Robots and Systems, IROS",,, 4650838,"1166","1172",,8,10.1109/IROS.2008.4650838,"https://www.scopus.com/inward/record.uri?eid=2-s2.0-69549114545&doi=10.1109%2fIROS.2008.4650838&partnerID=40&md5=b1373f2e50f532add033d7d951079fcc",Conference Paper,Scopus,2-s2.0-69549114545
"Doyle, L., Gauthier, N., Ramanathan, S., Okamura, A.","A simulator to explore the role of haptic feedback in cataract surgery training",2008,"Studies in Health Technology and Informatics","132",,,"106","111",,10,,"https://www.scopus.com/inward/record.uri?eid=2-s2.0-44249084022&partnerID=40&md5=8996d24c6715e1cf9839c91da4e24818",Conference Paper,Scopus,2-s2.0-44249084022
"Yamamoto, T., Bernhardt, M., Peer, A., Buss, M., Okamura, A.M.","Techniques for environment parameter estimation during telemanipulation",2008,"Proceedings of the 2nd Biennial IEEE/RAS-EMBS International Conference on Biomedical Robotics and Biomechatronics, BioRob 2008",,, 4762830,"217","223",,14,10.1109/BIOROB.2008.4762830,"https://www.scopus.com/inward/record.uri?eid=2-s2.0-63049101513&doi=10.1109%2fBIOROB.2008.4762830&partnerID=40&md5=f19f04bcdc33fe0a5f6692403a5904df",Conference Paper,Scopus,2-s2.0-63049101513
"Misra, S., Reed, K.B., Douglas, A.S., Ramesh, K.T., Okamura, A.M.","Needle-tissue interaction forces for bevel-tip steerable needles",2008,"Proceedings of the 2nd Biennial IEEE/RAS-EMBS International Conference on Biomedical Robotics and Biomechatronics, BioRob 2008",,, 4762872,"224","231",,56,10.1109/BIOROB.2008.4762872,"https://www.scopus.com/inward/record.uri?eid=2-s2.0-63049091281&doi=10.1109%2fBIOROB.2008.4762872&partnerID=40&md5=9f8192acf7f12ae50350a46cdba53dc2",Conference Paper,Scopus,2-s2.0-63049091281
"Reed, K.B., Kallem, V., Alterovitzt, R., Goldberg, K., Okamura, A.M., Cowan, N.J.","Integrated planning and image-guided control for planar needle steering",2008,"Proceedings of the 2nd Biennial IEEE/RAS-EMBS International Conference on Biomedical Robotics and Biomechatronics, BioRob 2008",,, 4762833,"819","824",,51,10.1109/BIOROB.2008.4762833,"https://www.scopus.com/inward/record.uri?eid=2-s2.0-63049140162&doi=10.1109%2fBIOROB.2008.4762833&partnerID=40&md5=88471dd14365727171e562e8601a6961",Conference Paper,Scopus,2-s2.0-63049140162
"Edward Colgate, J., Lederman, S., Prattichizzo, D., Barbagli, F., Basdogan, C., Buss, M., Ernst, M., Frisoli, A., Gillespie, B., Grant, D., Harders, M., Hayward, V., Jones, L., Kajimoto, H., Kappers, A., Kheddar, A., Lin, M.C., MacLean, K., Miller, B., Noma, H., Okamura, A.M., O'Malley, M., Ryu, J., Tan, H.Z., Yokokohji, Y.","IEEE Transactions on Haptics: Editorial",2008,"IEEE Transactions on Haptics","1","1",,"2","8",,,10.1109/TOH.2008.11,"https://www.scopus.com/inward/record.uri?eid=2-s2.0-77955945514&doi=10.1109%2fTOH.2008.11&partnerID=40&md5=b9fd609144e7208b4ae982faac60b106",Editorial,Scopus,2-s2.0-77955945514
"Fichtinger, G., Kazanzides, P., Okamura, A.M., Hager, G.D., Whitcomb, L.L., Taylor, R.H.","Surgical and interventional robotics: Part II",2008,"IEEE Robotics and Automation Magazine","15","3",,"94","102",,25,10.1109/MRA.2008.927971,"https://www.scopus.com/inward/record.uri?eid=2-s2.0-52949142231&doi=10.1109%2fMRA.2008.927971&partnerID=40&md5=abc40d57b160df811d1a52f49e824a3e",Article,Scopus,2-s2.0-52949142231
"Misra, S., Ramesh, K.T., Okamura, A.M.","Modeling of tool-tissue interactions for computer-based surgical simulation: A literature review",2008,"Presence: Teleoperators and Virtual Environments","17","5",,"463","491",,98,,"https://www.scopus.com/inward/record.uri?eid=2-s2.0-53349117008&partnerID=40&md5=06627c371849a6c407b239cb2a22d3fe",Article,Scopus,2-s2.0-53349117008
"Verner, L.N., Okamura, A.M.","Telemanipulators with sensor/actuator asymmetries fail the robustness criterion",2008,"Symposium on Haptics Interfaces for Virtual Environment and Teleoperator Systems 2008 - Proceedings, Haptics",,, 4479955,"267","271",,5,10.1109/HAPTICS.2008.4479955,"https://www.scopus.com/inward/record.uri?eid=2-s2.0-49749129663&doi=10.1109%2fHAPTICS.2008.4479955&partnerID=40&md5=49ff3d668522b19e0b9779b0893884ec",Conference Paper,Scopus,2-s2.0-49749129663
"Weisenberger, J., Okamura, A.","Message from the symposium cochairs",2008,"Symposium on Haptics Interfaces for Virtual Environment and Teleoperator Systems 2008 - Proceedings, Haptics",,, 4479901,"","",,,10.1109/HAPTICS.2008.4479901,"https://www.scopus.com/inward/record.uri?eid=2-s2.0-49749133565&doi=10.1109%2fHAPTICS.2008.4479901&partnerID=40&md5=f7ba289cacbf15dac8f9ed6476e39088",Editorial,Scopus,2-s2.0-49749133565
"Pezzementi, Z., Ursu, D., Misra, S., Okamura, A.M.","Modeling realistic tool-tissue interactions with haptic feedback: A learning-based method",2008,"Symposium on Haptics Interfaces for Virtual Environment and Teleoperator Systems 2008 - Proceedings, Haptics",,, 4479944,"209","215",,16,10.1109/HAPTICS.2008.4479944,"https://www.scopus.com/inward/record.uri?eid=2-s2.0-49749108982&doi=10.1109%2fHAPTICS.2008.4479944&partnerID=40&md5=88fd69d9fcf79955887bc9871e5a1a07",Conference Paper,Scopus,2-s2.0-49749108982
"Blank, A., Okamura, A.M., Kuchenbecker, K.J.","Effects of proprioceptive motion feedback on sighted and non-sighted control of a virtual hand prosthesis",2008,"Symposium on Haptics Interfaces for Virtual Environment and Teleoperator Systems 2008 - Proceedings, Haptics",,, 4479933,"141","142",,7,10.1109/HAPTICS.2008.4479933,"https://www.scopus.com/inward/record.uri?eid=2-s2.0-49749095689&doi=10.1109%2fHAPTICS.2008.4479933&partnerID=40&md5=777ec305455504eeae7f88a9318900c4",Conference Paper,Scopus,2-s2.0-49749095689
"Kuchenbecker, K.J., Kutzer, M., Ferguson, D., Moses, M., Okamura, A.M.","The touch thimble: Providing fingertip contact feedback during point-force haptic interaction",2008,"Symposium on Haptics Interfaces for Virtual Environment and Teleoperator Systems 2008 - Proceedings, Haptics",,, 4479950,"239","246",,25,10.1109/HAPTICS.2008.4479950,"https://www.scopus.com/inward/record.uri?eid=2-s2.0-49749105260&doi=10.1109%2fHAPTICS.2008.4479950&partnerID=40&md5=8d30d4b9a52a689274ec0b982f3ab0a5",Conference Paper,Scopus,2-s2.0-49749105260
"Mahvash, M., Gwilliam, J., Agarwal, R., Vagvolgyi, B., Su, L.-M., Yuh, D.D., Okamura, A.M.","Force-feedback surgical teleoperator: Controller design and palpation experiments",2008,"Symposium on Haptics Interfaces for Virtual Environment and Teleoperator Systems 2008 - Proceedings, Haptics",,, 4479994,"465","471",,40,10.1109/HAPTICS.2008.4479994,"https://www.scopus.com/inward/record.uri?eid=2-s2.0-49749098936&doi=10.1109%2fHAPTICS.2008.4479994&partnerID=40&md5=dfb3c3d35d0016f95f83aed94cdc9095",Conference Paper,Scopus,2-s2.0-49749098936
"Grow, D.I., Wu, M., Locastro, M.J., Arora, S.K., Bastian, A.J., Okamura, A.M.","Haptic simulation of elbow joint spasticity",2008,"Symposium on Haptics Interfaces for Virtual Environment and Teleoperator Systems 2008 - Proceedings, Haptics",,, 4479997,"475","476",,18,10.1109/HAPTICS.2008.4479997,"https://www.scopus.com/inward/record.uri?eid=2-s2.0-49749096839&doi=10.1109%2fHAPTICS.2008.4479997&partnerID=40&md5=e2b666af16df109c7e0bb9854ee730c6",Conference Paper,Scopus,2-s2.0-49749096839
"Kazanzides, P., Fichtinger, G., Hager, G.D., Okamura, A.M., Whitcomb, L.L., Taylor, R.H.","Surgical and interventional robotics - Core concepts, technology, and design",2008,"IEEE Robotics and Automation Magazine","15","2",,"122","130",,75,10.1109/MRA.2008.926390,"https://www.scopus.com/inward/record.uri?eid=2-s2.0-46349104335&doi=10.1109%2fMRA.2008.926390&partnerID=40&md5=3305f4455355ad36f0c0fe8c4753e7e2",Article,Scopus,2-s2.0-46349104335
"Mahvash, M., Voo, L.M., Kim, D., Jeung, K., Wainer, J., Okamura, A.M.","Modeling the forces of cutting with scissors",2008,"IEEE Transactions on Biomedical Engineering","55","3",,"848","856",,30,10.1109/TBME.2007.908069,"https://www.scopus.com/inward/record.uri?eid=2-s2.0-39749183440&doi=10.1109%2fTBME.2007.908069&partnerID=40&md5=a9650f12256787e7af3e65dcbbb77707",Article,Scopus,2-s2.0-39749183440
"Reiley, C.E., Akinbiyi, T., Burschka, D., Chang, D.C., Okamura, A.M., Yuh, D.D.","Effects of visual force feedback on robot-assisted surgical task performance",2008,"Journal of Thoracic and Cardiovascular Surgery","135","1",,"196","202",,99,10.1016/j.jtcvs.2007.08.043,"https://www.scopus.com/inward/record.uri?eid=2-s2.0-37549063919&doi=10.1016%2fj.jtcvs.2007.08.043&partnerID=40&md5=f2bc22d3ca76f72cfc7fe327b77c0920",Article,Scopus,2-s2.0-37549063919
"Grow, D.I., Verner, L.N., Okamura, A.M.","Educational haptics",2007,"AAAI Spring Symposium - Technical Report","SS-07-09",,,"53","58",,25,,"https://www.scopus.com/inward/record.uri?eid=2-s2.0-37349129849&partnerID=40&md5=41ace33b3d58fa6c8a49005651c019f0",Conference Paper,Scopus,2-s2.0-37349129849
"Mahvash, M., Okamura, A.","Friction compensation for enhancing transparency of a teleoperator with compliant transmission",2007,"IEEE Transactions on Robotics","23","6",,"1240","1246",,38,10.1109/TRO.2007.909825,"https://www.scopus.com/inward/record.uri?eid=2-s2.0-37549071040&doi=10.1109%2fTRO.2007.909825&partnerID=40&md5=d5ab8c1e8b76240cec737bfca5871a69",Article,Scopus,2-s2.0-37549071040
"Kuchenbecker, K.J., Gurari, N., Okamura, A.M.","Effects of visual and proprioceptive motion feedback on human control of targeted movement",2007,"2007 IEEE 10th International Conference on Rehabilitation Robotics, ICORR'07",,, 4428474,"513","524",,19,10.1109/ICORR.2007.4428474,"https://www.scopus.com/inward/record.uri?eid=2-s2.0-48349141307&doi=10.1109%2fICORR.2007.4428474&partnerID=40&md5=d05000e52e4d08e5e30a72b976f9a03d",Conference Paper,Scopus,2-s2.0-48349141307
"Romano, J.M., Webster III, R.J., Okamura, A.M.","Teleoperation of steerable needles",2007,"Proceedings - IEEE International Conference on Robotics and Automation",,, 4209209,"934","939",,23,10.1109/ROBOT.2007.363105,"https://www.scopus.com/inward/record.uri?eid=2-s2.0-36348980494&doi=10.1109%2fROBOT.2007.363105&partnerID=40&md5=9bec9ec53cf3a9eef4a36c753a719486",Conference Paper,Scopus,2-s2.0-36348980494
"Marayong, P., Na, H.S., Okamura, A.M.","Virtual fixture control for compliant human-machine interfaces",2007,"Proceedings - IEEE International Conference on Robotics and Automation",,, 4209714,"4018","4024",,7,10.1109/ROBOT.2007.364096,"https://www.scopus.com/inward/record.uri?eid=2-s2.0-36348995504&doi=10.1109%2fROBOT.2007.364096&partnerID=40&md5=352c31972a0e551a4fb9ebac8a200017",Conference Paper,Scopus,2-s2.0-36348995504
"Pezzementi, Z., Okamura, A.M., Hager, G.D.","Dynamic guidance with pseudoadmittance virtual fixtures",2007,"Proceedings - IEEE International Conference on Robotics and Automation",,, 4209341,"1761","1767",,12,10.1109/ROBOT.2007.363577,"https://www.scopus.com/inward/record.uri?eid=2-s2.0-36349007004&doi=10.1109%2fROBOT.2007.363577&partnerID=40&md5=19ded77aa5c46feb8787131a41c90b0a",Conference Paper,Scopus,2-s2.0-36349007004
"Verner, L.N., Okamura, A.M.","Effects of translational and gripping force feedback are decoupled in a 4-degree-of-freedom telemanipulator",2007,"Proceedings - Second Joint EuroHaptics Conference and Symposium on Haptic Interfaces for Virtual Environment and Teleoperator Systems, World Haptics 2007",,, 4145189,"286","291",,16,10.1109/WHC.2007.46,"https://www.scopus.com/inward/record.uri?eid=2-s2.0-34548118733&doi=10.1109%2fWHC.2007.46&partnerID=40&md5=fbb717e26a6ceb564bdf7d03241a0885",Conference Paper,Scopus,2-s2.0-34548118733
"Mahvash, M., Okamura, A.M.","Enhancing transparency of a position-exchange teleoperator",2007,"Proceedings - Second Joint EuroHaptics Conference and Symposium on Haptic Interfaces for Virtual Environment and Teleoperator Systems, World Haptics 2007",,, 4145219,"470","475",,18,10.1109/WHC.2007.47,"https://www.scopus.com/inward/record.uri?eid=2-s2.0-34548125359&doi=10.1109%2fWHC.2007.47&partnerID=40&md5=d336dfefebac8cb2b537a679990f7b57",Conference Paper,Scopus,2-s2.0-34548125359
"Gurari, N., Okamura, A.M.","Human performance in a knob-turning task",2007,"Proceedings - Second Joint EuroHaptics Conference and Symposium on Haptic Interfaces for Virtual Environment and Teleoperator Systems, World Haptics 2007",,, 4145158,"96","101",,3,10.1109/WHC.2007.71,"https://www.scopus.com/inward/record.uri?eid=2-s2.0-34548125382&doi=10.1109%2fWHC.2007.71&partnerID=40&md5=83c7d4569fcd0e5b8b42dea9191ed6b0",Conference Paper,Scopus,2-s2.0-34548125382
"Yamamoto, T., Okamura, A.M.","Evaluation of human performance with kinematic and haptic errors",2007,"Proceedings - Second Joint EuroHaptics Conference and Symposium on Haptic Interfaces for Virtual Environment and Teleoperator Systems, World Haptics 2007",,, 4145155,"78","83",,2,10.1109/WHC.2007.48,"https://www.scopus.com/inward/record.uri?eid=2-s2.0-34548128374&doi=10.1109%2fWHC.2007.48&partnerID=40&md5=fa30d80ac1670d56181ee89ff9db2146",Conference Paper,Scopus,2-s2.0-34548128374
"Kuchenbecker, K.J., Gurari, N., Okamura, A.M.","Quantifying the value of visual and haptic position feedback during force-based motion control",2007,"Proceedings - Second Joint EuroHaptics Conference and Symposium on Haptic Interfaces for Virtual Environment and Teleoperator Systems, World Haptics 2007",,, 4145237,"561","562",,3,10.1109/WHC.2007.93,"https://www.scopus.com/inward/record.uri?eid=2-s2.0-34548125353&doi=10.1109%2fWHC.2007.93&partnerID=40&md5=62b712878581a6cc7e49297f15a72982",Conference Paper,Scopus,2-s2.0-34548125353
"Misra, S., Okamura, A.M., Ramesh, K.T.","Force feedback is noticeably different for linear versus nonlinear elastic tissue models",2007,"Proceedings - Second Joint EuroHaptics Conference and Symposium on Haptic Interfaces for Virtual Environment and Teleoperator Systems, World Haptics 2007",,, 4145227,"519","524",,13,10.1109/WHC.2007.55,"https://www.scopus.com/inward/record.uri?eid=2-s2.0-34548136128&doi=10.1109%2fWHC.2007.55&partnerID=40&md5=b72c4b7b0992c525c8953d54079b7f5e",Conference Paper,Scopus,2-s2.0-34548136128
"Abbott, J.J., Okamura, A.M.","Pseudo-admittance bilateral telemanipulation with guidance virtual fixtures",2007,"International Journal of Robotics Research","26","8",,"865","884",,25,10.1177/0278364907080425,"https://www.scopus.com/inward/record.uri?eid=2-s2.0-34547171638&doi=10.1177%2f0278364907080425&partnerID=40&md5=300d41e37b176bd3898ff6aea865d4d7",Article,Scopus,2-s2.0-34547171638
"Abbott, J.J., Marayong, P., Okamura, A.M.","Haptic virtual fixtures for robot-assisted manipulation",2007,"Springer Tracts in Advanced Robotics","28",,,"","",,41,,"https://www.scopus.com/inward/record.uri?eid=2-s2.0-33947538993&partnerID=40&md5=6dc4e2c8c44ce271e72680469a6204d1",Article,Scopus,2-s2.0-33947538993
"Mahvash, M., Okamura, A.M.","Friction compensation for a force-feedback telerobotic system",2006,"Proceedings - IEEE International Conference on Robotics and Automation","2006",, 1642200,"3268","3273",,30,10.1109/ROBOT.2006.1642200,"https://www.scopus.com/inward/record.uri?eid=2-s2.0-33845629486&doi=10.1109%2fROBOT.2006.1642200&partnerID=40&md5=fbb1dbcb14ad93f8829c35f85eab3eb9",Conference Paper,Scopus,2-s2.0-33845629486
"Lin, H.C., Mills, K., Kazanzides, P., Hager, G.D., Marayong, P., Okamura, A.M., Karam, R.","Portability and applicability of virtual fixtures across medical and manufacturing tasks",2006,"Proceedings - IEEE International Conference on Robotics and Automation","2006",, 1641188,"225","230",,11,10.1109/ROBOT.2006.1641188,"https://www.scopus.com/inward/record.uri?eid=2-s2.0-33845679718&doi=10.1109%2fROBOT.2006.1641188&partnerID=40&md5=f744fdcbd76887dc777d7879b86bc63e",Conference Paper,Scopus,2-s2.0-33845679718
"Webster III, R.J., Cowan, N.J., Chirikjian, G., Okamura, A.M.","Nonholonomic modeling of needle steering",2006,"Springer Tracts in Advanced Robotics","21",,,"35","44",,6,10.1007/11552246_4,"https://www.scopus.com/inward/record.uri?eid=2-s2.0-33646690416&doi=10.1007%2f11552246_4&partnerID=40&md5=4e1cd4bf35d08847935a1b0c4f2b766f",Article,Scopus,2-s2.0-33646690416
"Mahvash, M., Okamura, A.M.","Friction compensation for a force-feedback teleoperator with compliant transmission",2006,"Proceedings of the IEEE Conference on Decision and Control",,, 4177447,"4508","4513",,6,,"https://www.scopus.com/inward/record.uri?eid=2-s2.0-34548138184&partnerID=40&md5=b0bbe9b90f296e721c2e271c24dfa4f8",Conference Paper,Scopus,2-s2.0-34548138184
"Webster III, R.J., Okamura, A.M., Cowan, N.J.","Toward active cannulas: Miniature snake-like surgical robots",2006,"IEEE International Conference on Intelligent Robots and Systems",,, 4058827,"2857","2863",,114,10.1109/IROS.2006.282073,"https://www.scopus.com/inward/record.uri?eid=2-s2.0-34250681710&doi=10.1109%2fIROS.2006.282073&partnerID=40&md5=8b6317cee14b39599de5274e434302da",Conference Paper,Scopus,2-s2.0-34250681710
"Akinbiyi, T., Reiley, C.E., Saha, S., Burschka, D., Hasser, C.J., Yuh, D.D., Okamura, A.M.","Dynamic augmented reality for sensory substitution in robot-assisted surgical systems",2006,"Annual International Conference of the IEEE Engineering in Medicine and Biology - Proceedings",,, 4029719,"567","570",,29,10.1109/IEMBS.2006.259707,"https://www.scopus.com/inward/record.uri?eid=2-s2.0-34047138988&doi=10.1109%2fIEMBS.2006.259707&partnerID=40&md5=d9a3b2fa7254480031be0e6545cf0fbc",Conference Paper,Scopus,2-s2.0-34047138988
"Akinbiyi, T., Reiley, C.E., Saha, S., Burschka, D., Hasser, C.J., Yuh, D.D., Okamura, A.M.","Dynamic augmented reality for sensory substitution in robot-assisted surgical systems.",2006,"Conference proceedings : ... Annual International Conference of the IEEE Engineering in Medicine and Biology Society. IEEE Engineering in Medicine and Biology Society. Conference",,,,"567","570",,1,,"https://www.scopus.com/inward/record.uri?eid=2-s2.0-84903860922&partnerID=40&md5=adc69a995461d38cdd40f7ff735f3da5",Article,Scopus,2-s2.0-84903860922
"Wu, M., Okamura, A.M.","Effects of haptic feedback on exploration",2006,"14th Symposium onHaptics Interfaces for Virtual Environment andTeleoperator Systems 2006 - Proceedings","2006",, 1627134,"407","411",,,,"https://www.scopus.com/inward/record.uri?eid=2-s2.0-33750962559&partnerID=40&md5=c820370129098c5884eda661e5b4e0d6",Conference Paper,Scopus,2-s2.0-33750962559
"Misra, S., Okamura, A.M.","Environment parameter estimation during bilateral telemanipulation",2006,"14th Symposium onHaptics Interfaces for Virtual Environment andTeleoperator Systems 2006 - Proceedings","2006",, 1627120,"301","307",,20,,"https://www.scopus.com/inward/record.uri?eid=2-s2.0-33750954794&partnerID=40&md5=af18d90aaeb5b1520f3757e517d333db",Conference Paper,Scopus,2-s2.0-33750954794
"Verner, L.N., Okamura, A.M.","Sensor/actuator asymmetries in telemanipulators: Implications of partial force feedback",2006,"14th Symposium onHaptics Interfaces for Virtual Environment andTeleoperator Systems 2006 - Proceedings","2006",, 1627132,"309","314",,24,,"https://www.scopus.com/inward/record.uri?eid=2-s2.0-33750934809&partnerID=40&md5=89aa58937057a9015ba42e5c53c04a21",Conference Paper,Scopus,2-s2.0-33750934809
"Abbott, J.J., Okamura, A.M.","Pseudo-admittance bilateral telemanipulation with guidance virtual fixtures",2006,"14th Symposium onHaptics Interfaces for Virtual Environment andTeleoperator Systems 2006 - Proceedings","2006",, 1627057,"169","175",,4,,"https://www.scopus.com/inward/record.uri?eid=2-s2.0-33750952147&partnerID=40&md5=225bb424a0a88522b8aaa4082f014cb3",Conference Paper,Scopus,2-s2.0-33750952147
"Marayong, P., Hager, G.D., Okamura, A.M.","Effect of hand dynamics on virtual fixtures for compliant human-machine interfaces",2006,"14th Symposium onHaptics Interfaces for Virtual Environment andTeleoperator Systems 2006 - Proceedings","2006",, 1627075,"109","115",,10,,"https://www.scopus.com/inward/record.uri?eid=2-s2.0-33750956790&partnerID=40&md5=3dd46de45150d24834350fdbbae39a0d",Conference Paper,Scopus,2-s2.0-33750956790
"Verner, L.N., Okamura, A.M.","Sensor/actuator asymmetries in telemanipulators: Implications of partial force feedback",2006,"Proceedings - IEEE Virtual Reality","2006",, 1624139,"101","",,,10.1109/VR.2006.118,"https://www.scopus.com/inward/record.uri?eid=2-s2.0-33750111389&doi=10.1109%2fVR.2006.118&partnerID=40&md5=540b35ed35b013eb10473117bfdea938",Conference Paper,Scopus,2-s2.0-33750111389
"Abbott, J.J., Okamura, A.M.","Pseudo-admittance bilateral telemanipulation with guidance virtual fixtures",2006,"Proceedings - IEEE Virtual Reality","2006",, 1624129,"91","",,1,10.1109/VR.2006.112,"https://www.scopus.com/inward/record.uri?eid=2-s2.0-33750142266&doi=10.1109%2fVR.2006.112&partnerID=40&md5=a709d931431da0714c13a9950f191632",Conference Paper,Scopus,2-s2.0-33750142266
"Misra, S., Okamura, A.M.","Environment parameter estimation during bilateral telemanipulation",2006,"Proceedings - IEEE Virtual Reality","2006",, 1624138,"100","",,,10.1109/VR.2006.58,"https://www.scopus.com/inward/record.uri?eid=2-s2.0-33750130377&doi=10.1109%2fVR.2006.58&partnerID=40&md5=ff67bf15ce6709b66929da52ab50fbf4",Conference Paper,Scopus,2-s2.0-33750130377
"Marayong, P., Hager, G.D., Okamura, A.M.","Effect of hand dynamics on virtual fixtures for compliant human-machine interfaces",2006,"Proceedings - IEEE Virtual Reality","2006",, 1624124,"86","",,,10.1109/VR.2006.56,"https://www.scopus.com/inward/record.uri?eid=2-s2.0-33750101296&doi=10.1109%2fVR.2006.56&partnerID=40&md5=3e035a97e3ab5112c1ea78e670f744f4",Conference Paper,Scopus,2-s2.0-33750101296
"Hager, G.D., Okamura, A.M., Taylor, R.H.","Human-machine collaborative systems: Intelligent virtual fixtures and space applications",2006,"AAAI Spring Symposium - Technical Report","SS-06-07",,,"76","78",,,,"https://www.scopus.com/inward/record.uri?eid=2-s2.0-33747169067&partnerID=40&md5=1463ca1403ffb04fa50c349901b48a00",Conference Paper,Scopus,2-s2.0-33747169067
"Webster III, R.J., Kim, J.S., Cowan, N.J., Chirikjian, G.S., Okamura, A.M.","Nonholonomic modeling of needle steering",2006,"International Journal of Robotics Research","25","5-6",,"509","525",,311,10.1177/0278364906065388,"https://www.scopus.com/inward/record.uri?eid=2-s2.0-33646673385&doi=10.1177%2f0278364906065388&partnerID=40&md5=637b4c544966554623cc01041f55a924",Conference Paper,Scopus,2-s2.0-33646673385
"Abbott, J.J., Okamura, A.M.","Stable forbidden-region virtual fixtures for bilateral telemanipulation",2006,"Journal of Dynamic Systems, Measurement and Control, Transactions of the ASME","128","1",,"53","64",,34,10.1115/1.2168163,"https://www.scopus.com/inward/record.uri?eid=2-s2.0-33646370792&doi=10.1115%2f1.2168163&partnerID=40&md5=dc2183d270e467fb872f0b4aa566a29d",Article,Scopus,2-s2.0-33646370792
"Verner, L.N., Jeung, K.A., Okamura, A.M.","Effects of gripping and translational forces on teleoperation",2005,"Springer Tracts in Advanced Robotics","18",,,"231","241",,6,,"https://www.scopus.com/inward/record.uri?eid=2-s2.0-33750126203&partnerID=40&md5=34f807fa960525f3043255571dd2f1b6",Article,Scopus,2-s2.0-33750126203
"Crouch, J.R., Schneider, C.M., Wainer, J., Okamura, A.M.","A velocity-dependent model for needle insertion in soft tissue",2005,"Lecture Notes in Computer Science (including subseries Lecture Notes in Artificial Intelligence and Lecture Notes in Bioinformatics)","3750 LNCS",,,"624","632",,36,10.1007/11566489_77,"https://www.scopus.com/inward/record.uri?eid=2-s2.0-33744781826&doi=10.1007%2f11566489_77&partnerID=40&md5=6e77cf285aceff2c538abb7718018dcc",Conference Paper,Scopus,2-s2.0-33744781826
"Alterovitz, R., Goldberg, K., Okamura, A.","Planning for steerable bevel-tip needle insertion through 2D soft tissue with obstacles",2005,"Proceedings - IEEE International Conference on Robotics and Automation","2005",, 1570348,"1640","1645",,147,10.1109/ROBOT.2005.1570348,"https://www.scopus.com/inward/record.uri?eid=2-s2.0-33846156235&doi=10.1109%2fROBOT.2005.1570348&partnerID=40&md5=8834e4756c18bbdb0d3ad15a9e98e767",Conference Paper,Scopus,2-s2.0-33846156235
"Webster III, R.J., Memisevic, J., Okamura, A.M.","Design considerations for robotic needle steering",2005,"Proceedings - IEEE International Conference on Robotics and Automation","2005",, 1570666,"3588","3594",,110,10.1109/ROBOT.2005.1570666,"https://www.scopus.com/inward/record.uri?eid=2-s2.0-33846159121&doi=10.1109%2fROBOT.2005.1570666&partnerID=40&md5=1b65e87f8ccba9936cbd912ed8ca67f6",Conference Paper,Scopus,2-s2.0-33846159121
"Alterovitz, R., Lim, A., Goldberg, K., Chirikjian, G.S., Okamura, A.M.","Steering flexible needles under Markov motion uncertainty",2005,"2005 IEEE/RSJ International Conference on Intelligent Robots and Systems, IROS",,, 1544969,"120","125",,83,10.1109/IROS.2005.1544969,"https://www.scopus.com/inward/record.uri?eid=2-s2.0-79958001035&doi=10.1109%2fIROS.2005.1544969&partnerID=40&md5=479cb70652b2fd47d10f0c10703f03dc",Conference Paper,Scopus,2-s2.0-79958001035
"Kragic, D., Marayong, P., Li, M., Okamura, A.M., Hager, G.D.","Human-machine collaborative systems for microsurgical applications",2005,"Springer Tracts in Advanced Robotics","15",,,"162","171",,,,"https://www.scopus.com/inward/record.uri?eid=2-s2.0-84885075951&partnerID=40&md5=45700431143f16c9019cdf5624e969a2",Article,Scopus,2-s2.0-84885075951
"Lin, H.C., Shafran, I., Murphy, T.E., Okamura, A.M., Yuh, D.D., Hager, G.D.","Automatic detection and segmentation of robot-assisted surgical motions",2005,"Lecture Notes in Computer Science (including subseries Lecture Notes in Artificial Intelligence and Lecture Notes in Bioinformatics)","3749 LNCS",,,"802","810",,18,,"https://www.scopus.com/inward/record.uri?eid=2-s2.0-33744813026&partnerID=40&md5=5bf3381db8ac5aec638afcabf8796716",Conference Paper,Scopus,2-s2.0-33744813026
"Park, W., Kim, J.S., Zhou, Y., Cowan, N.J., Okamura, A.M., Chirikjian, G.S.","Diffusion-based motion planning for a nonholonomic flexible needle model",2005,"Proceedings - IEEE International Conference on Robotics and Automation","2005",, 1570829,"4600","4605",,94,10.1109/ROBOT.2005.1570829,"https://www.scopus.com/inward/record.uri?eid=2-s2.0-33750069941&doi=10.1109%2fROBOT.2005.1570829&partnerID=40&md5=11a8d8ead97ab20481ed2087f70ec68e",Conference Paper,Scopus,2-s2.0-33750069941
"Abbott, J.J., Okamura, A.M.","Effects of position quantization and sampling rate on virtual-wall passivity",2005,"IEEE Transactions on Robotics","21","5",,"952","964",,109,10.1109/TRO.2005.851377,"https://www.scopus.com/inward/record.uri?eid=2-s2.0-27144474970&doi=10.1109%2fTRO.2005.851377&partnerID=40&md5=9583077113c8625792323fecdf9038ba",Article,Scopus,2-s2.0-27144474970
"Kragic, D., Marayong, P., Li, M., Okamura, A.M., Hager, G.D.","Human-machine collaborative systems for microsurgical applications",2005,"International Journal of Robotics Research","24","9",,"731","741",,67,10.1177/0278364905057059,"https://www.scopus.com/inward/record.uri?eid=2-s2.0-25444459460&doi=10.1177%2f0278364905057059&partnerID=40&md5=88ac36d06c6ac3201f7cc94c5c4dc1df",Conference Paper,Scopus,2-s2.0-25444459460
"Mahvash, M., Okamura, A.M.","A fracture mechanics approach to haptic synthesis of tissue cutting with scissors",2005,"Proceedings - 1st Joint Eurohaptics Conference and Symposium on Haptic Interfaces for Virtual Environment and Teleoperator Systems; World Haptics Conference, WHC 2005",,, 1406956,"356","362",,6,10.1109/WHC.2005.8,"https://www.scopus.com/inward/record.uri?eid=2-s2.0-39749172188&doi=10.1109%2fWHC.2005.8&partnerID=40&md5=1aae58485fa82843a969ec5971d46183",Conference Paper,Scopus,2-s2.0-39749172188
"Wong, C.E., Okamura, A.M.","The snaptic paddle: A modular haptic device",2005,"Proceedings - 1st Joint Eurohaptics Conference and Symposium on Haptic Interfaces for Virtual Environment and Teleoperator Systems; World Haptics Conference, WHC 2005",,, 1406999,"537","538",,6,10.1109/WHC.2005.135,"https://www.scopus.com/inward/record.uri?eid=2-s2.0-84867421375&doi=10.1109%2fWHC.2005.135&partnerID=40&md5=addae5438cd77d4013448915c76cd489",Conference Paper,Scopus,2-s2.0-84867421375
"Crouch, J.R., Schneider, C.M., Wainer, J., Okamura, A.M.","A velocity-dependent model for needle insertion in soft tissue.",2005,"Medical image computing and computer-assisted intervention : MICCAI ... International Conference on Medical Image Computing and Computer-Assisted Intervention","8","Pt 2",,"624","632",,19,,"https://www.scopus.com/inward/record.uri?eid=2-s2.0-84883849555&partnerID=40&md5=7950314a6171aad9258e1338bd8340d5",Article,Scopus,2-s2.0-84883849555
"Webster, R.J., Murphy, T.E., Verner, L.N., Okamura, A.M.","A Novel Two-Dimensional Tactile Slip Display: Design, Kinematics and Perceptual Experiments",2005,"ACM Transactions on Applied Perception","2","2",,"150","165",,47,10.1145/1060581.1060588,"https://www.scopus.com/inward/record.uri?eid=2-s2.0-33750949348&doi=10.1145%2f1060581.1060588&partnerID=40&md5=5cdc802816bb3656cd4120db6b911823",Article,Scopus,2-s2.0-33750949348
"Wu, M., Abbott, J.J., Okamura, A.M.","Effects of velocity on human force control",2005,"Proceedings - 1st Joint Eurohaptics Conference and Symposium on Haptic Interfaces for Virtual Environment and Teleoperator Systems; World Haptics Conference, WHC 2005",,, 1406916,"73","79",,17,10.1109/WHC.2005.49,"https://www.scopus.com/inward/record.uri?eid=2-s2.0-84934280462&doi=10.1109%2fWHC.2005.49&partnerID=40&md5=f193a585eb5b76bbef01f6764299b0bc",Conference Paper,Scopus,2-s2.0-84934280462
"Kitagawa, M., Dokko, D., Okamura, A.M., Yuh, D.D.","Effect of sensory substitution on suture-manipulation forces for robotic surgical systems",2005,"Journal of Thoracic and Cardiovascular Surgery","129","1",,"151","158",,141,10.1016/j.jtcvs.2004.05.029,"https://www.scopus.com/inward/record.uri?eid=2-s2.0-11144282530&doi=10.1016%2fj.jtcvs.2004.05.029&partnerID=40&md5=4a63268497abb56cf1a69f64a4d909b9",Article,Scopus,2-s2.0-11144282530
"Lin, H.C., Shafran, I., Murphy, T.E., Okamura, A.M., Yuh, D.D., Hager, G.D.","Automatic detection and segmentation of robot-assisted surgical motions.",2005,"Medical image computing and computer-assisted intervention : MICCAI ... International Conference on Medical Image Computing and Computer-Assisted Intervention","8","Pt 1",,"802","810",,16,,"https://www.scopus.com/inward/record.uri?eid=2-s2.0-79551687913&partnerID=40&md5=f115ae12b3fb7883c4c71eea9419fffa",Article,Scopus,2-s2.0-79551687913
"Okamura, A.M.","Methods for haptic feedback in teleoperated robot-assisted surgery",2004,"Industrial Robot","31","6",,"499","508",,181,10.1108/01439910410566362,"https://www.scopus.com/inward/record.uri?eid=2-s2.0-9144241800&doi=10.1108%2f01439910410566362&partnerID=40&md5=b5105814e58a520a08734884b8169d4d",Article,Scopus,2-s2.0-9144241800
"Chang, S.-O., Okamura, A.M.","Impedance-reflecting teleoperation with a real-time evolving neural network controller",2004,"2004 IEEE/RSJ International Conference on Intelligent Robots and Systems (IROS)","3",,,"2241","2246",,6,,"https://www.scopus.com/inward/record.uri?eid=2-s2.0-14044278207&partnerID=40&md5=fab348c1efdeaa48242fb0e349d593a3",Conference Paper,Scopus,2-s2.0-14044278207
"Weiss, D.J., Okamura, A.M.","Haptic rendering of tissue cutting with scissors",2004,"Studies in Health Technology and Informatics","98",,,"407","409",,2,10.3233/978-1-60750-942-4-407,"https://www.scopus.com/inward/record.uri?eid=2-s2.0-16544367114&doi=10.3233%2f978-1-60750-942-4-407&partnerID=40&md5=8c5bf7eb5ccd4fa4edd2d568e286b00d",Conference Paper,Scopus,2-s2.0-16544367114
"Gerovich, O., Marayong, P., Okamura, A.M.","The effect of visual and haptic feedback on computer-assisted needle insertion",2004,"Computer Aided Surgery","9","6",,"243","249",,64,10.1080/10929080500190441,"https://www.scopus.com/inward/record.uri?eid=2-s2.0-24944564654&doi=10.1080%2f10929080500190441&partnerID=40&md5=d647b53e48b508c8ad1121f729838e6d",Article,Scopus,2-s2.0-24944564654
"Dewan, M., Marayong, P., Okamura, A.M., Hager, G.D.","Vision-based assistance for ophthalmic micro-surgery",2004,"Lecture Notes in Computer Science","3217","1 PART 2",,"49","57",,16,,"https://www.scopus.com/inward/record.uri?eid=2-s2.0-20344386479&partnerID=40&md5=c2ff7d318fe4f80f7f035b8060fb40e0",Conference Paper,Scopus,2-s2.0-20344386479
"Boctor, E.M., Webster III, R.J., Mathieu, H., Okamura, A.M., Fichtinger, G.","Virtual remote center of motion control for needle placement robots",2004,"Computer Aided Surgery","9","5",,"175","183",,27,10.1080/10929080500097661,"https://www.scopus.com/inward/record.uri?eid=2-s2.0-23644450228&doi=10.1080%2f10929080500097661&partnerID=40&md5=5388e26f774c18ba750dd7bbe860817b",Conference Paper,Scopus,2-s2.0-23644450228
"Bettini, A., Marayong, P., Lang, S., Okamura, A.M., Hager, G.D.","Vision-assisted control for manipulation using virtual fixtures",2004,"IEEE Transactions on Robotics","20","6",,"953","966",,129,10.1109/TRO.2004.829483,"https://www.scopus.com/inward/record.uri?eid=2-s2.0-10944261380&doi=10.1109%2fTRO.2004.829483&partnerID=40&md5=c449543e69227b00c1d14f7569c61a36",Article,Scopus,2-s2.0-10944261380
"Kitagawa, M., Dokko, D., Okamura, A.M., Bethea, B.T., Yuh, D.D.","Effect of sensory substitution on suture manipulation forces for surgical teleoperation",2004,"Studies in Health Technology and Informatics","98",,,"157","163",,15,10.3233/978-1-60750-942-4-157,"https://www.scopus.com/inward/record.uri?eid=2-s2.0-13844254674&doi=10.3233%2f978-1-60750-942-4-157&partnerID=40&md5=d74da539d6e9ccb6d44517a2d2d65bc5",Conference Paper,Scopus,2-s2.0-13844254674
"Okamura, A.M., Simone, C., O'Leary, M.D.","Force modeling for needle insertion into soft tissue",2004,"IEEE Transactions on Biomedical Engineering","51","10",,"1707","1716",,416,10.1109/TBME.2004.831542,"https://www.scopus.com/inward/record.uri?eid=2-s2.0-3042572777&doi=10.1109%2fTBME.2004.831542&partnerID=40&md5=5b9be7a33ffede4ec678d54d71bb95f8",Article,Scopus,2-s2.0-3042572777
"Marayong, P., Okamura, A.M.","Speed-accuracy characteristics of human-machine cooperative manipulation using virtual fixtures with variable admittance",2004,"Human Factors","46","3",,"518","532",,30,10.1518/hfes.46.3.518.50400,"https://www.scopus.com/inward/record.uri?eid=2-s2.0-8644224108&doi=10.1518%2fhfes.46.3.518.50400&partnerID=40&md5=bcde192f3c52a809ec2f089d6129118d",Article,Scopus,2-s2.0-8644224108
"Schneider, C.M., Okamura, A.M., Fichtinger, G.","A robotic system for transrectal needle insertion into the prostate with integrated ultrasound",2004,"Proceedings - IEEE International Conference on Robotics and Automation","2004","1",,"365","370",,25,,"https://www.scopus.com/inward/record.uri?eid=2-s2.0-3042538574&partnerID=40&md5=b9c5916a1b5685eed6454c7cf962c82a",Conference Paper,Scopus,2-s2.0-3042538574
"Emeagwali, I., Marayong, P., Abbott, J.J., Okamura, A.M.","Performance analysis of steady-hand teleoperation versus cooperative manipulation",2004,"Proceedings - 12th International Symposium on Haptic Interfaces for Virtual Environment and Teleoperator Systems, HAPTICS",,,,"316","322",,4,10.1109/HAPTIC.2004.1287215,"https://www.scopus.com/inward/record.uri?eid=2-s2.0-2942648326&doi=10.1109%2fHAPTIC.2004.1287215&partnerID=40&md5=7150fa02d805967d0f00ef6db8c6401a",Conference Paper,Scopus,2-s2.0-2942648326
"Semere, W., Kitagawa, M., Okamura, A.M.","Teleoperation with sensor/actuator asymmetry: Task performance with partial force feedback",2004,"Proceedings - 12th International Symposium on Haptic Interfaces for Virtual Environment and Teleoperator Systems, HAPTICS",,,,"121","127",,32,10.1109/HAPTIC.2004.1287186,"https://www.scopus.com/inward/record.uri?eid=2-s2.0-2942635511&doi=10.1109%2fHAPTIC.2004.1287186&partnerID=40&md5=72c9b63e16e160f4ba5bfd43af6c2b97",Conference Paper,Scopus,2-s2.0-2942635511
"Bethea, B.T., Okamura, A.M., Kitagawa, M., Fitton, T.P., Cattaneo, S.M., Gott, V.L., Baumgartner, W.A., Yuh, D.D.","Application of haptic feedback to robotic surgery",2004,"Journal of Laparoendoscopic and Advanced Surgical Techniques - Part A","14","3",,"191","195",,119,10.1089/1092642041255441,"https://www.scopus.com/inward/record.uri?eid=2-s2.0-3042641618&doi=10.1089%2f1092642041255441&partnerID=40&md5=39bccd8e8a5cf170124d620eede0565d",Article,Scopus,2-s2.0-3042641618
"Abbott, J.J., Okamura, A.M.","A sufficient condition for passive virtual walls with quantization effects",2004,"American Society of Mechanical Engineers, Dynamic Systems and Control Division (Publication) DSC","73","2 PART B", IMECE2004-59805,"1065","1073",,6,10.1115/IMECE2004-59805,"https://www.scopus.com/inward/record.uri?eid=2-s2.0-19644384350&doi=10.1115%2fIMECE2004-59805&partnerID=40&md5=776467e66146cc2bc30d2dd89f1875d3",Conference Paper,Scopus,2-s2.0-19644384350
"Abbott, J.J., Okamura, A.M.","Analysis of Virtual Fixture Contact Stability for Telemanipulation",2003,"IEEE International Conference on Intelligent Robots and Systems","3",,,"2699","2706",,14,,"https://www.scopus.com/inward/record.uri?eid=2-s2.0-0346778943&partnerID=40&md5=5628839273bfe8989f432ddf569b0685",Conference Paper,Scopus,2-s2.0-0346778943
"Abbott, J.J., Okamura, A.M.","Virtual fixture architectures for telemanipulation",2003,"Proceedings - IEEE International Conference on Robotics and Automation","2",,,"2798","2805",,41,,"https://www.scopus.com/inward/record.uri?eid=2-s2.0-0344876666&partnerID=40&md5=a9d7f1630a7c9c29b76a7c4ff6d96674",Conference Paper,Scopus,2-s2.0-0344876666
"Marayong, P., Li, M., Okamura, A.M., Hager, G.D.","Spatial motion constraints: Theory and demonstrations for robot guidance using virtual fixtures",2003,"Proceedings - IEEE International Conference on Robotics and Automation","2",,,"1954","1959",,66,,"https://www.scopus.com/inward/record.uri?eid=2-s2.0-0344014225&partnerID=40&md5=ba92e2ae09e68664c7e42e3c253534a0",Conference Paper,Scopus,2-s2.0-0344014225
"O'Leary, M.D., Simone, C., Washio, T., Yoshinaka, K., Okamura, A.M.","Robotic needle insertion: Effects of friction and needle geometry",2003,"Proceedings - IEEE International Conference on Robotics and Automation","2",,,"1774","1780",,69,,"https://www.scopus.com/inward/record.uri?eid=2-s2.0-0345308472&partnerID=40&md5=ad0a6df9fc406a8144d61c7975760a95",Conference Paper,Scopus,2-s2.0-0345308472
"Okamura, A.M., Webster III, R.J., Nolin, J.T., Johnson, K.W., Jafry, H.","The haptic scissors: Cutting in virtual environments",2003,"Proceedings - IEEE International Conference on Robotics and Automation","1",,,"828","833",,63,,"https://www.scopus.com/inward/record.uri?eid=2-s2.0-0344013514&partnerID=40&md5=52310bc8fae4bcad22406ecfe9c83997",Conference Paper,Scopus,2-s2.0-0344013514
"Abbott, J.J., Hager, G.D., Okamura, A.M.","Steady-hand teleoperation with virtual fixtures",2003,"Proceedings - IEEE International Workshop on Robot and Human Interactive Communication",,, 1251824,"145","151",,25,10.1109/ROMAN.2003.1251824,"https://www.scopus.com/inward/record.uri?eid=2-s2.0-20444436901&doi=10.1109%2fROMAN.2003.1251824&partnerID=40&md5=bf622745f8ee2ef5f7cb25344285b8da",Conference Paper,Scopus,2-s2.0-20444436901
"Boctor, E.M., Webster, R.J., Mathieu, H., Okamura, A.M., Fichtinger, G.","Virtual remote center of motion control for needle placement robots",2003,"Lecture Notes in Computer Science (including subseries Lecture Notes in Artificial Intelligence and Lecture Notes in Bioinformatics)","2878",,,"157","164",,3,,"https://www.scopus.com/inward/record.uri?eid=2-s2.0-0344823819&partnerID=40&md5=73ed4e64175a50e80b7935d9b8ad90b0",Article,Scopus,2-s2.0-0344823819
"Prasad, S.K., Kitagawa, M., Fischer, G.S., Zand, J., Talamini, M.A., Taylor, R.H., Okamura, A.M.","A modular 2-DOF force-sensing instrument for laparoscopic surgery",2003,"Lecture Notes in Computer Science (including subseries Lecture Notes in Artificial Intelligence and Lecture Notes in Bioinformatics)","2878",,,"279","286",,31,,"https://www.scopus.com/inward/record.uri?eid=2-s2.0-0345255043&partnerID=40&md5=2a3e6c9689e89d410a5f4ebcc173b37a",Article,Scopus,2-s2.0-0345255043
"Schaeffer, M.A., Okamura, A.M.","Methods for intelligent localization and mapping during haptic exploration",2003,"Proceedings of the IEEE International Conference on Systems, Man and Cybernetics","4",,,"3438","3445",,8,,"https://www.scopus.com/inward/record.uri?eid=2-s2.0-0242552583&partnerID=40&md5=cc0eac8b5666afd58c49c2f1f75ee7fd",Conference Paper,Scopus,2-s2.0-0242552583
"Ye, G., Corso, J.J., Hager, G.D., Okamura, A.M.","VisHap: Augmented reality combining haptics and vision",2003,"Proceedings of the IEEE International Conference on Systems, Man and Cybernetics","4",,,"3425","3431",,22,,"https://www.scopus.com/inward/record.uri?eid=2-s2.0-0242552584&partnerID=40&md5=20cec960c8aac072bc07b8e8483b07e1",Conference Paper,Scopus,2-s2.0-0242552584
"Li, M., Okamura, A.M.","Recognition of operator motions for real-time assistance using virtual fixtures",2003,"Proceedings - 11th Symposium on Haptic Interfaces for Virtual Environment and Teleoperator Systems, HAPTICS 2003",,, 1191253,"125","131",,58,10.1109/HAPTIC.2003.1191253,"https://www.scopus.com/inward/record.uri?eid=2-s2.0-84944053228&doi=10.1109%2fHAPTIC.2003.1191253&partnerID=40&md5=1b28baf055180a6f368e4195420839e4",Conference Paper,Scopus,2-s2.0-84944053228
"Nolin, J.T., Stemniski, P.M., Okamura, A.M.","Activation cues and force scaling methods for virtual fixtures",2003,"Proceedings - 11th Symposium on Haptic Interfaces for Virtual Environment and Teleoperator Systems, HAPTICS 2003",,, 1191325,"404","409",,13,10.1109/HAPTIC.2003.1191325,"https://www.scopus.com/inward/record.uri?eid=2-s2.0-84942314422&doi=10.1109%2fHAPTIC.2003.1191325&partnerID=40&md5=e856a20662ca5c6d715772fa64c29bfb",Conference Paper,Scopus,2-s2.0-84942314422
"Greenish, S., Hayward, V., Chial, V., Okamura, A., Steffen, T.","Measurement, analysis, and display of haptic signals during surgical cutting",2002,"Presence: Teleoperators and Virtual Environments","11","6",,"626","651",,56,10.1162/105474602321050749,"https://www.scopus.com/inward/record.uri?eid=2-s2.0-0036957507&doi=10.1162%2f105474602321050749&partnerID=40&md5=e65bb77b478b95e301842fc711482412",Article,Scopus,2-s2.0-0036957507
"Okamura, A.M., Richard, C., Cutkosky, M.R.","Feeling is believing: Using a force-feedback joystick to teach dynamic systems",2002,"Journal of Engineering Education","91","3",,"345","349",,78,,"https://www.scopus.com/inward/record.uri?eid=2-s2.0-0344753111&partnerID=40&md5=9d424ace6bb21820e5a0e49bb6defcb7",Article,Scopus,2-s2.0-0344753111
"Simone, C., Okamura, A.M.","Modeling of needle insertion forces for robot-assisted percutaneous therapy",2002,"Proceedings - IEEE International Conference on Robotics and Automation","2",,,"2085","2091",,120,,"https://www.scopus.com/inward/record.uri?eid=2-s2.0-0036057655&partnerID=40&md5=716a8e401c16a0e5e70c10d3c93d5c15",Conference Paper,Scopus,2-s2.0-0036057655
"Bettini, A., Lang, S., Okamura, A., Hager, G.","Vision assisted control for manipulation using virtual fixtures: Experiments at macro and micro scales",2002,"Proceedings - IEEE International Conference on Robotics and Automation","4",,,"3354","3361",,36,,"https://www.scopus.com/inward/record.uri?eid=2-s2.0-0036058422&partnerID=40&md5=105d61f5d03fa55d4586c8f9b8f56437",Conference Paper,Scopus,2-s2.0-0036058422
"Hundtofte, C.S., Hager, G.D., Okamura, A.M.","Building a task language for segmentation and recognition of user input to cooperative manipulation systems",2002,"Proceedings - 10th Symposium on Haptic Interfaces for Virtual Environment and Teleoperator Systems, HAPTICS 2002",,, 998962,"225","230",,26,10.1109/HAPTIC.2002.998962,"https://www.scopus.com/inward/record.uri?eid=2-s2.0-79954577421&doi=10.1109%2fHAPTIC.2002.998962&partnerID=40&md5=9f0516a5b276fbc6cf330995fce114c5",Conference Paper,Scopus,2-s2.0-79954577421
"Marayong, P., Bettini, A., Okamura, A.","Effect of virtual fixture compliance on human-machine cooperative manipulation",2002,"IEEE International Conference on Intelligent Robots and Systems","2",,,"1089","1095",,35,,"https://www.scopus.com/inward/record.uri?eid=2-s2.0-0036453419&partnerID=40&md5=ab828bdc95008fffc3dd69b7b7facafd",Conference Paper,Scopus,2-s2.0-0036453419
"Chial, V.B., Greenish, S., Okamura, A.M.","On the display of haptic recordings for cutting biological tissues",2002,"Proceedings - 10th Symposium on Haptic Interfaces for Virtual Environment and Teleoperator Systems, HAPTICS 2002",,, 998944,"80","87",,19,10.1109/HAPTIC.2002.998944,"https://www.scopus.com/inward/record.uri?eid=2-s2.0-84949750056&doi=10.1109%2fHAPTIC.2002.998944&partnerID=40&md5=5850d71c8b7b3124214b6c36fe5dd376",Conference Paper,Scopus,2-s2.0-84949750056
"Gerovichev, O., Marayong, P., Okamura, A.M.","The effect of visual and haptic feedback on manual and teleoperated needle insertion",2002,"Lecture Notes in Computer Science (including subseries Lecture Notes in Artificial Intelligence and Lecture Notes in Bioinformatics)","2488",,,"147","154",,24,,"https://www.scopus.com/inward/record.uri?eid=2-s2.0-84974660192&partnerID=40&md5=f812b032b3df78ca5f0a0ba17bcae5ec",Conference Paper,Scopus,2-s2.0-84974660192
"Kitagawa, M., Okamura, A.M., Bethea, B.T., Gott, V.L., Baumgartner, W.A.","Analysis of suture manipulation forces for teleoperation with force feedback",2002,"Lecture Notes in Computer Science (including subseries Lecture Notes in Artificial Intelligence and Lecture Notes in Bioinformatics)","2488",,,"155","162",,59,,"https://www.scopus.com/inward/record.uri?eid=2-s2.0-84974733353&partnerID=40&md5=2737786c1ca2d12b402551eb4473f4de",Conference Paper,Scopus,2-s2.0-84974733353
"Kataoka, H., Washio, T., Chinzei, K., Mizuhara, K., Simone, C., Okamura, A.M.","Measurement of the tip and friction force acting on a needle during penetration",2002,"Lecture Notes in Computer Science (including subseries Lecture Notes in Artificial Intelligence and Lecture Notes in Bioinformatics)","2488",,,"216","223",,101,,"https://www.scopus.com/inward/record.uri?eid=2-s2.0-84974678912&partnerID=40&md5=1c0a7e0d5f9778b847cc5fa82bfff66e",Conference Paper,Scopus,2-s2.0-84974678912
"Okamura, A.M., Cutkosky, M.R.","Feature detection for haptic exploration with robotic fingers",2001,"International Journal of Robotics Research","20","12",,"925","938",,79,,"https://www.scopus.com/inward/record.uri?eid=2-s2.0-1442341037&partnerID=40&md5=ab02be9f13c1a461b755b7fd9b05ad43",Article,Scopus,2-s2.0-1442341037
"Bettini, A., Lang, S., Okamura, A., Hager, G.","Vision assisted control for manipulation using virtual fixtures",2001,"IEEE International Conference on Intelligent Robots and Systems","2",,,"1171","1176",,41,,"https://www.scopus.com/inward/record.uri?eid=2-s2.0-0035559905&partnerID=40&md5=0a61d4d694c9a4a07554c0dad5600109",Conference Paper,Scopus,2-s2.0-0035559905
"Choudhury, G.S., Lorie, M., Fitzpatrick, E., Hobbs, B., Chirikjian, G., Okamura, A., Flores, N.E.","Comprehensive access to printed materials (CAPM)",2001,"Proceedings of First ACM/IEEE-CS Joint Conference on Digital Libraries",,,,"174","175",,,,"https://www.scopus.com/inward/record.uri?eid=2-s2.0-0035785552&partnerID=40&md5=0779bf60f8f3584a061ae76e087d7221",Conference Paper,Scopus,2-s2.0-0035785552
"Okamura, A.M., Cutkosky, M.R., Dennerlein, J.T.","Reality-based models for vibration feedback in virtual environments",2001,"IEEE/ASME Transactions on Mechatronics","6","3",,"245","252",,100,10.1109/3516.951362,"https://www.scopus.com/inward/record.uri?eid=2-s2.0-0035438967&doi=10.1109%2f3516.951362&partnerID=40&md5=02d1874ceefbcf540127df702a8fd7f3",Article,Scopus,2-s2.0-0035438967
"Okamura, A.M., Cutkosky, M.R.","Feature-guided exploration with a robotic finger",2001,"Proceedings - IEEE International Conference on Robotics and Automation","1",,,"589","596",,18,10.1109/ROBOT.2001.932614,"https://www.scopus.com/inward/record.uri?eid=2-s2.0-0034873560&doi=10.1109%2fROBOT.2001.932614&partnerID=40&md5=fbb04a6035dfba2853f71564565cf6c9",Article,Scopus,2-s2.0-0034873560
"Choudhury, G.S., Lorie, M., Fitzpatrick, E., Hobbs, B., Chirikjian, G., Okamura, A., Flores, N.E.","Comprehensive access to printed materials (CAPM)",2001,"Proceedings of the ACM International Conference on Digital Libraries",,,,"174","175",,4,10.1145/379437.379476,"https://www.scopus.com/inward/record.uri?eid=2-s2.0-1642295308&doi=10.1145%2f379437.379476&partnerID=40&md5=d2e9cb692eb86ff96e2a0fb0b08c3af9",Conference Paper,Scopus,2-s2.0-1642295308
"Okamura, Allison M., Smaby, Niels, Cutkosky, Mark R.","Overview of dexterous manipulation",2000,"Proceedings - IEEE International Conference on Robotics and Automation","1",,,"255","262",,223,,"https://www.scopus.com/inward/record.uri?eid=2-s2.0-0033706998&partnerID=40&md5=6eba339d7b1201bf786d3d0bd992e7ef",Conference Paper,Scopus,2-s2.0-0033706998
"Richard, C., Okamura, A.M., Cutkosky, M.R.","Feeling is believing: Using a force-feedback joystick to teach dynamic systems",2000,"ASEE Annual Conference Proceedings",,,,"2797","2811",,4,,"https://www.scopus.com/inward/record.uri?eid=2-s2.0-8644277149&partnerID=40&md5=07bf86a7e80d60847b630f37da4552e6",Conference Paper,Scopus,2-s2.0-8644277149
"Okamura, Allison M., Cutkosky, Mark R.","Haptic exploration of fine surface features",1999,"Proceedings - IEEE International Conference on Robotics and Automation","4",,,"2930","2936",,27,,"https://www.scopus.com/inward/record.uri?eid=2-s2.0-0032661143&partnerID=40&md5=3899bd4500d6a4233853710ed99b9f94",Article,Scopus,2-s2.0-0032661143
"Stredney, D., Wiet, G.J., Yagel, R., Sessanna, D., Kurzion, Y., Fontana, M., Shareef, N., Levin, M., Martin, K., Okamura, A.","A comparative analysis of integrating visual representations with haptic displays",1998,"Studies in Health Technology and Informatics","50",,,"20","26",,18,10.3233/978-1-60750-894-6-20,"https://www.scopus.com/inward/record.uri?eid=2-s2.0-0031638063&doi=10.3233%2f978-1-60750-894-6-20&partnerID=40&md5=863bcd3a5b1b824afb59d72f10ca13ef",Conference Paper,Scopus,2-s2.0-0031638063
"Okamura, Allison M., Dennerlein, Jack T., Howe, Robert D.","Vibration feedback models for virtual environments",1998,"Proceedings - IEEE International Conference on Robotics and Automation","1",,,"674","679",,110,,"https://www.scopus.com/inward/record.uri?eid=2-s2.0-0031636682&partnerID=40&md5=e84e3d01cde737e26dde59dc46ad99fe",Conference Paper,Scopus,2-s2.0-0031636682
"Richard, Christopher, Okamura, Allison M., Cutkosky, Mark R.","Getting a feel for dynamics: Using haptic interface kits for teaching dynamics and controls",1997,"American Society of Mechanical Engineers, Dynamic Systems and Control Division (Publication) DSC","61",,,"153","157",,7,,"https://www.scopus.com/inward/record.uri?eid=2-s2.0-0031378992&partnerID=40&md5=2ef7c34d8b5378f072fc1fe1919b5aa5",Conference Paper,Scopus,2-s2.0-0031378992
"Okamura, A.M., Turner, M.L., Cutkosky, M.R.","Haptic exploration of objects with rolling and sliding",1997,"Proceedings - IEEE International Conference on Robotics and Automation","3",,,"2485","2490",,45,,"https://www.scopus.com/inward/record.uri?eid=2-s2.0-0030652788&partnerID=40&md5=703b3a4eb75f1b09a2ce8e3913334743",Conference Paper,Scopus,2-s2.0-0030652788
