Authors,Title,Year,Source title,Volume,Issue,Art. No.,Page start,Page end,Page count,Cited by,DOI,Link,Document Type,Source,EID
"Arslan, B., Egerton, K., Zhang, X., Abu-Lail, N.I.","Effects of the Surface Morphology and Conformations of Lignocellulosic Biomass Biopolymers on Their Nanoscale Interactions with Hydrophobic Self-Assembled Monolayers",2017,"Langmuir","33","27",,"6857","6868",,,10.1021/acs.langmuir.7b01470,"https://www.scopus.com/inward/record.uri?eid=2-s2.0-85022333615&doi=10.1021%2facs.langmuir.7b01470&partnerID=40&md5=b77388c7bd7c458f7bacea73023e664e",Article,Scopus,2-s2.0-85022333615
"Nazempour, A., Quisenberry, C.R., Abu-Lail, N.I., van Wie, B.J.","Combined effects of oscillating hydrostatic pressure, perfusion and encapsulation in a novel bioreactor for enhancing extracellular matrix synthesis by bovine chondrocytes",2017,"Cell and Tissue Research",,,,"1","15",,,10.1007/s00441-017-2651-7,"https://www.scopus.com/inward/record.uri?eid=2-s2.0-85021941938&doi=10.1007%2fs00441-017-2651-7&partnerID=40&md5=558a7df06e0a8e6fc5f1130d1e039fb9",Article in Press,Scopus,2-s2.0-85021941938
"Suliman, W., Harsh, J.B., Fortuna, A.-M., Garcia-Pérez, M., Abu-Lail, N.I.","Quantitative Effects of Biochar Oxidation and Pyrolysis Temperature on the Transport of Pathogenic and Nonpathogenic Escherichia coli in Biochar-Amended Sand Columns",2017,"Environmental Science and Technology","51","9",,"5071","5081",,,10.1021/acs.est.6b04535,"https://www.scopus.com/inward/record.uri?eid=2-s2.0-85020430637&doi=10.1021%2facs.est.6b04535&partnerID=40&md5=412bf4809693f7a7ee34ef28e04e00d6",Article,Scopus,2-s2.0-85020430637
"Suliman, W., Harsh, J.B., Abu-Lail, N.I., Fortuna, A.-M., Dallmeyer, I., Garcia-Pérez, M.","The role of biochar porosity and surface functionality in augmenting hydrologic properties of a sandy soil",2017,"Science of the Total Environment","574",,,"139","147",,6,10.1016/j.scitotenv.2016.09.025,"https://www.scopus.com/inward/record.uri?eid=2-s2.0-84986281489&doi=10.1016%2fj.scitotenv.2016.09.025&partnerID=40&md5=86afa5dc5d90df1b338ccf7c6d592ed0",Article,Scopus,2-s2.0-84986281489
"Quisenberry, C.R., Nazempour, A., Van Wie, B.J., Abu-Lail, N.I.","Evaluation of β1-integrin expression on chondrogenically differentiating human adipose-derived stem cells using atomic force microscopy",2016,"Biointerphases","11","2", 021005,"","",,,10.1116/1.4947049,"https://www.scopus.com/inward/record.uri?eid=2-s2.0-84965169178&doi=10.1116%2f1.4947049&partnerID=40&md5=48bc2b634dbbec76c49fac155aee880e",Article,Scopus,2-s2.0-84965169178
"Arslan, B., Colpan, M., Ju, X., Zhang, X., Kostyukova, A., Abu-Lail, N.I.","The Effects of Noncellulosic Compounds on the Nanoscale Interaction Forces Measured between Carbohydrate-Binding Module and Lignocellulosic Biomass",2016,"Biomacromolecules","17","5",,"1705","1715",,3,10.1021/acs.biomac.6b00129,"https://www.scopus.com/inward/record.uri?eid=2-s2.0-84973342100&doi=10.1021%2facs.biomac.6b00129&partnerID=40&md5=09ad57d97577d6884a468c6484a79071",Article,Scopus,2-s2.0-84973342100
"Nazempour, A., Quisenberry, C.R., Van Wie, B.J., Abu-Lail, N.I.","Nanomechanics of engineered articular cartilage: Synergistic influences of transforming growth factor-β3 and oscillating pressure",2016,"Journal of Nanoscience and Nanotechnology","16","3",,"3136","3145",,1,10.1166/jnn.2016.12564,"https://www.scopus.com/inward/record.uri?eid=2-s2.0-84960338488&doi=10.1166%2fjnn.2016.12564&partnerID=40&md5=97e947335f487772f6c8fc9879cb61b6",Article,Scopus,2-s2.0-84960338488
"Suliman, W., Harsh, J.B., Abu-Lail, N.I., Fortuna, A.-M., Dallmeyer, I., Garcia-Perez, M.","Modification of biochar surface by air oxidation: Role of pyrolysis temperature",2016,"Biomass and Bioenergy","85",,,"1","11",,8,10.1016/j.biombioe.2015.11.030,"https://www.scopus.com/inward/record.uri?eid=2-s2.0-84949684562&doi=10.1016%2fj.biombioe.2015.11.030&partnerID=40&md5=7d6358697f11ef81273916a27fa57963",Article,Scopus,2-s2.0-84949684562
"Suliman, W., Harsh, J.B., Abu-Lail, N.I., Fortuna, A.-M., Dallmeyer, I., Garcia-Perez, M.","Influence of feedstock source and pyrolysis temperature on biochar bulk and surface properties",2016,"Biomass and Bioenergy","84",,,"37","48",,18,10.1016/j.biombioe.2015.11.010,"https://www.scopus.com/inward/record.uri?eid=2-s2.0-84949651281&doi=10.1016%2fj.biombioe.2015.11.010&partnerID=40&md5=be178a1cac3d7bb167e01104cd1fb3e6",Article,Scopus,2-s2.0-84949651281
"Kiamco, M.M., Atci, E., Khan, Q.F., Mohamed, A., Renslow, R.S., Abu-Lail, N., Fransson, B.A., Call, D.R., Beyenal, H.","Vancomycin and maltodextrin affect structure and activity of Staphylococcus aureus biofilms",2015,"Biotechnology and Bioengineering","112","12",,"2562","2570",,2,10.1002/bit.25681,"https://www.scopus.com/inward/record.uri?eid=2-s2.0-84946473967&doi=10.1002%2fbit.25681&partnerID=40&md5=11623a181015bb6a34a9ec0836f4ebfb",Article,Scopus,2-s2.0-84946473967
"Arslan, B., Ju, X., Zhang, X., Abu-Lail, N.I.","Heterogeneity and Specificity of Nanoscale Adhesion Forces Measured between Self-Assembled Monolayers and Lignocellulosic Substrates: A Chemical Force Microscopy Study",2015,"Langmuir","31","37",,"10233","10245",,3,10.1021/acs.langmuir.5b02633,"https://www.scopus.com/inward/record.uri?eid=2-s2.0-84942134193&doi=10.1021%2facs.langmuir.5b02633&partnerID=40&md5=02dbe76c5e6aea66e0d6affaf54cc7a7",Article,Scopus,2-s2.0-84942134193
"Arslan, B., Quisenberry, C., Saunders, S.R., Abu-Lail, N.I.","Solvent influence on dodecanethiol interactions measured by atomic force microscopy",2015,"Nanoscale Science and Engineering Forum 2015 - Core Programming Area at the 2015 AIChE Annual Meeting",,,,"390","392",,,,"https://www.scopus.com/inward/record.uri?eid=2-s2.0-84969594463&partnerID=40&md5=c1228f78eddf6dbc04b7739a0f4387f9",Conference Paper,Scopus,2-s2.0-84969594463
"Kranov, A.A., Deboer, J., Abu-Lail, N.","Factors affecting the educational and occupational trajectories of women in engineering in five comparative national settings",2015,"Proceedings of 2014 International Conference on Interactive Collaborative Learning, ICL 2014",,, 7017936,"21","28",,1,10.1109/ICL.2014.7017936,"https://www.scopus.com/inward/record.uri?eid=2-s2.0-84922857702&doi=10.1109%2fICL.2014.7017936&partnerID=40&md5=0391d71e859cf64b6b1771c76c20dae4",Conference Paper,Scopus,2-s2.0-84922857702
"Quisenberry, C., Nazempour, A., Van Wie, B.J., Abu-Lail, N.I.","β1-Integrin surface expression on adipose stem cells cultured in a centrifugal bioreactor with TGF-β3 and cyclic hydrostatic pressure",2015,"Food, Pharmaceutical and Bioengineering Division 2015 - Core Programming Area at the 2015 AIChE Meeting","2",,,"863","",,,,"https://www.scopus.com/inward/record.uri?eid=2-s2.0-84970026495&partnerID=40&md5=040e77910e89f29ee6da6fa0c9db090f",Conference Paper,Scopus,2-s2.0-84970026495
"Abu-Lail, N., Quisenberry, C.R., Nazempour, A., Wie, B.V.","Engineering of articular cartilage: Challenges and prospects",2015,"Chemical Engineers in Medicine 2015 - Topical Conference at the 2015 AIChE Annual Meeting",,,,"87","",,,,"https://www.scopus.com/inward/record.uri?eid=2-s2.0-84969917153&partnerID=40&md5=7acf4a70cf5f91c4e7a1c01f70c7b985",Conference Paper,Scopus,2-s2.0-84969917153
"Arslan, B., Quisenberry, C., Saunders, S.R., Abu-Lail, N.I.","Solvent influence on dodecanethiol interactions measured by atomic force microscopy",2015,"Materials Engineering and Sciences Division 2015 - Core Programming Area at the 2015 AIChE Annual Meeting",,,,"761","763",,,,"https://www.scopus.com/inward/record.uri?eid=2-s2.0-84969597531&partnerID=40&md5=b22d7d6f3e962515738b4f5837fc3501",Conference Paper,Scopus,2-s2.0-84969597531
"Arslan, B., Colpan, M., Ju, X., Zhang, X., Abu-Lail, N.I.","A quantitative determination of the specific and nonspecific interaction forces between carbohydrate-binding module of CBH1/Cel7A and lignocellulosic biomass",2015,"Sustainable Engineering Forum 2015 - Core Programming Area at the 2015 AIChE Annual Meeting",,,,"211","213",,,,"https://www.scopus.com/inward/record.uri?eid=2-s2.0-84971260970&partnerID=40&md5=5795827039eca04800d22faaeddb64f7",Conference Paper,Scopus,2-s2.0-84971260970
"Arslan, B., Colpan, M., Ju, X., Zhang, X., Abu-Lail, N.I.","A Quantitative Determination of the Specific and Nonspecific Interaction Forces Between Carbohydrate-Binding Module of CBH1/Cel7A and Lignocellulosic Biomass",2015,"Forest and Plant Bioproducts Division 2015 - Core Programming Area at the 2015 AIChE Annual Meeting",,,,"55","57",,,,"https://www.scopus.com/inward/record.uri?eid=2-s2.0-84968928016&partnerID=40&md5=34d99609605e5fd7185a5bf3c4134c8c",Conference Paper,Scopus,2-s2.0-84968928016
"Lone, A.G., Atci, E., Renslow, R., Beyenal, H., Noh, S., Fransson, B., Abu-Lail, N., Park, J.-J., Gang, D.R., Call, D.R.","Colonization of epidermal tissue by Staphylococcus aureus produces localized hypoxia and stimulates secretion of antioxidant and caspase-14 proteins",2015,"Infection and Immunity","83","8",,"3026","3034",,4,10.1128/IAI.00175-15,"https://www.scopus.com/inward/record.uri?eid=2-s2.0-84937804727&doi=10.1128%2fIAI.00175-15&partnerID=40&md5=ada11e4193d4f4860fa8c42a7c0562f0",Article,Scopus,2-s2.0-84937804727
"Lone, A.G., Atci, E., Renslow, R., Beyenal, H., Noh, S., Fransson, B., Abu-Lail, N., Park, J.-J., Gang, D.R., Call, D.R.","Staphylococcus aureus induces hypoxia and cellular damage in porcine dermal explants",2015,"Infection and Immunity","83","6",,"2531","2541",,10,10.1128/IAI.03075-14,"https://www.scopus.com/inward/record.uri?eid=2-s2.0-84929494264&doi=10.1128%2fIAI.03075-14&partnerID=40&md5=cd7bf4fd3521bd6d581ec49dcb8cba70",Article,Scopus,2-s2.0-84929494264
"Arslan, B., Abu-Lail, N.I.","Applications of atomic force microscopy for cellulosic materials",2014,"Atomic Force Microscopy (AFM): Principles, Modes of Operation and Limitations",,,,"45","79",,,,"https://www.scopus.com/inward/record.uri?eid=2-s2.0-84958601676&partnerID=40&md5=ea3dc582e6a066d8d9b3da068efc17f3",Book Chapter,Scopus,2-s2.0-84958601676
"Quisenberry, C., Abu-Lail, N.I.","Atomic force microscopy investigations of articular cartilage",2014,"Atomic Force Microscopy (AFM): Principles, Modes of Operation and Limitations",,,,"283","309",,,,"https://www.scopus.com/inward/record.uri?eid=2-s2.0-84958610501&partnerID=40&md5=7e3746b7b17eb5db79237d7ebf556944",Book Chapter,Scopus,2-s2.0-84958610501
"Eskhan, A.O., Abu-Lail, N.I.","A new approach to decoupling of bacterial adhesion energies measured by AFM into specific and nonspecific components",2014,"Colloid and Polymer Science","292","2",,"343","353",,5,10.1007/s00396-013-3017-7,"https://www.scopus.com/inward/record.uri?eid=2-s2.0-84895893390&doi=10.1007%2fs00396-013-3017-7&partnerID=40&md5=18879f8179a2ea8592ea82b046f13097",Article,Scopus,2-s2.0-84895893390
"Park, B.-J., Gordesli, F.P., Abu-Lail, N.I.","The role of pH conditions of growth in the specificity of interaction forces measured between pathogenic L. monocytogenes and silicon nitride",2014,"Journal of Bionanoscience","8","6",,"473","484",,,10.1166/jbns.2014.1266,"https://www.scopus.com/inward/record.uri?eid=2-s2.0-84929627564&doi=10.1166%2fjbns.2014.1266&partnerID=40&md5=b7bf1a265945dab67d0fbf1e152d76da",Article,Scopus,2-s2.0-84929627564
"Al-Hamarneh, I., Pedrow, P., Eskhan, A., Abu-Lail, N.","Synthesis and characterization of di(ethylene glycol) vinyl ether films deposited by atmospheric pressure corona discharge plasma",2013,"Surface and Coatings Technology","234",,,"33","41",,2,10.1016/j.surfcoat.2013.06.112,"https://www.scopus.com/inward/record.uri?eid=2-s2.0-84885423001&doi=10.1016%2fj.surfcoat.2013.06.112&partnerID=40&md5=52febaa8a1f98a6b005f13682ae47d5b",Article,Scopus,2-s2.0-84885423001
"Arasteh, A., Clark, C.M., Van Wie, B.J., Abu-lail, N.I., Adesope, O., Brown, S.A.","Work in progress:Development of hands-on desktop learning modules for bioengineering courses",2013,"ASEE Annual Conference and Exposition, Conference Proceedings",,,,"","",15,,,"https://www.scopus.com/inward/record.uri?eid=2-s2.0-84884306562&partnerID=40&md5=4c770fb4158cfa12ea4fcf7f6fdc6fa8",Conference Paper,Scopus,2-s2.0-84884306562
"Brown, E.E., Hu, D., Abu Lail, N., Zhang, X.","Potential of nanocrystalline cellulose-fibrin nanocomposites for artificial vascular graft applications",2013,"Biomacromolecules","14","4",,"1063","1071",,21,10.1021/bm3019467,"https://www.scopus.com/inward/record.uri?eid=2-s2.0-84875985408&doi=10.1021%2fbm3019467&partnerID=40&md5=85c54c50428d3e14bbcd5085646873bf",Article,Scopus,2-s2.0-84875985408
"Kawas, L.H., Benoist, C.C., Harding, J.W., Wayman, G.A., Abu-Lail, N.I.","Nanoscale mapping of the Met receptor on hippocampal neurons by AFM and confocal microscopy",2013,"Nanomedicine: Nanotechnology, Biology, and Medicine","9","3",,"428","438",,9,10.1016/j.nano.2012.08.008,"https://www.scopus.com/inward/record.uri?eid=2-s2.0-84875489535&doi=10.1016%2fj.nano.2012.08.008&partnerID=40&md5=f48539ad197350ca860e4ed8c8750b2c",Article,Scopus,2-s2.0-84875489535
"Eskhan, A.O., Abu-Lail, N.I.","Cellular and molecular investigations of the adhesion and mechanics of Listeria monocytogenes lineages' I and II environmental and epidemic strains",2013,"Journal of Colloid and Interface Science","394","1",,"554","563",,2,10.1016/j.jcis.2012.11.038,"https://www.scopus.com/inward/record.uri?eid=2-s2.0-84873725610&doi=10.1016%2fj.jcis.2012.11.038&partnerID=40&md5=59a2529405170a7ba02c59a5494b07fa",Article,Scopus,2-s2.0-84873725610
"Abu-Lail, N.I., Beyenal, H.","Characterization of Bacteria-Biomaterial Interactions, from a Single Cell to Biofilms",2013,"Characterization of Biomaterials",,,,"207","253",,1,10.1016/B978-0-12-415800-9.00006-1,"https://www.scopus.com/inward/record.uri?eid=2-s2.0-84902015850&doi=10.1016%2fB978-0-12-415800-9.00006-1&partnerID=40&md5=3bd3b1db76ed4065e1a146116d0e6a24",Book Chapter,Scopus,2-s2.0-84902015850
"Gordesli, F.P., Abu-Lail, N.I.","Impact of ionic strength of growth on the physiochemical properties, structure, and adhesion of Listeria monocytogenes polyelectrolyte brushes to a silicon nitride surface in water",2012,"Journal of Colloid and Interface Science","388","1",,"257","267",,4,10.1016/j.jcis.2012.08.048,"https://www.scopus.com/inward/record.uri?eid=2-s2.0-84867395872&doi=10.1016%2fj.jcis.2012.08.048&partnerID=40&md5=46fd66d6286d9f823cdd043861c0bfbb",Article,Scopus,2-s2.0-84867395872
"Al-Hamarneh, I., Pedrow, P., Eskhan, A., Abu-Lail, N.","Hydrophilic property of 316L stainless steel after treatment by atmospheric pressure corona streamer plasma using surface-sensitive analyses",2012,"Applied Surface Science","259",,,"424","432",,4,10.1016/j.apsusc.2012.07.061,"https://www.scopus.com/inward/record.uri?eid=2-s2.0-84866037979&doi=10.1016%2fj.apsusc.2012.07.061&partnerID=40&md5=ccee909c84311fbcdac88858c516f1a2",Article,Scopus,2-s2.0-84866037979
"Gordesli, F.P., Abu-Lail, N.I.","Combined poisson and soft-particle DLVO analysis of the specific and nonspecific adhesion forces measured between L. monocytogenes grown at various temperatures and silicon nitride",2012,"Environmental Science and Technology","46","18",,"10089","10098",,13,10.1021/es300653w,"https://www.scopus.com/inward/record.uri?eid=2-s2.0-84866362635&doi=10.1021%2fes300653w&partnerID=40&md5=08607ee285fb6371bb64f326774c6d7c",Article,Scopus,2-s2.0-84866362635
"Abu-Lail, N.I., Phang, F.A., Kranov, A.A., Mohd-Yusof, K., Olsen, R.G., Williams, R.L., Abidin, A.Z.","Persistent gender inequity in us undergraduate engineering: Looking to Jordan and Malaysia for factors to their success in achieving gender parity",2012,"ASEE Annual Conference and Exposition, Conference Proceedings",,,,"","",34,1,,"https://www.scopus.com/inward/record.uri?eid=2-s2.0-84889933442&partnerID=40&md5=5bcb319aeac51b798c3f64bcb083119a",Conference Paper,Scopus,2-s2.0-84889933442
"Gordesli, F.P., Abu-Lail, N.I.","The role of growth temperature in the adhesion and mechanics of pathogenic L. monocytogenes: An AFM study",2012,"Langmuir","28","2",,"1360","1373",,18,10.1021/la203639k,"https://www.scopus.com/inward/record.uri?eid=2-s2.0-84855963735&doi=10.1021%2fla203639k&partnerID=40&md5=7c88dd573003d31f9c3066a352ee00e5",Article,Scopus,2-s2.0-84855963735
"Orellana, J., Quiroa, F., Abu-Lail, A.I., Abu-Lail, N.I.","A step towards the development of a wet cellular bioengineering laboratory",2011,"ASEE Annual Conference and Exposition, Conference Proceedings",,,,"","",17,,,"https://www.scopus.com/inward/record.uri?eid=2-s2.0-80051877490&partnerID=40&md5=f00d2c7041385a2115ad2cd822b11bd9",Conference Paper,Scopus,2-s2.0-80051877490
"Park, B.-J., Abu-Lail, N.I.","The role of the pH conditions of growth on the bioadhesion of individual and lawns of pathogenic Listeria monocytogenes cells",2011,"Journal of Colloid and Interface Science","358","2",,"611","620",,12,10.1016/j.jcis.2011.03.025,"https://www.scopus.com/inward/record.uri?eid=2-s2.0-79955116069&doi=10.1016%2fj.jcis.2011.03.025&partnerID=40&md5=c28b53abe2059a8bfdf7bc13cbd13283",Article,Scopus,2-s2.0-79955116069
"Park, B.J., Abu-Lail, N.I.","Atomic force microscopy investigations of heterogeneities in the adhesion energies measured between pathogenic and non-pathogenic Listeria species and silicon nitride as they correlate to virulence and adherence.",2011,"Biofouling","27","5",,"543","559",,13,10.1080/08927014.2011.584129,"https://www.scopus.com/inward/record.uri?eid=2-s2.0-80052528924&doi=10.1080%2f08927014.2011.584129&partnerID=40&md5=c3eeff11952984affcc2be3b7ef467d2",Article,Scopus,2-s2.0-80052528924
"Park, B., Abu-Lail, N.I.","Erratum: Variations in the nanomechanical properties of virulent and avirulent Listeria monocytogenes (Soft Matter (2010) 6 DOI: 10.1039/b927260g)",2010,"Soft Matter","6","24",,"6209","",,1,10.1039/c0sm90051f,"https://www.scopus.com/inward/record.uri?eid=2-s2.0-78649689797&doi=10.1039%2fc0sm90051f&partnerID=40&md5=99393c56a180d2b6210497c3b3553820",Erratum,Scopus,2-s2.0-78649689797
"Park, B., Abu-Lail, N.I.","Variations in the nanomechanical properties of virulent and avirulent Listeria monocytogenes",2010,"Soft Matter","6","16",,"3898","3909",,17,10.1039/b927260g,"https://www.scopus.com/inward/record.uri?eid=2-s2.0-77955388030&doi=10.1039%2fb927260g&partnerID=40&md5=7acfbab0ca3fb6f55cc6df905f978c2c",Article,Scopus,2-s2.0-77955388030
"Haque, Md.M., Kalyanaraman, A., Dhingra, A., Abu-Lail, N., Graybeal, K.","DNAjig: A new approach for building DNA nanostructures",2009,"2009 IEEE International Conference on Bioinformatics and Biomedicine, BIBM 2009",,, 5341752,"379","383",,1,10.1109/BIBM.2009.71,"https://www.scopus.com/inward/record.uri?eid=2-s2.0-74549217258&doi=10.1109%2fBIBM.2009.71&partnerID=40&md5=ffe06bd5c430159023468619b8226174",Conference Paper,Scopus,2-s2.0-74549217258
"Park, B.-J., Haines, T., Abu-Lail, N.I.","A correlation between the virulence and the adhesion of Listeria monocytogenes to silicon nitride: An atomic force microscopy study",2009,"Colloids and Surfaces B: Biointerfaces","73","2",,"237","243",,29,10.1016/j.colsurfb.2009.05.027,"https://www.scopus.com/inward/record.uri?eid=2-s2.0-68549118683&doi=10.1016%2fj.colsurfb.2009.05.027&partnerID=40&md5=8e99d518d9182047ee84fdbff2753d33",Article,Scopus,2-s2.0-68549118683
"Chang, D.P., Abu-Lail, N.I., Coles, J.M., Guilak, F., Jay, G.D., Zauscher, S.","Friction force microscopy of lubricin and hyaluronic acid between hydrophobic and hydrophilic surfaces",2009,"Soft Matter","5","18",,"3438","3445",,50,10.1039/b907155e,"https://www.scopus.com/inward/record.uri?eid=2-s2.0-70049099566&doi=10.1039%2fb907155e&partnerID=40&md5=6db4e89632c9a8bf9dec7a7fe9a0f877",Article,Scopus,2-s2.0-70049099566
"Abu-Lail, N.I.","An atomic force microscopy look at the molecular world of living bacteria",2008,"ACS Symposium Series","984",,,"133","161",,1,10.1021/bk-2008-0984.ch009,"https://www.scopus.com/inward/record.uri?eid=2-s2.0-84905563167&doi=10.1021%2fbk-2008-0984.ch009&partnerID=40&md5=a1637af5f12a06b05397503fd5907145",Conference Paper,Scopus,2-s2.0-84905563167
"Abu-Lail, N.I., Camesano, T.A.","Specific and nonspecific interaction forces between escherichia coli and silicon nitride, determined by poisson statistical analysis (Langmuir (2006) 22 (7296-7301))",2008,"Langmuir","24","8",,"4420","",,3,10.1021/la800552s,"https://www.scopus.com/inward/record.uri?eid=2-s2.0-42449095943&doi=10.1021%2fla800552s&partnerID=40&md5=faae9a4894f363c4e4ad1c1ca7c2889b",Erratum,Scopus,2-s2.0-42449095943
"Chang, D.P., Abu-Lail, N.I., Guilak, F., Jay, G.D., Zauscher, S.","Conformational mechanics, adsorption, and normal force interactions of lubricin and hyaluronic acid on model surfaces",2008,"Langmuir","24","4",,"1183","1193",,66,10.1021/la702366t,"https://www.scopus.com/inward/record.uri?eid=2-s2.0-40449135758&doi=10.1021%2fla702366t&partnerID=40&md5=23934feba775654fc2bfed0ae88fdba9",Article,Scopus,2-s2.0-40449135758
"Valiaev, A., Abu-Lail, N.I., Dong, W.L., Chilkoti, A., Zauscher, S.","Microcantilever sensing and actuation with end-grafted stimulus-responsive elastin-like polypeptides",2007,"Langmuir","23","1",,"339","344",,37,10.1021/la0616698,"https://www.scopus.com/inward/record.uri?eid=2-s2.0-33846351959&doi=10.1021%2fla0616698&partnerID=40&md5=0c5745ed2dc944eb69897dc79fe5f267",Article,Scopus,2-s2.0-33846351959
"Lam, Y., Abu-Lail, N.I., Alam, M.S., Zauscher, S.","Using microcantilever deflection to detect HIV-1 envelope glycoprotein gp120",2006,"Nanomedicine: Nanotechnology, Biology, and Medicine","2","4",,"222","229",,26,10.1016/j.nano.2006.10.002,"https://www.scopus.com/inward/record.uri?eid=2-s2.0-33845294813&doi=10.1016%2fj.nano.2006.10.002&partnerID=40&md5=55cdc00735cc21d685ef9641894902d4",Article,Scopus,2-s2.0-33845294813
"Loveless, D.M., Abu-Lail, N.I., Kaholek, M., Zauscher, S., Craig, S.L.","Reversibly cross-linked surface-grafted polymer brushes",2006,"Angewandte Chemie - International Edition","45","46",,"7812","7814",,25,10.1002/anie.200602508,"https://www.scopus.com/inward/record.uri?eid=2-s2.0-33845344372&doi=10.1002%2fanie.200602508&partnerID=40&md5=416e3d8d137bbcf0f3d3a2594c5e4b2c",Article,Scopus,2-s2.0-33845344372
"Abu-Lail, N.I., Camesano, T.A.","Specific and nonspecific interaction forces between escherichia coli and silicon nitride, determined by poisson statistical analysis",2006,"Langmuir","22","17",,"7296","7301",,57,10.1021/la0533415,"https://www.scopus.com/inward/record.uri?eid=2-s2.0-33748556515&doi=10.1021%2fla0533415&partnerID=40&md5=55804c913612ac0befe3add87880ed8b",Article,Scopus,2-s2.0-33748556515
"Abu-Lail, N.I., Camesano, T.A.","The effect of solvent polarity on the molecular surface properties and adhesion of Escherichia coli",2006,"Colloids and Surfaces B: Biointerfaces","51","1",,"62","70",,24,10.1016/j.colsurfb.2006.05.009,"https://www.scopus.com/inward/record.uri?eid=2-s2.0-33746198010&doi=10.1016%2fj.colsurfb.2006.05.009&partnerID=40&md5=ea1ee64da24b3e7e5ec9db8876e1ad9d",Article,Scopus,2-s2.0-33746198010
"Abu-Lail, N., Jay, G.D., Coles, J., Guilak, F., Zauscher, S.","Friction reducing properties of lubricin (PRG4): A nanoscale study of chondroprotection",2006,"European Cells and Materials","12","SUPPL.1",,"48","",,,,"https://www.scopus.com/inward/record.uri?eid=2-s2.0-84860753858&partnerID=40&md5=be49f3de6f235e55117eb4d24b0a19e7",Conference Paper,Scopus,2-s2.0-84860753858
"Abu-Lail, N.I., Ohashi, T., Clark, R.L., Erickson, H.P., Zauscher, S.","Understanding the elasticity of fibronectin fibrils: Unfolding strengths of FN-III and GFP domains measured by single molecule force spectroscopy",2006,"Matrix Biology","25","3",,"175","184",,42,10.1016/j.matbio.2005.10.007,"https://www.scopus.com/inward/record.uri?eid=2-s2.0-33645417227&doi=10.1016%2fj.matbio.2005.10.007&partnerID=40&md5=90deb44e5ca92ee858026e73d039a878",Article,Scopus,2-s2.0-33645417227
"Abu-Lail, N.I., Kaholek, M., LaMattina, B., Clark, R.L., Zauscher, S.","Micro-cantilevers with end-grafted stimulus-responsive polymer brushes for actuation and sensing",2006,"Sensors and Actuators, B: Chemical","114","1",,"371","378",,98,10.1016/j.snb.2005.06.003,"https://www.scopus.com/inward/record.uri?eid=2-s2.0-33244477839&doi=10.1016%2fj.snb.2005.06.003&partnerID=40&md5=6748c17f13fc5d88eae9a662f8eb7059",Article,Scopus,2-s2.0-33244477839
"Azzam, M.O.J., Al-Malah, K.I., Abu-Lail, N.I.","Dynamic Post-treatment Response of Olive Mill Effluent Wastewater Using Activated Carbon",2004,"Journal of Environmental Science and Health - Part A Toxic/Hazardous Substances and Environmental Engineering","39","1",,"269","280",,24,10.1081/ESE-120027383,"https://www.scopus.com/inward/record.uri?eid=2-s2.0-1342300543&doi=10.1081%2fESE-120027383&partnerID=40&md5=a521c9f22bd12027bd9014feab75b972",Article,Scopus,2-s2.0-1342300543
"Abu-Lail, N.I., Camesano, T.A.","Polysaccharide properties probed with atomic force microscopy",2003,"Journal of Microscopy","212","3",,"217","238",,97,10.1111/j.1365-2818.2003.01261.x,"https://www.scopus.com/inward/record.uri?eid=2-s2.0-0346880525&doi=10.1111%2fj.1365-2818.2003.01261.x&partnerID=40&md5=f217ba6e60490f9207e78d8abf870803",Review,Scopus,2-s2.0-0346880525
"Abu-Lail, N.I., Camesano, T.A.","Role of ionic strength on the relationship of biopolymer conformation, DLVO contributions, and steric interactions to bioadhesion of pseudomonas putida KT2442",2003,"Biomacromolecules","4","4",,"1000","1012",,115,10.1021/bm034055f,"https://www.scopus.com/inward/record.uri?eid=2-s2.0-0042698365&doi=10.1021%2fbm034055f&partnerID=40&md5=b42928433ec0d2a39a22377852ae0f6a",Article,Scopus,2-s2.0-0042698365
"Abu-Lail, N.I., Camesano, T.A.","Role of lipopolysaccharides in the adhesion, retention, and transport of Escherichia coli JM109",2003,"Environmental Science and Technology","37","10",,"2173","2183",,127,10.1021/es026159o,"https://www.scopus.com/inward/record.uri?eid=2-s2.0-0038293265&doi=10.1021%2fes026159o&partnerID=40&md5=798a1befc02f41028da85ba98adac724",Article,Scopus,2-s2.0-0038293265
"Camesano, T.A., Abu-Lail, N.I.","Heterogeneity in bacterial surface polysaccharides, probed on a single-molecule basis",2002,"Biomacromolecules","3","4",,"661","667",,81,10.1021/bm015648y,"https://www.scopus.com/inward/record.uri?eid=2-s2.0-0036059589&doi=10.1021%2fbm015648y&partnerID=40&md5=1b071262015c1d3f2ff392c7777bc195",Article,Scopus,2-s2.0-0036059589
"Abu-Lail, N.I., Camesano, T.A.","Elasticity of pseudomonas putida KT2442 surface polymers probed with single-molecule force microscopy",2002,"Langmuir","18","10",,"4071","4081",,67,10.1021/la015695b,"https://www.scopus.com/inward/record.uri?eid=2-s2.0-0037076617&doi=10.1021%2fla015695b&partnerID=40&md5=f445c037531ef41f2c052d646f8056ad",Article,Scopus,2-s2.0-0037076617
"Al-Malah, K., Azzam, M.O.J., Abu-Lail, N.I.","Olive mills effluent (OME) wastewater post-treatment using activated clay",2000,"Separation and Purification Technology","20","2-3",,"225","234",,105,10.1016/S1383-5866(00)00114-3,"https://www.scopus.com/inward/record.uri?eid=2-s2.0-0034285107&doi=10.1016%2fS1383-5866%2800%2900114-3&partnerID=40&md5=9e1947674a5d2b621909c42d6959afe9",Article,Scopus,2-s2.0-0034285107
